Distance_(microns)	Gray_Value
0.000	22.0000
0.104	31.4746
0.208	31.2178
0.311	24.0944
0.415	29.4275
0.519	33.1992
0.623	33.0620
0.726	23.9595
0.830	23.0906
0.934	27.5227
1.038	40.0178
1.142	30.6960
1.245	26.3977
1.349	25.1370
1.453	34.9225
1.557	26.8345
1.661	27.0847
1.764	26.1532
1.868	27.1282
1.972	32.7225
2.076	34.5592
2.179	20.7383
2.283	14.3330
2.387	20.6663
2.491	20.1051
2.595	15.8952
2.698	11.9563
2.802	13.0052
2.906	13.7003
3.010	13.8137
3.113	11.9425
3.217	10.5939
3.321	8.7071
3.425	9.8143
3.529	8.3004
3.632	8.1963
3.736	8.0000
3.840	8.0000
3.944	10.8573
4.048	10.4061
4.151	10.5299
4.255	14.2480
4.359	14.8655
4.463	23.6330
4.566	40.2222
4.670	32.0084
4.774	29.6704
4.878	28.4155
4.982	23.2822
5.085	25.7311
5.189	23.6982
5.293	31.0099
5.397	16.2240
5.501	27.4009
5.604	23.1069
5.708	17.7350
5.812	14.1607
5.916	10.8458
6.019	10.8682
6.123	9.6569
6.227	8.0842
6.331	12.6799
6.435	8.7476
6.538	8.8494
6.642	12.5783
6.746	13.2937
6.850	10.0087
6.953	16.2635
7.057	14.3823
7.161	13.5693
7.265	17.6215
7.369	18.6532
7.472	20.8803
7.576	28.7176
7.680	39.7574
7.784	35.5783
7.888	34.4848
7.991	27.9023
8.095	25.4142
8.199	22.3494
8.303	18.4461
8.406	9.7570
8.510	6.6076
8.614	10.4156
8.718	10.7940
8.822	9.9397
8.925	8.5828
9.029	9.5028
9.133	9.3454
9.237	12.6035
9.340	10.0482
9.444	9.8575
9.548	14.3988
9.652	18.6658
9.756	26.4286
9.859	29.0903
9.963	28.7355
10.067	35.1180
10.171	38.3673
10.275	37.3754
10.378	41.0640
10.482	45.9852
10.586	31.5913
10.690	22.6764
10.793	18.9366
10.897	16.2378
11.001	14.6076
11.105	8.7242
11.209	11.9763
11.312	16.1467
11.416	7.6199
11.520	9.5004
11.624	10.9211
11.728	8.9569
11.831	11.6757
11.935	15.8623
12.039	12.3795
12.143	18.7296
12.246	24.9298
12.350	19.7136
12.454	29.5844
12.558	32.8695
12.662	29.7797
12.765	35.8065
12.869	43.2488
12.973	43.0024
13.077	42.3011
13.180	25.1226
13.284	20.4463
13.388	16.3667
13.492	20.0751
13.596	9.7428
13.699	6.8873
13.803	7.2322
13.907	7.9677
14.011	8.1830
14.115	7.9599
14.218	8.8072
14.322	10.6245
14.426	11.8530
14.530	9.9041
14.633	15.6620
14.737	11.6586
14.841	17.6558
14.945	17.3302
15.049	22.1620
15.152	29.5916
15.256	25.6949
15.360	30.7720
15.464	35.1756
15.567	36.9014
15.671	31.6905
15.775	37.8450
15.879	36.0551
15.983	44.1849
16.086	41.1620
16.190	31.1943
16.294	31.3125
16.398	40.3999
16.502	33.3476
16.605	32.9123
16.709	40.4835
16.813	30.0181
16.917	27.6416
17.020	29.5006
17.124	22.6039
17.228	17.4973
17.332	15.4568
17.436	18.0035
17.539	13.7268
17.643	14.3166
17.747	10.2707
17.851	8.3243
17.954	9.5265
18.058	9.7673
18.162	7.7186
18.266	7.3514
18.370	7.0262
18.473	10.6901
18.577	9.8139
18.681	13.2552
18.785	20.4301
18.889	27.2964
18.992	24.3578
19.096	30.5460
19.200	41.4729
19.304	42.0809
19.407	28.4229
19.511	25.1699
19.615	24.4532
19.719	25.5432
19.823	22.1108
19.926	21.8778
20.030	16.4914
20.134	14.0914
20.238	12.9494
20.342	14.8726
20.445	18.4871
20.549	17.6951
20.653	19.0444
20.757	28.2673
20.860	28.5193
20.964	35.6351
21.068	38.3196
21.172	40.9784
21.276	44.2798
21.379	40.2098
21.483	47.3870
21.587	41.9773
21.691	35.1789
21.794	29.2304
21.898	44.8574
22.002	25.7214
22.106	16.5283
22.210	16.9690
22.313	15.6761
22.417	8.4432
22.521	8.3669
22.625	8.8219
22.729	8.3749
22.832	6.1613
22.936	6.9141
23.040	9.9072
23.144	9.2806
23.247	9.8416
23.351	14.2116
23.455	9.8494
23.559	12.1577
23.663	21.0431
23.766	31.7677
23.870	30.6114
23.974	41.4976
24.078	41.0351
24.181	43.4710
24.285	49.8832
24.389	47.5059
24.493	47.5833
24.597	45.7063
24.700	46.3592
24.804	41.1871
24.908	32.2451
25.012	20.2219
25.116	17.5620
25.219	13.1637
25.323	12.0652
25.427	9.7162
25.531	8.6852
25.634	10.1373
25.738	9.0110
25.842	10.0259
25.946	8.1996
26.050	7.7631
26.153	7.6921
26.257	9.7579
26.361	10.1620
26.465	12.2971
26.569	14.6431
26.672	16.1894
26.776	24.8887
26.880	33.6403
26.984	40.0628
27.087	45.4327
27.191	45.1091
27.295	39.5788
27.399	34.5455
27.503	43.3546
27.606	38.3327
27.710	27.6065
27.814	16.8995
27.918	14.7980
28.021	15.3863
28.125	10.5250
28.229	8.1816
28.333	9.0536
28.437	12.6816
28.540	9.5624
28.644	8.6742
28.748	7.2961
28.852	9.1492
28.956	8.7277
29.059	12.2660
29.163	14.5996
29.267	20.3091
29.371	18.0606
29.474	30.2231
29.578	31.8530
29.682	42.4539
29.786	38.5183
29.890	46.6395
29.993	39.9528
30.097	37.9110
30.201	35.5624
30.305	30.2116
30.408	33.1572
30.512	21.2614
30.616	15.4756
30.720	18.8771
30.824	17.4481
30.927	12.4660
31.031	7.7176
31.135	8.7528
31.239	7.4445
31.343	10.3226
31.446	10.3987
31.550	17.4462
31.654	18.4166
31.758	17.7497
31.861	21.4028
31.965	21.8554
32.069	33.8608
32.173	45.1968
32.277	29.9077
32.380	27.6453
32.484	28.2417
32.588	33.1830
32.692	24.1204
32.796	15.4883
32.899	15.0023
33.003	16.0399
33.107	15.5394
33.211	10.9289
33.314	11.1533
33.418	8.7925
33.522	9.2268
33.626	9.9676
33.730	11.0064
33.833	9.3413
33.937	10.7257
34.041	8.9607
34.145	13.7341
34.248	19.3635
34.352	20.6560
34.456	30.2288
34.560	25.1032
34.664	29.1737
34.767	32.8474
34.871	41.6708
34.975	53.0606
35.079	40.4890
35.183	29.6335
35.286	30.5871
35.390	33.1510
35.494	34.7714
35.598	30.1491
35.701	23.7167
35.805	19.7887
35.909	13.5167
36.013	14.0709
36.117	12.3792
36.220	14.4881
36.324	9.2467
36.428	8.4406
36.532	7.4431
36.635	8.3611
36.739	6.6666
36.843	10.5445
36.947	12.9227
37.051	10.9524
37.154	8.9848
37.258	15.2908
37.362	16.1421
37.466	15.7883
37.570	13.5925
37.673	14.0984
37.777	19.7338
37.881	23.8811
37.985	28.1856
38.088	14.0426
38.192	21.4312
38.296	20.5508
38.400	14.4785
38.504	18.0139
38.607	21.0812
38.711	13.0535
38.815	17.3345
38.919	19.9649
39.022	20.5833
39.126	23.8413
39.230	27.5728
39.334	23.4553
39.438	17.8768
39.541	14.2850
39.645	16.1306
39.749	10.2172
39.853	10.0575
39.957	12.3515
40.060	14.7752
40.164	12.4270
40.268	7.8493
40.372	8.0013
40.475	7.1616
40.579	6.8185
40.683	8.4782
40.787	8.8160
40.891	9.6310
40.994	12.0267
41.098	12.1037
41.202	13.4595
41.306	16.3686
41.410	20.5139
41.513	22.0042
41.617	19.2100
41.721	21.4399
41.825	23.6994
41.928	25.8360
42.032	42.2191
42.136	33.2955
42.240	34.8125
42.344	30.8347
42.447	30.5328
42.551	29.8812
42.655	33.1807
42.759	35.8204
42.862	29.5225
42.966	26.4259
43.070	27.6162
43.174	16.0703
43.278	21.5280
43.381	22.3326
43.485	13.3887
43.589	12.9964
43.693	9.8096
43.797	15.0154
43.900	8.4290
44.004	8.1083
44.108	9.0889
44.212	10.3641
44.315	5.5187
44.419	6.0104
44.523	7.2827
44.627	9.8046
44.731	13.5458
44.834	9.6203
44.938	11.2187
45.042	14.0209
45.146	18.1355
45.249	16.6456
45.353	18.1190
45.457	19.6644
45.561	29.6481
45.665	37.5408
45.768	36.2007
45.872	32.2381
45.976	26.9737
46.080	33.3158
46.184	30.7903
46.287	26.9871
46.391	26.1023
46.495	23.1650
46.599	29.7590
46.702	24.2982
46.806	16.8705
46.910	15.4388
47.014	18.0233
47.118	12.6065
47.221	11.5729
47.325	8.2408
47.429	8.8422
47.533	10.0594
47.637	9.5116
47.740	11.0487
47.844	8.4445
47.948	8.7380
48.052	11.0505
48.155	12.4384
48.259	11.4280
48.363	16.3616
48.467	18.8613
48.571	23.9735
48.674	25.1418
48.778	20.7819
48.882	21.2297
48.986	14.5407
49.089	15.4933
49.193	17.1172
49.297	15.6332
49.401	15.9113
49.505	10.0687
49.608	9.9077
49.712	9.5858
49.816	11.2448
49.920	9.6306
50.024	10.3448
50.127	10.7143
50.231	10.6231
50.335	12.8595
50.439	12.4992
50.542	14.0346
50.646	12.7456
50.750	11.1783
50.854	10.6825
50.958	15.2349
51.061	16.7130
51.165	13.1680
51.269	12.9926
51.373	16.6393
51.476	23.1731
51.580	17.4473
51.684	17.9251
51.788	18.1366
51.892	22.8871
51.995	37.3389
52.099	32.5027
52.203	34.7953
52.307	34.6416
52.411	32.3242
52.514	33.8461
52.618	32.9099
52.722	29.0713
52.826	21.8224
52.929	14.0150
53.033	11.4464
53.137	9.2764
53.241	10.3350
53.345	9.1676
53.448	7.1897
53.552	7.8687
53.656	7.4151
53.760	9.1154
53.863	8.1005
53.967	10.2942
54.071	9.0456
54.175	10.8080
54.279	9.5374
54.382	14.0920
54.486	19.5664
54.590	20.6782
54.694	25.5028
54.798	28.1077
54.901	21.4201
55.005	31.8005
55.109	42.3035
55.213	40.9456
55.316	37.4731
55.420	35.1202
55.524	33.9792
55.628	34.3007
55.732	32.0931
55.835	22.6979
55.939	16.6785
56.043	26.9956
56.147	16.8461
56.251	15.8913
56.354	12.6445
56.458	9.3579
56.562	12.1856
56.666	6.6416
56.769	7.8087
56.873	10.6542
56.977	6.1141
57.081	6.9120
57.185	7.1560
57.288	5.9094
57.392	5.3957
57.496	6.5230
57.600	6.2418
57.703	8.1248
57.807	9.2502
57.911	11.3959
58.015	10.1048
58.119	9.2517
58.222	11.1365
58.326	13.5886
58.430	20.5224
58.534	20.2511
58.638	18.1041
58.741	21.6484
58.845	15.3492
58.949	15.9811
59.053	18.6153
59.156	21.4485
59.260	15.4267
59.364	13.1437
59.468	10.5304
59.572	11.8415
59.675	9.6537
59.779	8.9025
59.883	9.7400
59.987	7.1442
60.090	6.3464
60.194	5.9939
60.298	7.1236
60.402	6.8494
60.506	5.5330
60.609	6.3548
60.713	7.8863
60.817	7.9779
60.921	7.8321
61.025	8.9175
61.128	11.0444
61.232	11.9882
61.336	15.9759
61.440	20.7173
61.543	16.7717
61.647	16.2574
61.751	15.5656
61.855	16.4172
61.959	17.9258
62.062	14.6615
62.166	14.6249
62.270	14.8597
62.374	10.9057
62.478	12.6370
62.581	13.3068
62.685	19.3514
62.789	17.7759
62.893	15.1384
62.996	14.8693
63.100	11.6850
63.204	15.8288
63.308	18.2502
63.412	22.2978
63.515	22.6618
63.619	22.5342
63.723	24.6910
63.827	17.8639
63.930	18.0661
64.034	20.0888
64.138	12.9201
64.242	19.1513
64.346	21.7521
64.449	22.1359
64.553	32.9316
64.657	32.9829
64.761	29.3164
64.865	22.5806
64.968	28.4519
65.072	31.8632
65.176	37.1366
65.280	33.3911
65.383	28.5749
65.487	20.4887
65.591	15.6494
65.695	12.6969
65.799	11.1066
65.902	8.4670
66.006	7.8107
66.110	6.7423
66.214	6.2876
66.317	6.8081
66.421	7.9033
66.525	6.7611
66.629	9.8970
66.733	8.4688
66.836	11.8820
66.940	10.9556
67.044	14.8560
67.148	13.5689
67.252	15.6846
67.355	22.0485
67.459	37.4777
67.563	20.7374
67.667	29.2617
67.770	30.2452
67.874	33.8048
67.978	31.0743
68.082	35.6674
68.186	35.5480
68.289	29.0926
68.393	21.5084
68.497	16.2556
68.601	20.9246
68.704	13.0234
68.808	11.8237
68.912	7.4428
69.016	8.1231
69.120	9.4477
69.223	10.1366
69.327	9.9930
69.431	9.4111
69.535	9.6552
69.639	9.6537
69.742	7.9686
69.846	9.3051
69.950	11.3128
70.054	12.6190
70.157	10.0517
70.261	14.8788
70.365	19.8897
70.469	23.8523
70.573	33.4853
70.676	30.0330
70.780	30.3423
70.884	32.2508
70.988	35.4339
71.092	40.5650
71.195	33.9517
71.299	29.5077
71.403	30.3720
71.507	30.7840
71.610	22.1181
71.714	20.7846
71.818	19.6584
71.922	11.8658
72.026	15.9426
72.129	12.3987
72.233	11.0291
72.337	12.8720
72.441	11.0097
72.544	16.5235
72.648	20.8902
72.752	26.9947
72.856	32.6021
72.960	34.1035
73.063	34.6756
73.167	42.4040
73.271	33.7168
73.375	35.3971
73.479	28.2158
73.582	23.4336
73.686	24.6975
73.790	20.7316
73.894	15.3721
73.997	9.1534
74.101	10.8519
74.205	8.2023
74.309	7.0703
74.413	14.6604
74.516	14.4314
74.620	18.5125
74.724	16.6630
74.828	22.1601
74.931	23.0309
75.035	31.5868
75.139	25.8333
75.243	36.7483
75.347	35.3831
75.450	40.1265
75.554	29.9711
75.658	28.2187
75.762	27.2323
75.866	17.7941
75.969	13.1204
76.073	12.0933
76.177	14.3393
76.281	15.7383
76.384	13.6035
76.488	15.5540
76.592	14.9976
76.696	15.4973
76.800	16.8185
76.903	13.2454
77.007	21.0355
77.111	37.1047
77.215	42.2056
77.319	43.7514
77.422	45.2900
77.526	47.4330
77.630	44.7670
77.734	41.1104
77.837	38.7210
77.941	35.2094
78.045	30.9940
78.149	29.2749
78.253	25.1804
78.356	19.1833
78.460	15.3055
78.564	11.4546
78.668	8.9849
78.771	8.6491
78.875	7.1746
78.979	8.1341
79.083	10.8489
79.187	10.4153
79.290	10.9015
79.394	13.2456
79.498	13.7780
79.602	17.4536
79.706	24.5806
79.809	30.1665
79.913	39.4308
80.017	45.5730
80.121	51.2834
80.224	53.1802
80.328	59.2256
80.432	51.8459
80.536	47.6540
80.640	44.4961
80.743	38.8352
80.847	36.9878
80.951	33.4839
81.055	31.8063
81.158	22.7821
81.262	17.4258
81.366	13.1781
81.470	7.4614
81.574	10.1657
81.677	10.6656
81.781	10.1694
81.885	9.0353
81.989	8.5478
82.093	7.8608
82.196	6.6842
82.300	9.0688
82.404	12.9723
82.508	14.1602
82.611	18.9620
82.715	20.6902
82.819	20.2594
82.923	24.8587
83.027	41.8676
83.130	28.2852
83.234	34.7998
83.338	37.6192
83.442	36.5330
83.546	41.6943
83.649	32.5645
83.753	34.0644
83.857	29.1953
83.961	25.4413
84.064	25.7049
84.168	22.5383
84.272	19.0821
84.376	18.6487
84.480	9.2852
84.583	6.9124
84.687	6.8333
84.791	6.1980
84.895	8.5501
84.998	6.6753
85.102	6.0751
85.206	6.7475
85.310	6.8420
85.414	6.0152
85.517	8.8255
85.621	10.0740
85.725	9.9536
85.829	14.6475
85.933	12.2509
86.036	23.6317
86.140	24.5526
86.244	25.6299
86.348	27.1235
86.451	29.3936
86.555	33.3597
86.659	30.1103
86.763	26.2112
86.867	32.0969
86.970	26.3704
87.074	29.2349
87.178	27.2992
87.282	26.7407
87.385	26.0263
87.489	23.7691
87.593	21.9203
87.697	20.2115
87.801	14.0758
87.904	12.9019
88.008	10.3664
88.112	7.2474
88.216	8.9191
88.320	10.1495
88.423	8.8979
88.527	11.1656
88.631	20.3401
88.735	28.5335
88.838	24.3237
88.942	29.3643
89.046	33.6754
89.150	31.7565
89.254	22.8831
89.357	19.0449
89.461	14.4768
89.565	10.4968
89.669	11.6808
89.772	7.7518
89.876	7.3782
89.980	7.5984
90.084	13.3113
90.188	8.3136
90.291	8.0795
90.395	7.7325
90.499	7.6794
90.603	11.9171
90.707	15.8169
90.810	24.4923
90.914	34.0850
91.018	39.8360
91.122	37.9652
91.225	28.3503
91.329	32.3998
91.433	27.8614
91.537	26.7714
91.641	16.3533
91.744	13.3630
91.848	10.8621
91.952	11.7286
92.056	8.1936
92.160	7.4415
92.263	6.0000
92.367	5.7459
92.471	6.8651
92.575	11.5851
92.678	9.1333
92.782	9.9143
92.886	12.9686
92.990	13.1702
93.094	19.6505
93.197	25.9468
93.301	26.3747
93.405	30.9489
93.509	30.0036
93.612	26.7934
93.716	23.7777
93.820	17.9460
93.924	16.4646
94.028	19.4465
94.131	15.8254
94.235	15.1759
94.339	12.1695
94.443	11.4322
94.547	8.8607
94.650	12.8026
94.754	12.9676
94.858	15.6677
94.962	19.0070
95.065	18.7466
95.169	20.2435
95.273	25.3180
95.377	18.9337
95.481	27.5456
95.584	29.2520
95.688	25.5102
95.792	22.6877
95.896	31.0993
95.999	24.6407
96.103	24.9875
96.207	14.1701
96.311	16.5340
96.415	17.1436
96.518	11.1598
96.622	8.9192
96.726	7.7898
96.830	6.5358
96.934	6.3737
97.037	6.4092
97.141	5.7503
97.245	7.1797
97.349	7.1310
97.452	7.3927
97.556	10.9944
97.660	14.1088
97.764	11.5427
97.868	12.6591
97.971	21.1596
98.075	29.8223
98.179	28.4326
98.283	20.8374
98.387	25.4229
98.490	20.9425
98.594	19.5624
98.698	19.0157
98.802	17.3864
98.905	20.0447
99.009	17.7067
99.113	16.8773
99.217	15.5196
99.321	16.8079
99.424	14.8701
99.528	27.1541
99.632	22.9362
99.736	16.4323
99.839	16.3181
99.943	12.4134
100.047	13.2159
100.151	12.4129
100.255	14.8124
100.358	17.2601
100.462	14.1960
100.566	10.1279
100.670	10.9295
100.774	9.0912
100.877	6.4484
100.981	6.2762
101.085	6.1633
101.189	6.0796
101.292	6.6771
101.396	7.3760
101.500	7.7901
101.604	12.8718
101.708	14.5191
101.811	10.3355
101.915	18.4918
102.019	14.7285
102.123	18.3385
102.226	17.5262
102.330	11.7054
102.434	18.8119
102.538	14.3828
102.642	14.4715
102.745	11.4305
102.849	15.5072
102.953	16.3047
103.057	14.8241
103.161	18.6598
103.264	18.1026
103.368	19.8773
103.472	14.4970
103.576	12.6610
103.679	21.0137
103.783	24.0658
103.887	22.9599
103.991	17.8514
104.095	18.9064
104.198	17.8768
104.302	15.9756
104.406	15.0632
104.510	11.7153
104.613	10.8806
104.717	12.7787
104.821	9.0273
104.925	9.9878
105.029	6.9896
105.132	7.3935
105.236	6.0371
105.340	5.1676
105.444	5.9243
105.548	6.1900
105.651	5.9555
105.755	5.4875
105.859	5.7567
105.963	5.9640
106.066	6.3076
106.170	5.7669
106.274	8.7960
106.378	7.2681
106.482	9.2373
106.585	11.3743
106.689	13.3937
106.793	15.9030
106.897	15.8191
107.001	19.6367
107.104	23.2639
107.208	22.3960
107.312	18.8820
107.416	21.9774
107.519	18.0888
107.623	19.8182
107.727	20.1122
107.831	23.8170
107.935	29.0329
108.038	16.8739
108.142	16.4287
108.246	12.7499
108.350	13.2420
108.453	7.7925
108.557	8.6158
108.661	8.4082
108.765	6.4749
108.869	6.3003
108.972	5.5157
109.076	5.9691
109.180	9.3146
109.284	9.9505
109.388	6.7638
109.491	8.1019
109.595	8.5276
109.699	12.0542
109.803	15.4627
109.906	17.3968
110.010	23.8618
110.114	21.5892
110.218	22.8345
110.322	15.5460
110.425	18.0063
110.529	16.2295
110.633	14.4487
110.737	7.7013
110.840	8.6749
110.944	6.2472
111.048	5.9219
111.152	6.0099
111.256	7.5115
111.359	7.2229
111.463	5.9897
111.567	6.0000
111.671	6.7129
111.775	6.6999
111.878	6.8890
111.982	9.6699
112.086	9.5552
112.190	12.0786
112.293	14.4083
112.397	10.6148
112.501	19.6712
112.605	20.0087
112.709	21.0395
112.812	22.0491
112.916	21.5900
113.020	20.4825
113.124	18.9604
113.228	13.1847
113.331	16.8034
113.435	11.9418
113.539	12.0452
113.643	12.2940
113.746	12.7414
113.850	10.9209
113.954	8.6452
114.058	10.7594
114.162	9.8097
114.265	9.6242
114.369	10.1546
114.473	14.5038
114.577	16.5379
114.680	15.6574
114.784	17.0153
114.888	17.7394
114.992	12.7057
115.096	13.8868
115.199	10.4962
115.303	8.4307
115.407	7.8421
115.511	6.2346
115.615	8.2548
115.718	8.2571
115.822	12.0557
115.926	7.8474
116.030	5.9488
116.133	6.1469
116.237	6.2981
116.341	6.2008
116.445	9.0627
116.549	6.9919
116.652	6.7724
116.756	9.9846
116.860	9.9504
116.964	9.5251
117.067	11.4474
117.171	11.7782
117.275	20.7752
117.379	13.7735
117.483	15.9657
117.586	18.5792
117.690	18.9679
117.794	18.6040
117.898	20.3964
118.002	21.3797
118.105	17.3991
118.209	19.6468
118.313	16.4868
118.417	13.3730
118.520	14.2967
118.624	14.6617
118.728	12.6843
118.832	10.6670
118.936	9.5961
119.039	8.0653
119.143	6.9522
119.247	6.0329
119.351	6.3299
119.454	7.0665
119.558	5.6156
119.662	5.5073
119.766	5.5063
