0.0000	9.000
0.1038	5.304
0.2075	4.425
0.3113	5.441
0.4151	4.332
0.5188	3.483
0.6226	3.421
0.7263	3.677
0.8301	3.421
0.9339	5.374
1.0376	3.273
1.1414	3.044
1.2452	3.981
1.3489	4.246
1.4527	4.352
1.5565	4.341
1.6602	5.304
1.7640	7.772
1.8677	10.110
1.9715	12.583
2.0753	11.834
2.1790	18.754
2.2828	22.568
2.3866	19.481
2.4903	28.808
2.5941	32.758
2.6979	39.938
2.8016	35.806
2.9054	34.623
3.0091	33.003
3.1129	35.342
3.2167	35.257
3.3204	24.252
3.4242	19.292
3.5280	12.961
3.6317	9.279
3.7355	5.448
3.8392	4.550
3.9430	4.093
4.0468	3.791
4.1505	5.517
4.2543	4.541
4.3581	4.975
4.4618	3.178
4.5656	3.752
4.6694	3.523
4.7731	3.867
4.8769	4.747
4.9806	4.169
5.0844	4.359
5.1882	7.070
5.2919	8.126
5.3957	9.617
5.4995	10.940
5.6032	12.170
5.7070	23.308
5.8108	27.114
5.9145	33.335
6.0183	29.446
6.1220	24.904
6.2258	31.232
6.3296	23.358
6.4333	24.161
6.5371	21.423
6.6409	10.869
6.7446	8.272
6.8484	8.469
6.9522	6.771
7.0559	5.762
7.1597	4.567
7.2634	3.281
7.3672	3.597
7.4710	3.169
7.5747	4.024
7.6785	3.930
7.7823	5.337
7.8860	6.303
7.9898	14.477
8.0936	19.523
8.1973	21.685
8.3011	25.783
8.4048	31.993
8.5086	29.999
8.6124	35.419
8.7161	19.537
8.8199	21.928
8.9237	22.748
9.0274	15.708
9.1312	9.783
9.2349	7.928
9.3387	8.047
9.4425	7.766
9.5462	6.293
9.6500	4.016
9.7538	4.929
9.8575	3.607
9.9613	3.993
10.0651	6.338
10.1688	7.417
10.2726	9.214
10.3763	12.885
10.4801	16.315
10.5839	26.200
10.6876	47.204
10.7914	42.402
10.8952	44.301
10.9989	48.282
11.1027	50.044
11.2065	37.227
11.3102	34.451
11.4140	31.937
11.5177	23.280
11.6215	16.514
11.7253	13.355
11.8290	9.598
11.9328	8.807
12.0366	5.352
12.1403	4.594
12.2441	4.307
12.3479	3.960
12.4516	3.850
12.5554	4.932
12.6591	5.311
12.7629	5.134
12.8667	5.890
12.9704	6.412
13.0742	5.952
13.1780	9.518
13.2817	9.475
13.3855	12.043
13.4893	18.627
13.5930	22.945
13.6968	28.956
13.8005	44.146
13.9043	41.046
14.0081	32.488
14.1118	34.176
14.2156	27.616
14.3194	21.288
14.4231	12.367
14.5269	8.708
14.6306	9.297
14.7344	9.467
14.8382	5.418
14.9419	3.971
15.0457	3.112
15.1495	4.485
15.2532	3.957
15.3570	3.845
15.4608	6.299
15.5645	8.269
15.6683	5.751
15.7720	4.041
15.8758	4.231
15.9796	3.230
16.0833	4.000
16.1871	4.000
16.2909	3.260
16.3946	4.217
16.4984	3.322
16.6022	3.000
16.7059	3.000
16.8097	3.511
16.9134	4.443
17.0172	4.098
17.1210	6.057
17.2247	10.872
17.3285	6.957
17.4323	12.770
17.5360	12.272
17.6398	14.445
17.7436	22.754
17.8473	31.613
17.9511	43.348
18.0548	48.026
18.1586	43.484
18.2624	51.437
18.3661	48.875
18.4699	42.352
18.5737	34.047
18.6774	30.114
18.7812	23.887
18.8850	16.336
18.9887	10.641
19.0925	9.403
19.1962	6.764
19.3000	7.186
19.4038	4.985
19.5075	3.738
19.6113	3.838
19.7151	5.131
19.8188	6.308
19.9226	7.960
20.0264	8.925
20.1301	9.946
20.2339	14.657
20.3376	16.723
20.4414	25.087
20.5452	25.852
20.6489	33.662
20.7527	37.955
20.8565	35.961
20.9602	29.471
21.0640	22.948
21.1677	14.728
21.2715	10.833
21.3753	6.639
21.4790	8.877
21.5828	7.925
21.6866	4.238
21.7903	3.381
21.8941	3.622
21.9979	3.527
22.1016	4.028
22.2054	4.992
22.3091	5.006
22.4129	6.899
22.5167	7.344
22.6204	6.741
22.7242	13.486
22.8280	17.453
22.9317	23.666
23.0355	32.827
23.1393	41.278
23.2430	38.492
23.3468	40.548
23.4505	38.561
23.5543	32.756
23.6581	32.116
23.7618	20.417
23.8656	18.580
23.9694	21.304
24.0731	15.015
24.1769	6.922
24.2807	4.531
24.3844	4.984
24.4882	6.388
24.5919	8.143
24.6957	10.985
24.7995	18.429
24.9032	28.352
25.0070	32.560
25.1108	37.315
25.2145	39.761
25.3183	38.185
25.4221	44.184
25.5258	40.911
25.6296	36.407
25.7333	31.474
25.8371	25.955
25.9409	21.903
26.0446	7.837
26.1484	7.789
26.2522	5.236
26.3559	4.716
26.4597	5.937
26.5634	5.962
26.6672	6.566
26.7710	8.812
26.8747	13.698
26.9785	17.723
27.0823	16.175
27.1860	29.367
27.2898	32.576
27.3936	38.071
27.4973	37.683
27.6011	36.897
27.7048	37.580
27.8086	32.165
27.9124	25.733
28.0161	19.516
28.1199	8.949
28.2237	6.336
28.3274	5.902
28.4312	6.391
28.5350	4.782
28.6387	4.736
28.7425	4.597
28.8462	5.126
28.9500	7.529
29.0538	16.800
29.1575	22.279
29.2613	34.499
29.3651	40.362
29.4688	47.292
29.5726	50.130
29.6764	52.988
29.7801	50.364
29.8839	43.281
29.9876	31.981
30.0914	23.502
30.1952	12.523
30.2989	14.558
30.4027	9.427
30.5065	4.212
30.6102	4.863
30.7140	4.924
30.8178	5.578
30.9215	6.410
31.0253	7.489
31.1290	8.358
31.2328	14.115
31.3366	24.096
31.4403	27.710
31.5441	27.885
31.6479	31.875
31.7516	44.967
31.8554	45.781
31.9592	49.518
32.0629	43.987
32.1667	38.216
32.2704	27.992
32.3742	20.386
32.4780	13.064
32.5817	12.209
32.6855	7.019
32.7893	4.090
32.8930	3.097
32.9968	5.039
33.1006	4.768
33.2043	3.462
33.3081	3.960
33.4118	3.158
33.5156	3.673
33.6194	4.991
33.7231	4.601
33.8269	5.058
33.9307	7.195
34.0344	12.978
34.1382	21.670
34.2419	25.549
34.3457	28.973
34.4495	31.166
34.5532	32.485
34.6570	39.687
34.7608	37.313
34.8645	28.089
34.9683	37.377
35.0721	39.167
35.1758	38.132
35.2796	45.099
35.3833	55.228
35.4871	60.545
35.5909	63.432
35.6946	64.954
35.7984	64.834
35.9022	55.493
36.0059	47.244
36.1097	35.973
36.2135	21.223
36.3172	14.527
36.4210	8.765
36.5247	7.292
36.6285	5.839
36.7323	5.010
36.8360	4.658
36.9398	5.944
37.0436	6.591
37.1473	8.700
37.2511	12.878
37.3549	21.061
37.4586	25.084
37.5624	38.161
37.6661	42.890
37.7699	53.100
37.8737	60.082
37.9774	54.973
38.0812	34.477
38.1850	27.886
38.2887	21.920
38.3925	11.277
38.4963	9.504
38.6000	7.771
38.7038	5.025
38.8075	3.636
38.9113	3.911
39.0151	4.373
39.1188	4.438
39.2226	3.791
39.3264	5.676
39.4301	4.787
39.5339	11.235
39.6376	17.676
39.7414	16.264
39.8452	26.410
39.9489	42.756
40.0527	57.573
40.1565	71.245
40.2602	80.525
40.3640	93.896
40.4678	100.072
40.5715	79.055
40.6753	59.706
40.7790	54.931
40.8828	29.392
40.9866	24.200
41.0903	15.920
41.1941	14.225
41.2979	7.482
41.4016	6.262
41.5054	4.493
41.6092	4.974
41.7129	3.190
41.8167	3.000
41.9204	3.004
42.0242	3.951
42.1280	3.708
42.2317	4.340
42.3355	3.874
42.4393	3.484
42.5430	3.000
42.6468	3.590
42.7506	5.105
42.8543	4.694
42.9581	4.426
43.0618	6.998
43.1656	7.113
43.2694	11.714
43.3731	16.190
43.4769	27.445
43.5807	53.515
43.6844	77.998
43.7882	99.837
43.8919	111.616
43.9957	120.359
44.0995	118.032
44.2032	108.795
44.3070	97.434
44.4108	56.485
44.5145	35.368
44.6183	19.034
44.7221	11.589
44.8258	6.577
44.9296	4.453
45.0333	3.300
45.1371	3.326
45.2409	3.185
45.3446	4.350
45.4484	3.479
45.5522	3.000
45.6559	3.000
45.7597	4.469
45.8635	4.857
45.9672	5.885
46.0710	7.508
46.1747	8.261
46.2785	12.019
46.3823	19.403
46.4860	29.522
46.5898	38.962
46.6936	56.311
46.7973	74.964
46.9011	67.546
47.0049	66.395
47.1086	65.227
47.2124	62.732
47.3161	74.281
47.4199	68.195
47.5237	66.423
47.6274	77.117
47.7312	74.469
47.8350	74.951
47.9387	85.698
48.0425	66.862
48.1463	57.585
48.2500	41.841
48.3538	37.765
48.4575	21.111
48.5613	11.713
48.6651	9.180
48.7688	7.112
48.8726	3.527
48.9764	3.881
49.0801	3.664
49.1839	3.131
49.2877	3.036
49.3914	3.124
49.4952	3.000
49.5989	3.494
49.7027	3.351
49.8065	3.535
49.9102	4.823
50.0140	4.091
50.1178	4.526
50.2215	7.652
50.3253	8.099
50.4291	13.198
50.5328	17.601
50.6366	39.140
50.7403	63.477
50.8441	96.957
50.9479	112.856
51.0516	141.756
51.1554	162.596
51.2592	154.989
51.3629	147.948
51.4667	137.001
51.5704	128.533
51.6742	91.093
51.7780	79.340
51.8817	45.683
51.9855	26.083
52.0893	14.913
52.1930	12.325
52.2968	6.640
52.4006	3.917
52.5043	4.525
52.6081	4.278
52.7118	3.956
52.8156	3.305
52.9194	4.148
53.0231	3.007
53.1269	3.034
53.2307	5.233
53.3344	4.011
53.4382	5.993
53.5420	6.220
53.6457	8.657
53.7495	14.793
53.8532	19.524
53.9570	27.175
54.0608	50.661
54.1645	64.539
54.2683	75.599
54.3721	92.730
54.4758	103.963
54.5796	92.986
54.6834	76.861
54.7871	78.706
54.8909	66.527
54.9946	47.503
55.0984	38.051
55.2022	23.081
55.3059	13.877
55.4097	13.204
55.5135	7.457
55.6172	6.889
55.7210	7.064
55.8248	3.985
55.9285	4.971
56.0323	4.028
56.1360	3.221
56.2398	3.004
56.3436	3.239
56.4473	3.874
56.5511	5.184
56.6549	5.219
56.7586	8.922
56.8624	9.055
56.9661	8.905
57.0699	16.965
57.1737	30.208
57.2774	34.002
57.3812	48.315
57.4850	71.327
57.5887	70.326
57.6925	68.346
57.7963	58.578
57.9000	53.227
58.0038	51.415
58.1075	31.322
58.2113	19.623
58.3151	8.872
58.4188	7.435
58.5226	8.215
58.6264	5.671
58.7301	3.620
58.8339	3.899
58.9377	3.792
59.0414	3.810
59.1452	4.222
59.2489	4.331
59.3527	4.988
59.4565	5.166
59.5602	7.295
59.6640	10.682
59.7678	9.822
59.8715	13.241
59.9753	18.206
60.0791	31.536
60.1828	43.365
60.2866	49.054
60.3903	62.343
60.4941	76.068
60.5979	81.338
60.7016	84.410
60.8054	64.119
60.9092	65.945
61.0129	57.179
61.1167	40.186
61.2204	35.486
61.3242	27.431
61.4280	18.487
61.5317	13.868
61.6355	10.004
61.7393	6.082
61.8430	6.542
61.9468	6.146
62.0506	4.040
62.1543	3.118
62.2581	3.000
62.3618	3.266
62.4656	3.683
62.5694	3.027
62.6731	3.481
62.7769	3.600
62.8807	3.078
62.9844	3.000
63.0882	3.160
63.1920	4.158
63.2957	5.998
63.3995	5.511
63.5032	10.484
63.6070	15.124
63.7108	16.677
63.8145	25.076
63.9183	34.869
64.0221	52.688
64.1258	65.235
64.2296	82.843
64.3334	96.755
64.4371	104.651
64.5409	97.109
64.6447	96.309
64.7484	98.892
64.8522	77.944
64.9559	69.295
65.0597	52.108
65.1635	33.908
65.2672	26.393
65.3710	20.700
65.4748	18.312
65.5785	11.329
65.6823	5.732
65.7860	5.015
65.8898	4.012
65.9936	3.089
66.0973	3.046
66.2011	3.759
66.3049	3.092
66.4086	3.183
66.5124	3.428
66.6161	4.757
66.7199	4.241
66.8237	4.348
66.9274	7.963
67.0312	7.983
67.1350	8.758
67.2387	12.897
67.3425	24.693
67.4463	35.052
67.5500	43.722
67.6538	52.240
67.7575	55.646
67.8613	59.148
67.9651	41.510
68.0688	30.730
68.1726	20.593
68.2764	15.093
68.3801	15.086
68.4839	9.812
68.5877	9.031
68.6914	7.881
68.7952	10.551
68.8989	12.667
69.0027	14.363
69.1065	14.276
69.2102	17.205
69.3140	22.355
69.4178	24.383
69.5215	33.790
69.6253	46.031
69.7291	58.760
69.8328	54.788
69.9366	45.516
70.0404	41.315
70.1441	30.420
70.2479	21.243
70.3516	18.612
70.4554	16.926
70.5592	10.651
70.6629	9.794
70.7667	8.680
70.8705	4.330
70.9742	3.626
71.0780	4.828
71.1817	4.056
71.2855	4.000
71.3893	3.488
71.4930	4.131
71.5968	4.527
71.7006	5.227
71.8043	5.345
71.9081	5.880
72.0119	8.067
72.1156	11.221
72.2194	17.124
72.3231	19.168
72.4269	34.463
72.5307	41.442
72.6344	50.859
72.7382	64.011
72.8420	65.928
72.9457	64.720
73.0495	55.008
73.1533	45.206
73.2570	48.673
73.3608	60.187
73.4645	39.091
73.5683	39.402
73.6721	31.331
73.7758	34.336
73.8796	21.503
73.9834	15.868
74.0871	10.219
74.1909	9.682
74.2947	7.738
74.3984	4.960
74.5022	4.025
74.6059	7.112
74.7097	7.620
74.8135	6.074
74.9172	9.329
75.0210	12.150
75.1248	16.709
75.2285	14.714
75.3323	18.027
75.4361	18.183
75.5398	12.678
75.6436	10.362
75.7473	8.813
75.8511	6.505
75.9549	7.692
76.0586	7.701
76.1624	6.284
76.2662	5.547
76.3699	5.543
76.4737	9.371
76.5774	7.674
76.6812	11.180
76.7850	17.106
76.8887	23.653
76.9925	27.288
77.0963	35.857
77.2000	32.407
77.3038	32.107
77.4076	29.284
77.5113	21.400
77.6151	27.280
77.7188	21.010
77.8226	16.409
77.9264	17.690
78.0301	17.115
78.1339	15.193
78.2377	14.143
78.3414	13.985
78.4452	9.355
78.5490	11.418
78.6527	6.512
78.7565	7.998
78.8602	7.225
78.9640	9.586
79.0678	7.254
79.1715	7.580
79.2753	6.664
79.3791	5.887
79.4828	4.039
79.5866	4.080
79.6904	3.740
79.7941	6.752
79.8979	12.386
80.0016	8.677
80.1054	9.140
80.2092	12.946
80.3129	18.509
80.4167	18.013
80.5205	22.328
80.6242	27.684
80.7280	28.719
80.8317	21.254
80.9355	29.318
81.0393	27.206
81.1430	25.858
81.2468	20.478
81.3506	13.472
81.4543	13.004
81.5581	8.487
81.6619	8.838
81.7656	5.851
81.8694	5.746
81.9732	6.675
82.0769	6.085
82.1807	4.958
82.2844	3.781
82.3882	3.549
82.4920	3.722
82.5957	5.619
82.6995	4.234
82.8033	4.417
82.9070	5.432
83.0108	6.558
83.1145	4.731
83.2183	7.041
83.3221	9.540
83.4258	9.769
83.5296	14.423
83.6334	21.122
83.7371	24.566
83.8409	30.213
83.9447	23.612
84.0484	29.136
84.1522	25.106
84.2559	24.351
84.3597	23.376
84.4635	19.845
84.5672	16.198
84.6710	14.053
84.7748	9.879
84.8785	10.091
84.9823	7.153
85.0861	5.855
85.1898	4.637
85.2936	4.216
85.3973	4.371
85.5011	4.504
85.6049	4.734
85.7086	5.006
85.8124	5.637
85.9162	5.565
86.0199	12.053
86.1237	13.829
86.2275	10.654
86.3312	24.005
86.4350	28.368
86.5387	35.285
86.6425	46.342
86.7463	52.606
86.8500	46.581
86.9538	37.278
87.0576	35.905
87.1613	38.515
87.2651	34.004
87.3688	18.286
87.4726	16.197
87.5764	13.230
87.6801	10.069
87.7839	8.754
87.8877	7.217
87.9914	5.424
88.0952	5.445
88.1990	4.874
88.3027	4.541
88.4065	5.840
88.5103	3.813
88.6140	7.650
88.7178	7.496
88.8215	10.558
88.9253	8.648
89.0291	15.712
89.1328	23.149
89.2366	24.182
89.3404	30.614
89.4441	40.698
89.5479	48.515
89.6516	54.469
89.7554	55.820
89.8592	44.105
89.9629	44.576
90.0667	32.569
90.1705	26.030
90.2742	19.855
90.3780	12.453
90.4818	8.523
90.5855	7.881
90.6893	6.974
90.7930	4.530
90.8968	4.515
91.0006	3.479
91.1043	3.012
91.2081	3.289
91.3119	3.132
91.4156	4.954
91.5194	4.830
91.6232	4.931
91.7269	5.478
91.8307	6.133
91.9344	9.083
92.0382	8.876
92.1420	12.117
92.2457	12.612
92.3495	12.210
92.4533	22.749
92.5570	23.730
92.6608	22.241
92.7645	28.310
92.8683	26.325
92.9721	27.288
93.0758	26.960
93.1796	24.204
93.2834	12.966
93.3871	16.780
93.4909	8.739
93.5947	9.391
93.6984	6.196
93.8022	5.170
93.9059	4.443
94.0097	7.193
94.1135	5.219
94.2172	4.443
94.3210	5.473
94.4248	5.521
94.5285	6.148
94.6323	6.501
94.7361	5.102
94.8398	7.082
94.9436	6.895
95.0473	6.364
95.1511	11.932
95.2549	12.681
95.3586	17.276
95.4624	19.391
95.5662	25.546
95.6699	31.462
95.7737	27.247
95.8775	31.891
95.9812	39.241
96.0850	31.345
96.1887	24.221
96.2925	15.544
96.3963	12.510
96.5000	9.996
96.6038	8.301
96.7076	4.804
96.8113	3.657
96.9151	3.500
97.0189	3.929
97.1226	4.569
97.2264	3.366
97.3301	4.007
97.4339	4.137
97.5377	4.302
97.6414	5.368
97.7452	5.071
97.8490	4.268
97.9527	6.655
98.0565	8.639
98.1603	8.686
98.2640	8.743
98.3678	16.857
98.4715	11.805
98.5753	13.305
98.6791	15.919
98.7828	18.231
98.8866	22.082
98.9904	21.762
99.0941	22.979
99.1979	21.964
99.3017	14.063
99.4054	9.063
99.5092	10.653
99.6129	9.000