0.000	15.000
0.104	21.439
0.208	22.710
0.311	30.141
0.415	42.116
0.519	56.844
0.623	65.988
0.726	76.061
0.830	102.015
0.934	96.554
1.038	89.551
1.142	87.601
1.245	82.977
1.349	81.804
1.453	60.623
1.557	46.546
1.660	33.489
1.764	33.547
1.868	19.708
1.972	13.798
2.075	14.409
2.179	14.032
2.283	12.576
2.387	8.602
2.491	9.384
2.594	10.613
2.698	15.471
2.802	12.479
2.906	15.572
3.009	15.448
3.113	16.733
3.217	22.812
3.321	28.150
3.425	37.465
3.528	58.991
3.632	66.620
3.736	73.531
3.840	67.703
3.943	71.981
4.047	74.765
4.151	74.966
4.255	73.754
4.359	59.132
4.462	58.708
4.566	53.274
4.670	39.431
4.774	27.807
4.877	25.242
4.981	21.335
5.085	19.611
5.189	17.243
5.292	13.954
5.396	16.239
5.500	15.027
5.604	12.835
5.708	10.882
5.811	10.346
5.915	8.754
6.019	10.420
6.123	14.746
6.226	12.120
6.330	9.058
6.434	9.253
6.538	9.535
6.642	8.933
6.745	6.356
6.849	6.633
6.953	7.743
7.057	7.234
7.160	7.763
7.264	8.004
7.368	13.268
7.472	11.746
7.575	12.532
7.679	23.876
7.783	23.208
7.887	29.572
7.991	49.159
8.094	43.804
8.198	48.790
8.302	58.446
8.406	57.066
8.509	50.106
8.613	54.835
8.717	47.687
8.821	48.968
8.925	43.483
9.028	43.488
9.132	38.072
9.236	33.390
9.340	36.288
9.443	26.198
9.547	20.631
9.651	17.132
9.755	15.639
9.859	11.033
9.962	9.824
10.066	8.256
10.170	7.437
10.274	6.238
10.377	8.452
10.481	6.245
10.585	7.471
10.689	11.632
10.792	12.395
10.896	14.043
11.000	25.492
11.104	24.566
11.208	29.722
11.311	34.867
11.415	43.237
11.519	49.856
11.623	53.457
11.726	47.969
11.830	50.581
11.934	57.563
12.038	44.775
12.142	43.855
12.245	40.317
12.349	32.169
12.453	34.203
12.557	28.291
12.660	21.588
12.764	22.368
12.868	13.712
12.972	14.542
13.076	14.367
13.179	12.843
13.283	10.038
13.387	11.194
13.491	14.835
13.594	12.558
13.698	16.313
13.802	16.592
13.906	16.256
14.009	19.720
14.113	23.841
14.217	19.818
14.321	15.873
14.425	24.858
14.528	28.051
14.632	23.134
14.736	21.938
14.840	18.146
14.943	18.200
15.047	18.144
15.151	15.504
15.255	14.911
15.359	11.161
15.462	9.970
15.566	15.411
15.670	18.943
15.774	18.948
15.877	20.548
15.981	17.149
16.085	24.558
16.189	16.721
16.293	21.339
16.396	27.502
16.500	28.515
16.604	27.349
16.708	29.330
16.811	22.098
16.915	28.432
17.019	33.656
17.123	27.713
17.226	22.299
17.330	23.376
17.434	20.754
17.538	24.103
17.642	21.249
17.745	14.604
17.849	13.248
17.953	14.788
18.057	14.440
18.160	13.763
18.264	15.203
18.368	19.933
18.472	21.555
18.576	25.510
18.679	34.483
18.783	33.209
18.887	40.908
18.991	38.028
19.094	42.180
19.198	44.431
19.302	44.322
19.406	44.493
19.509	38.598
19.613	38.506
19.717	28.812
19.821	31.570
19.925	26.350
20.028	22.467
20.132	23.237
20.236	15.658
20.340	15.040
20.443	12.214
20.547	8.467
20.651	10.284
20.755	6.709
20.859	10.474
20.962	9.958
21.066	8.418
21.170	11.209
21.274	12.724
21.377	11.419
21.481	10.927
21.585	17.546
21.689	21.736
21.793	21.141
21.896	23.750
22.000	25.849
22.104	27.150
22.208	28.992
22.311	31.434
22.415	28.461
22.519	32.200
22.623	33.775
22.726	27.758
22.830	34.216
22.934	31.607
23.038	22.867
23.142	24.698
23.245	23.890
23.349	18.890
23.453	16.109
23.557	15.120
23.660	12.451
23.764	12.505
23.868	8.543
23.972	9.479
24.076	11.008
24.179	8.053
24.283	8.298
24.387	9.906
24.491	9.835
24.594	13.923
24.698	15.337
24.802	16.048
24.906	17.030
25.010	26.338
25.113	28.228
25.217	33.345
25.321	35.430
25.425	34.458
25.528	28.834
25.632	31.057
25.736	33.301
25.840	34.548
25.943	28.864
26.047	18.839
26.151	19.491
26.255	23.328
26.359	13.386
26.462	9.715
26.566	7.617
26.670	5.994
26.774	6.519
26.877	5.089
26.981	7.000
27.085	4.915
27.189	5.861
27.293	6.955
27.396	4.765
27.500	6.798
27.604	8.842
27.708	10.872
27.811	12.787
27.915	17.930
28.019	16.266
28.123	26.977
28.227	35.693
28.330	33.616
28.434	44.524
28.538	52.696
28.642	66.432
28.745	60.438
28.849	76.463
28.953	76.812
29.057	58.217
29.160	50.813
29.264	42.420
29.368	31.959
29.472	23.850
29.576	17.360
29.679	13.328
29.783	11.682
29.887	11.676
29.991	10.856
30.094	8.136
30.198	8.514
30.302	7.969
30.406	5.401
30.510	6.234
30.613	7.842
30.717	6.375
30.821	5.329
30.925	4.651
31.028	4.278
31.132	4.161
31.236	3.590
31.340	4.138
31.443	5.268
31.547	4.924
31.651	6.688
31.755	4.729
31.859	6.873
31.962	10.691
32.066	10.694
32.170	16.121
32.274	22.806
32.377	25.007
32.481	29.748
32.585	47.315
32.689	61.024
32.793	71.427
32.896	79.914
33.000	73.730
33.104	71.718
33.208	58.063
33.311	43.282
33.415	34.232
33.519	30.319
33.623	30.245
33.727	27.802
33.830	19.882
33.934	16.602
34.038	14.273
34.142	16.698
34.245	17.280
34.349	12.740
34.453	9.966
34.557	8.413
34.660	6.299
34.764	4.055
34.868	5.413
34.972	7.024
35.076	8.980
35.179	6.489
35.283	7.027
35.387	6.586
35.491	9.896
35.594	13.018
35.698	21.248
35.802	22.888
35.906	24.756
36.010	26.171
36.113	27.550
36.217	25.943
36.321	17.558
36.425	11.533
36.528	9.954
36.632	9.806
36.736	10.054
36.840	8.808
36.944	11.713
37.047	6.990
37.151	6.029
37.255	9.015
37.359	7.625
37.462	7.465
37.566	7.207
37.670	11.636
37.774	18.064
37.877	23.417
37.981	26.284
38.085	40.605
38.189	46.463
38.293	58.303
38.396	53.631
38.500	45.317
38.604	39.864
38.708	29.933
38.811	22.046
38.915	13.376
39.019	10.256
39.123	9.660
39.227	12.073
39.330	8.567
39.434	6.990
39.538	6.475
39.642	7.796
39.745	9.019
39.849	6.206
39.953	8.190
40.057	7.984
40.160	12.822
40.264	11.087
40.368	11.950
40.472	14.063
40.576	15.790
40.679	21.185
40.783	33.583
40.887	41.240
40.991	56.106
41.094	66.280
41.198	87.867
41.302	89.067
41.406	81.606
41.510	87.063
41.613	81.626
41.717	75.027
41.821	64.575
41.925	47.285
42.028	27.973
42.132	21.050
42.236	18.056
42.340	16.820
42.444	12.340
42.547	10.653
42.651	6.832
42.755	8.902
42.859	6.848
42.962	7.318
43.066	6.747
43.170	7.112
43.274	4.891
43.377	5.920
43.481	6.069
43.585	6.488
43.689	6.476
43.793	4.331
43.896	5.468
44.000	8.506
44.104	12.215
44.208	16.010
44.311	20.744
44.415	31.691
44.519	34.693
44.623	59.026
44.727	75.105
44.830	97.895
44.934	91.207
45.038	101.474
45.142	96.019
45.245	77.909
45.349	75.259
45.453	68.304
45.557	55.696
45.661	37.593
45.764	30.150
45.868	24.293
45.972	17.518
46.076	16.326
46.179	11.882
46.283	14.456
46.387	13.031
46.491	8.606
46.594	7.421
46.698	7.380
46.802	7.408
46.906	9.993
47.010	19.225
47.113	19.795
47.217	19.049
47.321	28.041
47.425	38.353
47.528	52.176
47.632	78.884
47.736	96.456
47.840	118.860
47.944	128.515
48.047	105.223
48.151	97.912
48.255	96.144
48.359	77.996
48.462	47.371
48.566	42.305
48.670	39.747
48.774	30.877
48.878	24.597
48.981	19.362
49.085	16.058
49.189	9.182
49.293	8.285
49.396	7.084
49.500	6.628
49.604	6.205
49.708	5.220
49.811	4.807
49.915	4.014
50.019	3.996
50.123	3.385
50.227	3.858
50.330	4.695
50.434	5.856
50.538	5.359
50.642	7.783
50.745	7.751
50.849	8.700
50.953	11.215
51.057	13.162
51.161	32.696
51.264	40.854
51.368	55.326
51.472	67.750
51.576	84.817
51.679	90.557
51.783	84.525
51.887	100.776
51.991	94.624
52.094	88.803
52.198	88.624
52.302	71.811
52.406	72.483
52.510	68.367
52.613	55.072
52.717	54.561
52.821	58.468
52.925	40.685
53.028	31.139
53.132	25.107
53.236	19.764
53.340	15.280
53.444	16.835
53.547	10.928
53.651	9.024
53.755	7.908
53.859	6.191
53.962	5.473
54.066	3.035
54.170	3.000
54.274	3.122
54.378	4.367
54.481	4.973
54.585	4.103
54.689	5.354
54.793	3.690
54.896	4.242
55.000	5.900
55.104	7.154
55.208	9.191
55.311	12.280
55.415	14.432
55.519	21.553
55.623	26.938
55.727	38.193
55.830	49.623
55.934	76.199
56.038	114.476
56.142	139.792
56.245	160.482
56.349	172.519
56.453	170.758
56.557	171.259
56.661	163.833
56.764	141.314
56.868	114.654
56.972	115.666
57.076	106.594
57.179	100.384
57.283	86.540
57.387	62.021
57.491	66.164
57.595	53.202
57.698	44.387
57.802	35.589
57.906	25.587
58.010	20.452
58.113	15.885
58.217	12.131
58.321	8.571
58.425	7.536
58.528	3.346
58.632	4.475
58.736	3.633
58.840	4.581
58.944	4.580
59.047	4.001
59.151	3.199
59.255	4.189
59.359	4.093
59.462	4.864
59.566	5.827
59.670	5.864
59.774	3.757
59.878	5.419
59.981	5.593
60.085	6.286
60.189	11.224
60.293	15.390
60.396	19.297
60.500	28.971
60.604	27.507
60.708	43.617
60.812	61.402
60.915	88.348
61.019	121.634
61.123	140.940
61.227	145.206
61.330	155.647
61.434	148.739
61.538	127.348
61.642	116.559
61.745	72.836
61.849	50.651
61.953	37.215
62.057	27.743
62.161	24.281
62.264	18.186
62.368	10.774
62.472	8.623
62.576	8.408
62.679	7.656
62.783	9.150
62.887	7.087
62.991	6.393
63.095	7.871
63.198	5.076
63.302	8.972
63.406	7.750
63.510	7.213
63.613	7.488
63.717	4.281
63.821	5.333
63.925	7.442
64.028	7.700
64.132	5.477
64.236	7.016
64.340	9.260
64.444	10.640
64.547	13.936
64.651	21.161
64.755	29.150
64.859	39.744
64.962	52.315
65.066	56.290
65.170	93.793
65.274	101.747
65.378	107.156
65.481	111.229
65.585	115.290
65.689	112.082
65.793	95.613
65.896	72.512
66.000	58.645
66.104	48.272
66.208	42.292
66.312	36.244
66.415	36.870
66.519	28.648
66.623	30.535
66.727	24.582
66.830	17.509
66.934	13.152
67.038	14.682
67.142	13.585
67.245	11.474
67.349	12.753
67.453	10.917
67.557	15.559
67.661	20.439
67.764	28.232
67.868	43.038
67.972	58.650
68.076	73.110
68.179	73.607
68.283	64.104
68.387	53.047
68.491	37.825
68.595	28.627
68.698	24.310
68.802	21.483
68.906	24.842
69.010	28.425
69.113	35.014
69.217	32.519
69.321	30.445
69.425	34.128
69.529	30.712
69.632	24.322
69.736	16.820
69.840	16.242
69.944	15.629
70.047	15.074
70.151	13.864
70.255	27.626
70.359	33.584
70.462	33.093
70.566	29.437
70.670	26.304
70.774	21.725
70.878	21.738
70.981	21.590
71.085	20.722
71.189	17.312
71.293	14.255
71.396	12.354
71.500	10.281
71.604	9.644
71.708	11.335
71.812	13.102
71.915	16.473
72.019	20.564
72.123	22.801
72.227	31.877
72.330	39.842
72.434	33.917
72.538	30.844
72.642	38.055
72.745	32.464
72.849	27.313
72.953	29.908
73.057	28.028
73.161	25.467
73.264	21.928
73.368	19.666
73.472	20.337
73.576	17.567
73.679	15.415
73.783	13.002
73.887	8.776
73.991	7.191
74.095	10.641
74.198	9.631
74.302	7.176
74.406	8.182
74.510	12.067
74.613	16.588
74.717	20.848
74.821	27.837
74.925	45.776
75.029	43.207
75.132	58.582
75.236	64.045
75.340	62.419
75.444	53.472
75.547	41.836
75.651	48.816
75.755	44.023
75.859	43.857
75.962	54.886
76.066	57.791
76.170	38.831
76.274	29.881
76.378	28.979
76.481	27.188
76.585	18.263
76.689	16.610
76.793	14.601
76.896	10.839
77.000	8.051
77.104	11.193
77.208	8.746
77.312	7.830
77.415	12.266
77.519	10.475
77.623	13.118
77.727	16.413
77.830	22.604
77.934	28.541
78.038	35.978
78.142	45.549
78.246	44.286
78.349	54.474
78.453	58.206
78.557	56.515
78.661	55.981
78.764	47.591
78.868	34.855
78.972	28.037
79.076	19.510
79.179	15.581
79.283	12.659
79.387	10.036
79.491	8.118
79.595	6.962
79.698	6.542
79.802	7.124
79.906	10.641
80.010	13.891
80.113	16.939
80.217	19.021
80.321	26.632
80.425	37.278
80.529	52.884
80.632	69.105
80.736	83.592
80.840	98.007
80.944	102.279
81.047	104.356
81.151	123.121
81.255	107.366
81.359	105.577
81.463	93.487
81.566	76.557
81.670	60.713
81.774	45.145
81.878	30.649
81.981	21.921
82.085	15.756
82.189	15.927
82.293	8.403
82.396	8.876
82.500	10.146
82.604	9.043
82.708	8.139
82.812	14.211
82.915	14.638
83.019	14.534
83.123	18.909
83.227	36.538
83.330	56.134
83.434	97.151
83.538	138.960
83.642	191.625
83.746	233.206
83.849	250.818
83.953	255.000
84.057	255.000
84.161	251.846
84.264	250.838
84.368	228.178
84.472	189.468
84.576	129.215
84.679	89.695
84.783	48.138
84.887	35.762
84.991	21.538
85.095	16.602
85.198	10.906
85.302	8.740
85.406	8.000
85.510	5.692
85.613	3.750
85.717	4.946
85.821	5.151
85.925	4.227
86.029	5.579
86.132	8.230
86.236	4.794
86.340	7.387
86.444	10.656
86.547	13.943
86.651	21.549
86.755	26.423
86.859	53.410
86.963	74.470
87.066	103.613
87.170	143.764
87.274	213.108
87.378	235.994
87.481	253.929
87.585	255.000
87.689	254.973
87.793	255.000
87.896	251.713
88.000	236.552
88.104	181.941
88.208	121.238
88.312	80.354
88.415	54.123
88.519	43.494
88.623	23.167
88.727	16.636
88.830	13.628
88.934	8.196
89.038	6.865
89.142	5.222
89.246	7.754
89.349	6.370
89.453	6.962
89.557	9.563
89.661	18.072
89.764	30.646
89.868	39.326
89.972	69.046
90.076	113.723
90.180	157.971
90.283	191.389
90.387	215.910
90.491	216.058
90.595	225.748
90.698	191.175
90.802	140.792
90.906	95.030
91.010	66.283
91.113	40.363
91.217	21.385
91.321	15.840
91.425	9.661
91.529	9.311
91.632	6.624
91.736	5.650
91.840	5.018
91.944	5.040
92.047	6.251
92.151	7.390
92.255	7.346
92.359	5.540
92.463	5.255
92.566	8.461
92.670	11.536
92.774	17.276
92.878	22.110
92.981	42.937
93.085	46.292
93.189	77.776
93.293	110.861
93.397	173.302
93.500	200.389
93.604	215.746
93.708	203.363
93.812	198.909
93.915	151.872
94.019	133.301
94.123	87.644
94.227	63.781
94.330	45.151
94.434	29.618
94.538	18.953
94.642	19.802
94.746	14.486
94.849	9.909
94.953	14.848
95.057	11.878
95.161	12.534
95.264	11.475
95.368	10.528
95.472	8.861
95.576	9.268
95.680	9.111
95.783	8.830
95.887	10.930
95.991	16.187
96.095	22.553
96.198	24.637
96.302	35.274
96.406	48.909
96.510	73.845
96.613	105.390
96.717	139.559
96.821	195.403
96.925	219.286
97.029	252.784
97.132	251.775
97.236	252.184
97.340	249.548
97.444	235.897
97.547	173.506
97.651	137.856
97.755	85.838
97.859	39.597
97.963	25.610
98.066	13.640
98.170	6.497
98.274	8.297
98.378	6.853
98.481	6.753
98.585	5.714
98.689	6.387
98.793	9.653
98.897	11.303
99.000	11.192
99.104	11.418
99.208	10.917
99.312	19.524
99.415	32.678
99.519	44.700
99.623	61.020
99.727	86.106
99.830	117.684
99.934	148.273
100.038	155.685
100.142	179.264
100.246	168.188
100.349	130.571
100.453	106.281
100.557	74.287
100.661	36.292
100.764	20.779
100.868	14.569
100.972	11.067
101.076	7.830
101.180	7.682
101.283	6.797
101.387	9.201
101.491	11.657
101.595	16.287
101.698	17.103
101.802	24.963
101.906	26.103
102.010	34.496
102.114	41.657
102.217	49.927
102.321	54.723
102.425	66.494
102.529	80.270
102.632	79.958
102.736	72.610
102.840	65.459
102.944	41.114
103.047	30.884
103.151	20.348
103.255	13.548
103.359	10.820
103.463	10.991
103.566	6.019
103.670	5.869
103.774	5.486
103.878	6.818
103.981	7.143
104.085	7.571
104.189	8.696
104.293	10.064
104.397	14.433
104.500	11.852
104.604	15.190
104.708	20.120
104.812	22.970
104.915	27.841
105.019	24.744
105.123	20.466
105.227	17.566
105.331	15.877
105.434	15.686
105.538	11.353
105.642	7.906
105.746	8.716
105.849	6.943
105.953	7.340
106.057	9.761
106.161	12.707
106.264	18.084
106.368	22.143
106.472	22.412
106.576	34.902
106.680	38.558
106.783	50.687
106.887	69.649
106.991	90.901
107.095	120.692
107.198	151.235
107.302	179.401
107.406	199.589
107.510	211.954
107.614	218.256
107.717	233.000