0.000	165.000
0.415	101.008
0.830	39.706
1.245	42.662
1.660	50.783
2.075	131.993
2.490	174.939
2.905	151.741
3.320	82.667
3.735	49.745
4.150	40.962
4.565	73.390
4.980	147.542
5.395	208.995
5.810	200.102
6.225	106.012
6.640	40.642
7.055	28.858
7.470	21.966
7.885	20.289
8.300	41.483
8.715	77.723
9.130	127.651
9.545	175.491
9.960	153.581
10.375	86.615
10.790	39.155
11.205	33.658
11.620	44.844
12.035	55.973
12.450	98.629
12.865	166.287
13.280	173.767
13.695	131.918
14.110	71.895
14.525	50.812
14.940	29.323
15.355	58.377
15.770	98.119
16.185	149.741
16.600	87.622
17.015	73.356
17.430	65.485
17.845	112.327
18.260	153.712
18.675	176.646
19.090	103.316
19.505	52.038
19.920	36.661
20.335	35.722
20.750	79.775
21.165	133.503
21.580	132.936
21.995	90.399
22.410	51.891
22.825	36.976
23.240	32.729
23.655	63.809
24.070	100.834
24.485	172.875
24.900	168.022
25.315	121.973
25.730	61.009
26.145	47.422
26.560	61.946
26.975	120.990
27.390	146.461
27.805	98.496
28.220	72.459
28.635	64.415
29.050	109.335
29.465	187.149
29.880	179.277
30.295	126.596
30.710	62.248
31.125	36.111
31.540	42.331
31.955	48.962
32.370	90.447
32.785	157.962
33.200	214.961
33.615	163.136
34.030	86.748
34.445	61.837
34.860	60.874
35.275	101.449
35.690	172.109
36.105	197.631
36.520	148.957
36.935	89.553
37.349	50.741
37.764	50.573
38.179	104.565
38.594	184.805
39.009	205.863
39.424	115.691
39.839	42.302
40.254	34.498
40.669	37.858
41.084	75.156
41.499	159.323
41.914	183.153
42.329	134.336
42.744	82.426
43.159	40.905
43.574	49.134
43.989	55.047
44.404	67.799
44.819	77.326
45.234	63.674
45.649	32.374
46.064	37.562
46.479	38.419
46.894	59.549
47.309	123.118
47.724	145.205
48.139	95.776
48.554	56.415
48.969	28.784
49.384	33.561
49.799	59.847
50.214	100.928
50.629	90.008
51.044	56.766
51.459	55.203
51.874	79.633
52.289	116.898
52.704	136.095
53.119	113.325
53.534	62.467
53.949	42.651
54.364	35.429
54.779	55.600
55.194	107.777
55.609	156.967
56.024	153.451
56.439	116.195
56.854	68.311
57.269	59.459
57.684	54.690
58.099	56.105
58.514	104.159
58.929	152.342
59.344	191.367
59.759	176.312
60.174	132.152
60.589	90.381
61.004	44.600
61.419	39.446
61.834	53.243
62.249	31.884
62.664	47.848
63.079	69.017
63.494	114.001
63.909	173.368
64.324	183.034
64.739	118.707
65.154	87.005
65.569	27.171
65.984	33.063
66.399	42.297
66.814	52.576
67.229	125.537
67.644	181.366
68.059	187.380
68.474	128.169
68.889	67.535
69.304	63.821
69.719	38.843
70.134	46.723
70.549	124.793
70.964	198.041
71.379	223.014
71.794	107.996
72.209	57.910
72.624	67.924
73.039	55.357
73.454	64.020
73.869	68.131
74.284	135.799
74.699	120.323
75.114	135.281
75.529	78.618
75.944	70.418
76.359	91.238
76.774	70.108
77.189	77.197
77.604	98.506
78.019	109.981
78.434	121.842
78.849	85.443
79.264	120.130
79.679	111.536
80.094	139.463
80.509	140.078
80.924	120.324
81.339	113.119
81.754	121.012
82.169	105.159
82.584	116.023
82.999	149.997
83.414	147.495
83.829	138.930
84.244	159.707
84.659	110.845
85.074	92.430
85.489	76.854
85.904	73.220
86.319	71.532
86.734	78.233
87.149	94.291
87.564	100.252
87.979	101.311
88.394	107.075
88.809	96.395
89.224	59.966
89.639	62.460
90.054	65.516
90.469	84.125
90.884	76.955
91.299	119.189
91.714	102.742
92.129	56.019
92.544	47.751
92.959	43.207
93.374	65.876
93.789	82.757
94.204	111.758
94.619	147.843
95.034	155.967
95.449	105.510
95.864	58.531
96.279	45.167
96.694	66.140
97.109	118.621
97.524	171.111
97.939	170.403
98.354	124.997
98.769	95.897
99.184	69.319
99.599	74.348
100.014	79.815
100.429	119.978
100.844	120.108
101.259	80.134
101.674	71.020
102.089	87.237
102.504	74.040
102.919	66.239
103.334	70.631
103.749	76.284
104.164	80.304
104.579	105.752
104.994	120.274
105.409	124.893
105.824	111.007
106.239	86.913
106.654	64.774
107.068	79.524
107.483	82.413
107.898	76.170
108.313	69.744
108.728	85.248
109.143	122.264
109.558	176.647
109.973	184.158
110.388	99.402
110.803	66.072
111.218	83.390
111.633	55.227
112.048	84.067
112.463	99.876
112.878	231.407
113.293	176.616
113.708	113.317
114.123	72.456
114.538	61.880
114.953	62.509
115.368	155.155
115.783	213.549
116.198	197.279
116.613	130.329
117.028	75.055
117.443	49.661
117.858	52.978
118.273	62.416
118.688	76.015
119.103	104.799
119.518	188.813
119.933	249.398
120.348	207.548
120.763	114.208
121.178	64.375
121.593	58.781
122.008	75.487
122.423	106.080
122.838	99.658
123.253	88.808
123.668	92.871
124.083	78.643
124.498	93.097
124.913	126.142
125.328	95.026
125.743	47.179
126.158	49.372
126.573	43.581
126.988	57.785
127.403	77.095
127.818	135.225
128.233	147.201
128.648	110.141
129.063	78.593
129.478	49.226
129.893	50.254
130.308	61.949
130.723	89.096
131.138	160.406
131.553	169.293
131.968	109.642
132.383	72.389
132.798	56.975
133.213	40.423
133.628	61.333
134.043	54.259
134.458	55.835
134.873	51.822
135.288	117.556
135.703	77.079
136.118	77.150
136.533	71.127
136.948	81.413
137.363	111.415
137.778	134.956
138.193	124.374
138.608	84.152
139.023	52.239
139.438	45.280
139.853	60.724
140.268	92.788
140.683	124.722
141.098	147.596
141.513	126.434
141.928	72.114
142.343	61.144
142.758	55.198
143.173	80.604
143.588	88.111
144.003	125.014
144.418	137.645
144.833	97.654
145.248	70.924
145.663	92.032
146.078	108.943
146.493	122.416
146.908	84.248
147.323	67.221
147.738	63.672
148.153	81.109
148.568	121.430
148.983	118.935
149.398	94.914
149.813	72.472
150.228	69.517
150.643	77.326
151.058	87.784
151.473	105.224
151.888	104.121
152.303	101.739
152.718	94.528
153.133	85.868
153.548	75.039
153.963	53.881
154.378	55.849
154.793	64.146
155.208	110.662
155.623	152.119
156.038	137.967
156.453	148.775
156.868	65.013
157.283	56.193
157.698	58.384
158.113	56.428
158.528	119.171
158.943	199.495
159.358	165.080
159.773	94.693
160.188	63.197
160.603	69.874
161.018	65.498
161.433	114.956
161.848	145.674
162.263	104.130
162.678	72.773
163.093	57.301
163.508	63.443
163.923	120.609
164.338	173.160
164.753	135.213
165.168	85.868
165.583	69.225
165.998	67.580
166.413	98.554
166.828	149.154
167.243	167.884
167.658	140.371
168.073	95.716
168.488	64.121
168.903	69.951
169.318	98.913
169.733	114.800
170.148	108.552
170.563	91.472
170.978	59.048
171.393	81.074
171.808	89.925
172.223	73.797
172.638	88.324
173.053	106.506
173.468	106.452
173.883	79.106
174.298	47.040
174.713	44.719
175.128	66.477
175.543	86.466
175.958	142.293
176.373	155.389
176.788	138.591
177.203	89.603
177.618	68.735
178.033	48.961
178.448	46.785
178.863	53.954
179.278	69.672
179.693	88.757
180.107	131.068
180.523	121.113
180.937	100.847
181.352	101.690
181.767	86.868
182.182	100.552
182.597	109.621
183.012	91.672
183.427	72.446
183.842	76.424
184.257	73.535
184.672	47.665
185.087	56.286
185.502	110.030
185.917	175.449
186.332	199.160
186.747	178.100
187.162	112.879
187.577	73.282
187.992	56.458
188.407	50.094
188.822	34.582
189.237	56.026
189.652	82.594
190.067	156.078
190.482	179.618
190.897	202.477
191.312	118.784
191.727	94.325
192.142	63.890
192.557	67.796
192.972	107.468
193.387	170.910
193.802	200.613
194.217	191.363
194.632	114.655
195.047	70.348
195.462	57.938
195.877	57.338
196.292	64.555
196.707	118.993
197.122	104.817
197.537	97.150
197.952	97.580
198.367	108.233
198.782	115.873
199.197	99.060
199.612	93.456
200.027	114.349
200.442	105.071
200.857	79.207
201.272	84.367
201.687	92.927
202.102	74.830
202.517	67.041
202.932	87.529
203.347	79.908
203.762	97.439
204.177	128.361
204.592	85.888
205.007	79.554
205.422	87.949
205.837	107.012
206.252	93.929
206.667	54.802
207.082	88.679
207.497	55.595
207.912	58.387
208.327	79.058
208.742	95.981
209.157	110.626
209.572	133.541
209.987	141.153
210.402	101.585
210.817	73.724
211.232	45.293
211.647	38.286
212.062	39.272
212.477	55.549
212.892	100.657
213.307	145.912
213.722	140.097
214.137	96.179
214.552	63.707
214.967	54.336
215.382	52.094
215.797	55.826
216.212	43.447
216.627	46.064
217.042	82.049
217.457	121.007
217.872	121.121
218.287	102.085
218.702	83.811
219.117	64.784
219.532	61.784
219.947	78.318
220.362	114.205
220.777	113.931
221.192	79.574
221.607	54.387
222.022	47.164
222.437	56.395
222.852	71.289
223.267	89.991
223.682	99.049
224.097	71.497
224.512	50.609
224.927	45.769
225.342	40.608
225.757	34.008
226.172	37.161
226.587	58.169
227.002	77.822
227.417	97.091
227.832	117.225
228.247	123.914
228.662	84.166
229.077	61.076
229.492	57.670
229.907	45.765
230.322	40.340
230.737	37.747
231.152	57.046
231.567	71.983
231.982	114.067
232.397	131.896
232.812	83.324
233.227	64.128
233.642	63.605
234.057	100.473
234.472	97.934
234.887	62.521
235.302	55.484
235.717	63.673
236.132	55.376
236.547	53.781
236.962	72.989
237.377	87.433
237.792	102.790
238.207	109.676
238.622	101.870
239.037	80.681
239.452	70.542
239.867	53.806
240.282	86.106
240.697	138.959
241.112	148.660
241.527	120.974
241.942	83.753
242.357	53.573
242.772	31.531
243.187	32.980
243.602	62.986
244.017	73.000