0.000	64.000
0.416	33.579
0.831	19.578
1.247	50.418
1.662	37.852
2.078	20.796
2.493	22.700
2.909	16.056
3.325	46.379
3.740	53.969
4.156	37.146
4.571	24.402
4.987	19.788
5.402	32.017
5.818	39.327
6.233	97.387
6.649	104.788
7.065	46.734
7.480	21.198
7.896	34.145
8.311	42.847
8.727	30.372
9.142	46.803
9.558	35.356
9.974	35.763
10.389	50.019
10.805	25.647
11.220	19.984
11.636	24.112
12.051	50.333
12.467	80.227
12.883	66.160
13.298	29.175
13.714	18.811
14.129	35.128
14.545	50.774
14.960	26.420
15.376	23.716
15.791	17.390
16.207	24.399
16.623	35.985
17.038	43.106
17.454	29.758
17.869	21.672
18.285	20.347
18.700	27.468
19.116	42.295
19.532	48.477
19.947	37.282
20.363	13.560
20.778	30.218
21.194	30.980
21.609	34.309
22.025	46.294
22.441	37.137
22.856	26.825
23.272	20.226
23.687	30.539
24.103	60.355
24.518	51.859
24.934	26.416
25.350	15.899
25.765	18.275
26.181	30.994
26.596	55.785
27.012	45.084
27.427	35.569
27.843	50.030
28.258	60.593
28.674	53.636
29.090	21.586
29.505	18.226
29.921	32.655
30.336	54.078
30.752	58.177
31.167	43.736
31.583	23.930
31.999	23.511
32.414	42.667
32.830	61.560
33.245	34.342
33.661	17.473
34.076	20.206
34.492	16.790
34.908	29.035
35.323	42.551
35.739	46.370
36.154	23.403
36.570	12.466
36.985	16.872
37.401	18.508
37.816	26.285
38.232	30.989
38.648	55.366
39.063	70.352
39.479	64.834
39.894	29.146
40.310	19.668
40.725	18.922
41.141	28.432
41.557	51.368
41.972	46.033
42.388	29.845
42.803	28.110
43.219	30.924
43.634	20.318
44.050	16.667
44.466	22.939
44.881	41.325
45.297	55.133
45.712	63.642
46.128	50.723
46.543	19.577
46.959	22.366
47.374	20.971
47.790	29.616
48.206	47.396
48.621	69.345
49.037	37.977
49.452	19.044
49.868	14.586
50.283	12.076
50.699	17.981
51.115	17.009
51.530	24.207
51.946	49.566
52.361	54.880
52.777	34.493
53.192	28.879
53.608	25.417
54.024	32.232
54.439	55.588
54.855	58.215
55.270	34.227
55.686	23.781
56.101	27.725
56.517	36.097
56.933	44.009
57.348	27.696
57.764	22.273
58.179	24.715
58.595	35.649
59.010	56.952
59.426	62.056
59.841	54.730
60.257	37.555
60.673	24.604
61.088	26.668
61.504	35.679
61.919	27.696
62.335	29.252
62.750	33.769
63.166	30.480
63.582	37.010
63.997	41.839
64.413	28.026
64.828	17.501
65.244	20.221
65.659	27.026
66.075	48.599
66.491	42.561
66.906	25.053
67.322	15.533
67.737	20.997
68.153	25.720
68.568	41.019
68.984	56.825
69.399	50.737
69.815	26.521
70.231	20.013
70.646	10.817
71.062	18.073
71.477	29.466
71.893	50.660
72.308	92.505
72.724	84.578
73.140	42.878
73.555	25.307
73.971	14.952
74.386	16.958
74.802	13.272
75.217	36.395
75.633	50.953
76.049	36.796
76.464	24.279
76.880	28.519
77.295	57.616
77.711	42.372
78.126	39.615
78.542	19.747
78.957	13.270
79.373	17.035
79.789	43.379
80.204	45.766
80.620	45.418
81.035	41.670
81.451	44.713
81.866	50.955
82.282	57.208
82.698	40.473
83.113	21.920
83.529	17.732
83.944	25.608
84.360	41.511
84.775	35.509
85.191	44.382
85.607	64.063
86.022	55.428
86.438	42.722
86.853	39.696
87.269	38.402
87.684	19.519
88.100	19.552
88.515	23.715
88.931	41.741
89.347	42.725
89.762	18.229
90.178	19.053
90.593	24.583
91.009	29.039
91.424	21.291
91.840	17.278
92.256	28.544
92.671	38.588
93.087	67.242
93.502	89.250
93.918	45.384
94.333	28.872
94.749	27.618
95.164	30.034
95.580	46.466
95.996	87.639
96.411	80.447
96.827	41.073
97.242	20.111
97.658	27.578
98.073	64.439
98.489	111.146
98.905	111.169
99.320	59.659
99.736	14.468
100.151	15.254
100.567	26.254
100.982	43.956
101.398	47.786
101.813	23.119
102.229	21.527
102.645	42.499
103.060	94.540
103.476	92.547
103.891	45.540
104.307	21.476
104.722	19.980
105.138	16.977
105.554	13.842
105.969	43.287
106.385	82.756
106.800	67.954
107.216	19.560
107.631	13.508
108.047	12.919
108.463	14.654
108.878	20.258
109.294	25.780
109.709	58.496
110.125	67.742
110.540	46.031
110.956	13.522
111.372	16.894
111.787	10.184
112.203	29.127
112.618	30.745
113.034	38.181
113.449	54.145
113.865	41.261
114.280	36.026
114.696	19.116
115.112	11.244
115.527	16.879
115.943	19.942
116.358	59.707
116.774	107.549
117.189	51.366
117.605	31.968
118.021	14.388
118.436	14.169
118.852	19.358
119.267	37.213
119.683	51.817
120.098	38.091
120.514	20.667
120.930	18.628
121.345	16.404
121.761	31.801
122.176	26.743
122.592	32.608
123.007	28.996
123.423	30.172
123.838	44.948
124.254	37.865
124.670	19.459
125.085	11.563
125.501	23.230
125.916	23.710
126.332	23.967
126.747	44.095
127.163	38.953
127.579	24.969
127.994	15.020
128.410	14.316
128.825	19.926
129.241	37.191
129.656	32.218
130.072	20.829
130.488	25.881
130.903	19.680
131.319	16.623
131.734	50.070
132.150	69.204
132.565	44.023
132.981	21.108
133.396	16.206
133.812	12.881
134.228	32.242
134.643	47.880
135.059	58.904
135.474	36.873
135.890	25.797
136.305	21.210
136.721	36.393
137.137	63.605
137.552	42.028
137.968	19.937
138.383	16.249
138.799	14.173
139.214	20.095
139.630	37.890
140.046	57.372
140.461	62.319
140.877	50.617
141.292	26.580
141.708	14.887
142.123	18.125
142.539	21.910
142.954	28.500
143.370	61.555
143.786	83.691
144.201	49.979
144.617	17.509
145.032	15.647
145.448	18.259
145.863	19.165
146.279	22.510
146.695	27.598
147.110	38.021
147.526	50.103
147.941	55.566
148.357	40.078
148.772	21.495
149.188	17.408
149.604	18.632
150.019	25.689
150.435	35.248
150.850	36.666
151.266	21.085
151.681	34.015
152.097	24.415
152.513	22.424
152.928	17.887
153.344	12.127
153.759	16.501
154.175	14.223
154.590	32.343
155.006	53.345
155.421	37.051
155.837	25.000