0.000	198.000
0.415	167.410
0.829	101.048
1.244	36.744
1.658	33.273
2.073	59.973
2.488	152.381
2.902	240.854
3.317	183.218
3.731	75.823
4.146	44.160
4.561	142.785
4.975	252.146
5.390	231.471
5.804	153.236
6.219	89.938
6.634	84.314
7.048	152.330
7.463	239.521
7.877	179.501
8.292	64.772
8.707	28.466
9.121	52.123
9.536	113.914
9.951	201.545
10.365	246.659
10.780	185.157
11.194	81.579
11.609	46.066
12.024	43.334
12.438	58.749
12.853	114.193
13.267	177.964
13.682	169.743
14.097	126.000
14.511	63.606
14.926	38.689
15.340	38.301
15.755	26.470
16.170	76.897
16.584	150.315
16.999	154.686
17.413	92.854
17.828	63.575
18.243	99.749
18.657	133.420
19.072	108.128
19.486	39.951
19.901	51.150
20.316	78.847
20.730	71.559
21.145	76.718
21.559	75.144
21.974	99.974
22.389	111.438
22.803	134.567
23.218	179.348
23.632	167.802
24.047	117.063
24.462	73.094
24.876	31.169
25.291	31.803
25.706	78.682
26.120	105.862
26.535	237.394
26.949	235.026
27.364	248.155
27.779	211.840
28.193	37.049
28.608	32.508
29.022	68.396
29.437	140.210
29.852	241.973
30.266	254.949
30.681	238.721
31.095	90.128
31.510	50.355
31.925	50.002
32.339	78.926
32.754	185.322
33.168	213.579
33.583	244.600
33.998	152.541
34.412	65.823
34.827	50.058
35.241	38.499
35.656	22.999
36.071	101.608
36.485	138.118
36.900	62.899
37.314	52.606
37.729	78.473
38.144	192.574
38.558	146.913
38.973	52.126
39.387	27.827
39.802	33.128
40.217	64.614
40.631	159.571
41.046	213.135
41.460	203.020
41.875	106.768
42.290	42.620
42.704	25.522
43.119	31.135
43.534	37.886
43.948	77.556
44.363	209.009
44.777	252.367
45.192	228.252
45.607	88.899
46.021	30.010
46.436	34.521
46.850	35.109
47.265	146.019
47.680	227.500
48.094	242.039
48.509	242.112
48.923	113.034
49.338	48.032
49.753	33.879
50.167	47.729
50.582	179.875
50.996	246.052
51.411	234.580
51.826	91.912
52.240	34.499
52.655	20.731
53.069	74.163
53.484	157.152
53.899	102.972
54.313	50.630
54.728	63.381
55.142	152.954
55.557	190.320
55.972	146.676
56.386	61.288
56.801	24.974
57.215	34.005
57.630	34.377
58.045	61.022
58.459	59.739
58.874	70.644
59.288	72.961
59.703	125.765
60.118	164.893
60.532	123.748
60.947	44.892
61.362	18.661
61.776	26.357
62.191	20.857
62.605	51.722
63.020	113.736
63.435	195.519
63.849	168.474
64.264	90.116
64.678	33.968
65.093	18.278
65.508	21.262
65.922	40.577
66.337	130.739
66.751	193.392
67.166	142.046
67.581	53.363
67.995	29.174
68.410	34.876
68.824	94.972
69.239	185.874
69.654	210.172
70.068	112.753
70.483	36.342
70.897	25.415
71.312	25.008
71.727	47.534
72.141	125.560
72.556	190.428
72.970	194.382
73.385	138.365
73.800	64.511
74.214	35.396
74.629	31.208
75.043	31.820
75.458	55.666
75.873	167.683
76.287	234.639
76.702	172.335
77.117	117.533
77.531	129.735
77.946	179.782
78.360	197.309
78.775	129.460
79.190	46.915
79.604	22.481
80.019	24.602
80.433	84.936
80.848	192.699
81.263	239.404
81.677	203.399
82.092	152.311
82.506	142.185
82.921	166.434
83.336	165.014
83.750	109.097
84.165	32.793
84.579	23.416
84.994	44.576
85.409	148.791
85.823	251.033
86.238	254.712
86.652	169.923
87.067	53.886
87.482	29.679
87.896	24.665
88.311	33.400
88.725	102.887
89.140	201.312
89.555	229.995
89.969	154.875
90.384	56.867
90.798	42.312
91.213	39.174
91.628	47.166
92.042	135.408
92.457	229.844
92.872	215.734
93.286	121.342
93.701	33.730
94.115	28.262
94.530	36.269
94.945	74.530
95.359	124.931
95.774	109.572
96.188	63.446
96.603	34.991
97.018	23.989
97.432	23.642
97.847	35.569
98.261	47.643
98.676	70.156
99.091	138.336
99.505	204.231
99.920	189.067
100.334	120.291
100.749	60.570
101.164	43.738
101.578	63.617
101.993	104.657
102.407	174.111
102.822	158.359
103.237	133.310
103.651	92.232
104.066	70.562
104.480	52.836
104.895	93.627
105.310	130.983
105.724	103.233
106.139	28.425
106.553	20.766
106.968	25.709
107.383	31.391
107.797	50.220
108.212	58.526
108.626	37.104
109.041	23.945
109.456	20.742
109.870	24.929
110.285	39.599
110.700	66.953
111.114	82.365
111.529	30.860
111.943	18.760
112.358	18.675
112.773	23.286
113.187	43.723
113.602	76.685
114.016	68.717
114.431	25.060
114.846	24.428
115.260	24.063
115.675	25.679
116.089	31.073
116.504	24.397
116.919	27.104
117.333	46.891
117.748	50.204
118.162	38.713
118.577	15.330
118.992	15.670
119.406	25.303
119.821	54.722
120.235	96.681
120.650	72.481
121.065	28.702
121.479	17.770
121.894	17.465
122.308	28.854
122.723	56.084
123.138	68.232
123.552	41.055
123.967	18.649
124.381	31.052
124.796	31.500
125.211	57.127
125.625	42.999
126.040	32.286
126.454	18.618
126.869	19.757
127.284	21.246
127.698	55.563
128.113	127.702
128.528	88.254
128.942	53.123
129.357	24.788
129.771	13.652
130.186	23.047
130.601	30.378
131.015	72.277
131.430	141.351
131.844	89.552
132.259	41.468
132.674	22.347
133.088	21.834
133.503	13.889
133.917	22.687
134.332	52.121
134.747	58.806
135.161	56.615
135.576	49.385
135.990	63.782
136.405	48.793
136.820	26.382
137.234	13.495
137.649	16.715
138.063	24.588
138.478	44.159
138.893	124.119
139.307	186.630
139.722	82.590
140.136	25.677
140.551	25.341
140.966	22.239
141.380	66.128
141.795	201.155
142.209	161.391
142.624	38.790
143.039	27.257
143.453	14.256
143.868	20.908
144.283	47.722
144.697	106.041
145.112	81.849
145.526	24.780
145.941	10.906
146.356	35.213
146.770	48.974
147.185	97.301
147.599	46.586
148.014	12.642
148.429	17.906
148.843	15.345
149.258	36.240
149.672	85.890
150.087	179.673
150.502	97.238
150.916	20.076
151.331	18.218
151.745	26.577
152.160	31.267
152.575	86.876
152.989	110.040
153.404	42.313
153.818	16.222
154.233	30.801
154.648	24.138
155.062	56.859
155.477	57.947
155.891	44.973
156.306	26.000