0.000	20.0000
0.104	24.1711
0.207	26.5664
0.311	29.4700
0.415	37.5821
0.519	27.5201
0.622	32.9782
0.726	43.7468
0.830	52.1721
0.934	58.9620
1.037	70.3043
1.141	86.3938
1.245	91.8082
1.349	96.8177
1.452	89.0971
1.556	73.9381
1.660	80.4650
1.764	69.1540
1.867	59.0239
1.971	49.6758
2.075	43.5629
2.179	42.6824
2.282	38.4864
2.386	36.0296
2.490	17.8325
2.594	25.5614
2.697	20.7270
2.801	16.5585
2.905	17.5066
3.009	14.8601
3.112	9.8506
3.216	9.1962
3.320	11.0240
3.424	12.6677
3.527	11.4632
3.631	14.5138
3.735	16.0245
3.839	15.4405
3.942	13.2270
4.046	17.5924
4.150	22.2892
4.254	27.3353
4.357	33.3922
4.461	39.3593
4.565	39.8200
4.669	45.8030
4.772	44.6639
4.876	44.3530
4.980	46.2605
5.084	48.2198
5.187	55.6372
5.291	53.5700
5.395	59.1091
5.499	59.7960
5.602	41.3280
5.706	48.6594
5.810	50.8849
5.914	47.9222
6.017	37.1983
6.121	40.4111
6.225	38.0699
6.329	29.3957
6.432	24.6418
6.536	28.7789
6.640	26.6966
6.744	27.6828
6.847	37.2666
6.951	31.4971
7.055	19.5231
7.158	23.5474
7.262	31.7985
7.366	37.5115
7.470	45.1475
7.573	50.5462
7.677	42.6232
7.781	44.1169
7.885	37.3227
7.988	44.1026
8.092	36.6817
8.196	31.7578
8.300	24.4770
8.403	21.1190
8.507	15.9617
8.611	12.1482
8.715	13.5571
8.818	11.9048
8.922	14.7541
9.026	18.1669
9.130	17.8673
9.233	19.4317
9.337	21.1595
9.441	18.8553
9.545	14.3354
9.648	27.8283
9.752	32.6151
9.856	38.8193
9.960	49.0109
10.063	72.2028
10.167	61.2078
10.271	66.8914
10.375	57.2906
10.478	61.7292
10.582	69.5680
10.686	61.2614
10.790	60.9367
10.893	60.7569
10.997	52.5025
11.101	43.1281
11.205	42.0671
11.308	35.9371
11.412	28.7643
11.516	20.5800
11.620	16.4373
11.723	14.2338
11.827	14.8438
11.931	16.8040
12.035	15.3992
12.138	17.3101
12.242	12.7201
12.346	10.6588
12.450	14.1106
12.553	12.3758
12.657	7.9792
12.761	16.0531
12.865	19.8330
12.968	14.5041
13.072	18.1869
13.176	21.6085
13.280	26.9768
13.383	30.0070
13.487	40.8864
13.591	50.2834
13.695	51.8155
13.798	58.3016
13.902	54.7887
14.006	49.5510
14.109	50.6858
14.213	48.9040
14.317	52.3925
14.421	55.5101
14.524	59.8779
14.628	62.6131
14.732	52.4686
14.836	37.3076
14.939	30.4183
15.043	31.4275
15.147	41.6450
15.251	30.6928
15.354	34.1867
15.458	30.9405
15.562	30.4790
15.666	26.9631
15.769	26.0949
15.873	22.6622
15.977	24.9811
16.081	20.4842
16.184	22.2593
16.288	34.1068
16.392	33.6925
16.496	39.2208
16.599	42.7054
16.703	59.1508
16.807	54.0750
16.911	61.4996
17.014	60.2769
17.118	60.7795
17.222	55.3040
17.326	75.4678
17.429	71.3427
17.533	66.6162
17.637	60.2417
17.741	58.4454
17.844	49.3394
17.948	37.5659
18.052	37.8924
18.156	36.7785
18.259	41.5171
18.363	41.3312
18.467	47.5400
18.571	41.7899
18.674	47.1392
18.778	35.5426
18.882	38.4207
18.986	49.4517
19.089	44.0495
19.193	26.6182
19.297	30.6158
19.401	27.3816
19.504	27.0954
19.608	33.4449
19.712	34.5448
19.816	37.7214
19.919	46.4273
20.023	57.9133
20.127	59.4193
20.231	46.4358
20.334	30.9196
20.438	40.5188
20.542	36.4350
20.646	32.9210
20.749	27.1941
20.853	25.7414
20.957	27.3633
21.060	22.6127
21.164	17.5117
21.268	14.6747
21.372	20.5959
21.475	16.0992
21.579	16.8081
21.683	23.3280
21.787	31.3944
21.890	25.6169
21.994	35.0910
22.098	45.1285
22.202	46.7729
22.305	50.8731
22.409	45.5117
22.513	31.4202
22.617	27.4020
22.720	28.2381
22.824	30.7218
22.928	27.6754
23.032	32.8253
23.135	28.0963
23.239	35.2640
23.343	42.7867
23.447	42.1223
23.550	54.9584
23.654	73.4887
23.758	71.5084
23.862	77.9486
23.965	58.9338
24.069	54.5922
24.173	49.1681
24.277	44.1200
24.380	49.9084
24.484	45.7354
24.588	33.0326
24.692	24.4767
24.795	23.1218
24.899	17.4151
25.003	11.8708
25.107	14.6379
25.210	14.7763
25.314	13.3928
25.418	14.3383
25.522	13.0535
25.625	9.3619
25.729	12.3750
25.833	13.9167
25.937	18.6832
26.040	15.1269
26.144	13.8550
26.248	19.0254
26.352	22.3074
26.455	25.9272
26.559	27.6997
26.663	39.0373
26.767	39.8403
26.870	48.9968
26.974	58.2253
27.078	59.8941
27.182	64.6103
27.285	66.0029
27.389	59.0099
27.493	43.8607
27.597	52.3180
27.700	48.8984
27.804	34.1334
27.908	28.2446
28.011	19.7979
28.115	16.8792
28.219	12.1394
28.323	21.6632
28.426	20.7367
28.530	13.2483
28.634	12.0500
28.738	15.1059
28.841	14.3602
28.945	11.4469
29.049	12.9333
29.153	12.7594
29.256	12.7144
29.360	19.1293
29.464	24.1864
29.568	28.8473
29.671	29.5034
29.775	42.6414
29.879	33.5098
29.983	41.2220
30.086	61.7610
30.190	63.5678
30.294	75.4368
30.398	65.5485
30.501	64.1843
30.605	56.8346
30.709	53.5691
30.813	44.0419
30.916	39.8959
31.020	41.7988
31.124	31.9279
31.228	27.7444
31.331	23.6417
31.435	15.7625
31.539	13.7795
31.643	13.7599
31.746	15.9296
31.850	17.3280
31.954	13.8457
32.058	9.5349
32.161	10.4602
32.265	14.4690
32.369	11.9410
32.473	7.7881
32.576	7.5941
32.680	7.5812
32.784	9.9043
32.888	12.5836
32.991	16.9058
33.095	10.2118
33.199	16.3181
33.303	14.5682
33.406	17.8144
33.510	34.6915
33.614	33.1429
33.718	32.8013
33.821	37.3919
33.925	39.6289
34.029	49.7340
34.133	54.0125
34.236	62.5954
34.340	59.8647
34.444	61.5247
34.548	61.7799
34.651	67.4458
34.755	48.4122
34.859	50.6736
34.962	57.3057
35.066	64.5975
35.170	54.3413
35.274	35.5259
35.377	32.4957
35.481	24.2664
35.585	20.7913
35.689	17.7262
35.792	24.6340
35.896	18.1964
36.000	13.6497
36.104	13.8948
36.207	11.9493
36.311	7.8212
36.415	13.1955
36.519	14.8170
36.622	17.9169
36.726	14.0023
36.830	21.0683
36.934	25.9861
37.037	31.2632
37.141	30.9663
37.245	39.0313
37.349	40.4625
37.452	37.7706
37.556	42.4545
37.660	49.3956
37.764	47.4329
37.867	52.3777
37.971	65.0340
38.075	71.8774
38.179	60.5501
38.282	42.5724
38.386	36.1257
38.490	29.4966
38.594	28.8438
38.697	24.4087
38.801	20.4701
38.905	23.0001
39.009	14.4541
39.112	19.0836
39.216	21.1572
39.320	21.9810
39.424	20.3595
39.527	19.7724
39.631	26.1730
39.735	30.2690
39.839	25.5226
39.942	33.6363
40.046	34.0365
40.150	34.4000
40.254	42.2222
40.357	44.6305
40.461	48.2142
40.565	45.0650
40.669	46.8631
40.772	42.4271
40.876	41.1915
40.980	42.1814
41.084	45.3440
41.187	40.5413
41.291	40.2507
41.395	41.8000
41.499	40.7375
41.602	53.3077
41.706	47.1711
41.810	44.9234
41.913	40.7268
42.017	37.5054
42.121	25.6032
42.225	15.1374
42.328	19.7773
42.432	16.7754
42.536	23.7773
42.640	28.0757
42.743	32.3659
42.847	28.4680
42.951	33.6726
43.055	44.5849
43.158	44.0141
43.262	35.2501
43.366	37.3327
43.470	19.7006
43.573	24.5400
43.677	21.7054
43.781	19.6440
43.885	18.2726
43.988	13.8845
44.092	12.5785
44.196	15.2129
44.300	15.9071
44.403	15.1122
44.507	15.1512
44.611	19.3745
44.715	22.3498
44.818	23.4907
44.922	19.9620
45.026	24.2790
45.130	30.8145
45.233	30.0091
45.337	36.6598
45.441	50.2891
45.545	66.0963
45.648	81.1922
45.752	70.2720
45.856	83.8109
45.960	85.6201
46.063	75.4624
46.167	78.5714
46.271	61.2726
46.375	52.0355
46.478	49.8642
46.582	56.0690
46.686	58.1892
46.790	66.6601
46.893	61.0323
46.997	51.3742
47.101	42.8198
47.205	26.7188
47.308	26.3571
47.412	26.1144
47.516	16.6261
47.620	14.4126
47.723	18.0506
47.827	13.2819
47.931	13.4556
48.035	10.2886
48.138	10.1131
48.242	9.6976
48.346	14.3990
48.450	13.3414
48.553	14.7322
48.657	15.5686
48.761	16.5328
48.864	15.8630
48.968	19.3839
49.072	23.8511
49.176	25.7512
49.279	30.7482
49.383	46.4552
49.487	57.9439
49.591	66.9728
49.694	75.5997
49.798	102.8108
49.902	96.5083
50.006	106.8594
50.109	86.5753
50.213	82.4469
50.317	76.1248
50.421	64.7719
50.524	57.9501
50.628	44.9429
50.732	25.7441
50.836	19.2103
50.939	20.3445
51.043	17.9848
51.147	22.0286
51.251	26.7784
51.354	22.0284
51.458	17.2647
51.562	12.5049
51.666	17.8311
51.769	11.3273
51.873	13.9883
51.977	19.2216
52.081	20.3091
52.184	19.4648
52.288	18.0024
52.392	22.5148
52.496	21.1596
52.599	24.7296
52.703	32.0071
52.807	48.6764
52.911	46.5976
53.014	45.6769
53.118	54.0300
53.222	69.2789
53.326	69.9912
53.429	73.9725
53.533	65.7820
53.637	67.0157
53.741	62.0380
53.844	66.1170
53.948	53.4286
54.052	37.1781
54.156	29.6383
54.259	24.5582
54.363	26.5583
54.467	21.9273
54.571	21.2534
54.674	17.6357
54.778	15.8046
54.882	9.7833
54.986	16.4245
55.089	12.4566
55.193	13.0731
55.297	13.9239
55.401	17.2624
55.504	23.2284
55.608	19.1497
55.712	22.2968
55.815	28.6352
55.919	16.5229
56.023	28.3856
56.127	32.1774
56.230	35.7373
56.334	34.8151
56.438	44.0272
56.542	52.3195
56.645	61.1596
56.749	64.1392
56.853	71.0847
56.957	81.8021
57.060	82.7956
57.164	77.4365
57.268	83.0219
57.372	81.5632
57.475	59.9867
57.579	48.0612
57.683	41.9262
57.787	30.2677
57.890	27.7007
57.994	21.9266
58.098	23.7188
58.202	17.4549
58.305	13.8459
58.409	17.0772
58.513	16.0298
58.617	9.4555
58.720	10.3442
58.824	12.5523
58.928	13.5374
59.032	13.6865
59.135	12.5970
59.239	14.1450
59.343	18.2682
59.447	21.3362
59.550	25.0158
59.654	25.8344
59.758	33.2477
59.862	35.0796
59.965	41.4323
60.069	42.3408
60.173	39.9042
60.277	50.1578
60.380	75.2493
60.484	88.7876
60.588	88.6100
60.692	80.5417
60.795	93.5628
60.899	93.9513
61.003	90.2145
61.107	82.3030
61.210	73.5116
61.314	64.2368
61.418	57.3515
61.522	42.2929
61.625	38.8198
61.729	23.0308
61.833	21.4397
61.937	18.7731
62.040	17.6512
62.144	11.1803
62.248	12.1513
62.352	12.8548
62.455	10.6250
62.559	9.2928
62.663	7.3566
62.766	12.2546
62.870	11.6194
62.974	15.1070
63.078	16.4338
63.181	16.0929
63.285	21.2056
63.389	14.7235
63.493	24.8427
63.596	30.5561
63.700	28.7589
63.804	27.5251
63.908	35.2654
64.011	56.6495
64.115	68.8343
64.219	80.0000
64.323	89.3914
64.426	87.9104
64.530	67.8310
64.634	81.2284
64.738	69.4521
64.841	58.0907
64.945	46.1323
65.049	54.1257
65.153	59.2123
65.256	64.2757
65.360	52.9109
65.464	72.2661
65.568	72.5837
65.671	88.7199
65.775	77.8715
65.879	86.3689
65.983	76.5759
66.086	67.1266
66.190	50.3745
66.294	39.6910
66.398	36.1711
66.501	28.8547
66.605	24.1409
66.709	21.8233
66.813	22.8086
66.916	16.4917
67.020	11.6875
67.124	10.8219
67.228	13.1497
67.331	9.5670
67.435	11.6534
67.539	12.1483
67.643	15.6281
67.746	20.1354
67.850	16.9987
67.954	18.6806
68.058	19.5973
68.161	21.3392
68.265	20.4481
68.369	27.0336
68.473	32.6054
68.576	43.3545
68.680	41.8279
68.784	52.0484
68.888	51.0139
68.991	64.4620
69.095	74.9568
69.199	75.9892
69.303	73.7384
69.406	82.6520
69.510	82.0818
69.614	76.5444
69.717	82.5990
69.821	71.7011
69.925	62.6698
70.029	56.5502
70.132	54.4323
70.236	41.3733
70.340	44.2264
70.444	33.5481
70.547	30.8759
70.651	20.7695
70.755	18.8478
70.859	24.0010
70.962	22.7288
71.066	18.6956
71.170	16.4614
71.274	19.6886
71.377	20.0104
71.481	23.2214
71.585	33.8910
71.689	39.0384
71.792	26.5324
71.896	35.4977
72.000	36.0791
72.104	42.6108
72.207	39.7877
72.311	35.9887
72.415	42.1326
72.519	37.6688
72.622	31.7123
72.726	40.1835
72.830	39.2205
72.934	39.6322
73.037	45.7376
73.141	45.7974
73.245	66.2879
73.349	70.2255
73.452	71.5519
73.556	72.7962
73.660	94.8919
73.764	67.7279
73.867	62.0551
73.971	69.2431
74.075	54.7189
74.179	43.5264
74.282	33.4811
74.386	28.3276
74.490	23.0214
74.594	21.5408
74.697	16.6369
74.801	14.3413
74.905	14.6899
75.009	12.5694
75.112	10.6071
75.216	12.9854
75.320	14.8144
75.424	14.8277
75.527	17.4911
75.631	15.0648
75.735	18.5157
75.839	22.8237
75.942	31.0806
76.046	49.5753
76.150	47.2783
76.254	54.0379
76.357	67.3236
76.461	90.3610
76.565	82.8148
76.668	93.3879
76.772	86.6378
76.876	83.5660
76.980	81.1098
77.083	63.2637
77.187	58.7298
77.291	66.2917
77.395	66.0667
77.498	77.8306
77.602	61.0622
77.706	40.8946
77.810	37.2111
77.913	33.5706
78.017	21.4978
78.121	19.7047
78.225	17.7640
78.328	14.6924
78.432	18.5600
78.536	17.8202
78.640	16.8646
78.743	12.0328
78.847	11.7222
78.951	9.4982
79.055	9.8624
79.158	11.8830
79.262	10.1873
79.366	11.4010
79.470	10.4060
79.573	11.8862
79.677	13.1153
79.781	15.3640
79.885	14.5577
79.988	24.4672
80.092	24.2319
80.196	28.5245
80.300	40.1277
80.403	35.2929
80.507	34.0583
80.611	43.5663
80.715	40.4108
80.818	36.1126
80.922	30.7497
81.026	32.4119
81.130	27.8625
81.233	31.1186
81.337	33.5804
81.441	30.1117
81.545	24.6774
81.648	24.5339
81.752	20.8606
81.856	14.3717
81.960	19.4754
82.063	17.3391
82.167	21.6055
82.271	11.5729
82.375	14.9387
82.478	13.4792
82.582	12.8233
82.686	18.7309
82.790	12.8311
82.893	13.0589
82.997	15.0736
83.101	19.5128
83.205	17.4206
83.308	20.0669
83.412	23.2457
83.516	27.2030
83.619	23.4543
83.723	29.6532
83.827	28.1498
83.931	30.2899
84.034	33.6937
84.138	36.0758
84.242	41.0969
84.346	34.4306
84.449	36.1167
84.553	29.0297
84.657	22.0786
84.761	24.1541
84.864	21.8122
84.968	16.2578
85.072	16.5910
85.176	21.5901
85.279	12.1887
85.383	15.2010
85.487	14.7176
85.591	14.3284
85.694	19.2800
85.798	14.3054
85.902	13.8858
86.006	12.6921
86.109	10.5946
86.213	14.5266
86.317	10.4673
86.421	14.4706
86.524	15.5064
86.628	18.0583
86.732	16.8166
86.836	18.7457
86.939	23.0900
87.043	24.5708
87.147	32.4388
87.251	38.8398
87.354	41.2278
87.458	46.4401
87.562	48.9169
87.666	50.1223
87.769	54.1114
87.873	56.9427
87.977	52.0691
88.081	47.4596
88.184	36.7345
88.288	32.1764
88.392	27.1754
88.496	27.9393
88.599	25.1101
88.703	17.1953
88.807	15.0389
88.911	10.0142
89.014	9.6755
89.118	11.4549
89.222	12.6240
89.326	13.9227
89.429	19.2013
89.533	16.4965
89.637	13.6104
89.741	15.1639
89.844	17.4512
89.948	16.7937
90.052	24.5432
90.156	28.0231
90.259	25.7157
90.363	34.6976
90.467	32.5391
90.570	29.2145
90.674	33.1544
90.778	36.3627
90.882	39.4735
90.985	51.2403
91.089	44.9362
91.193	43.9930
91.297	50.4320
91.400	50.4658
91.504	42.9238
91.608	44.5430
91.712	43.3476
91.815	40.3140
91.919	30.2764
92.023	31.8298
92.127	23.9220
92.230	28.4054
92.334	25.5041
92.438	22.6326
92.542	16.6503
92.645	14.6620
92.749	13.7043
92.853	16.5559
92.957	16.9996
93.060	19.1917
93.164	16.1039
93.268	13.9558
93.372	15.2634
93.475	16.0759
93.579	18.3030
93.683	21.4243
93.787	23.0722
93.890	26.7171
93.994	27.0892
94.098	43.6804
94.202	52.4461
94.305	56.1262
94.409	42.6004
94.513	42.1942
94.617	33.4975
94.720	33.0995
94.824	28.5676
94.928	19.7167
95.032	17.4297
95.135	17.4590
95.239	17.2459
95.343	15.2639
95.447	11.0452
95.550	12.7824
95.654	12.0326
95.758	14.6522
95.862	13.6935
95.965	16.5802
96.069	17.5074
96.173	26.5321
96.277	27.2054
96.380	29.3476
96.484	29.4721
96.588	19.9928
96.692	25.4727
96.795	30.0078
96.899	30.2593
97.003	23.8307
97.107	24.0399
97.210	27.4749
97.314	28.5404
97.418	24.8185
97.521	22.1881
97.625	15.6379
97.729	19.1946
97.833	17.2121
97.936	14.7883
98.040	17.7550
98.144	15.4393
98.248	15.8565
98.351	22.0456
98.455	23.7061
98.559	18.8538
98.663	18.9696
98.766	18.9731
98.870	22.9697
98.974	23.9012
99.078	28.5745
99.181	37.0103
99.285	41.3702
99.389	41.3611
99.493	51.9577
99.596	61.0414
99.700	53.1481
99.804	48.8951
99.908	46.0921
100.011	40.4023
100.115	35.4759
100.219	31.2011
100.323	20.1043
100.426	20.5904
100.530	22.6617
100.634	19.1593
100.738	20.9538
100.841	24.1437
100.945	22.7542
101.049	17.4525
101.153	19.9313
101.256	16.1973
101.360	15.1274
101.464	14.9881
101.568	15.6726
101.671	20.2422
101.775	18.1832
101.879	16.4366
101.983	31.0940
102.086	32.9781
102.190	41.6413
102.294	44.7277
102.398	42.7513
102.501	39.4560
102.605	46.3828
102.709	41.2413
102.813	41.8103
102.916	46.0050
103.020	48.4165
103.124	52.7881
103.228	40.6275
103.331	41.8482
103.435	53.8750
103.539	45.6754
103.643	41.9811
103.746	26.1072
103.850	21.1481
103.954	21.5511
104.058	19.6541
104.161	27.6253
104.265	19.2763
104.369	20.1999
104.472	25.4364
104.576	18.5204
104.680	18.9968
104.784	18.2575
104.887	19.5206
104.991	24.1236
105.095	31.4634
105.199	32.5278
105.302	37.2210
105.406	32.9864
105.510	50.3488
105.614	47.3668
105.717	61.1768
105.821	66.4534
105.925	59.6003
106.029	67.9782
106.132	65.5413
106.236	58.2416
106.340	63.6450
106.444	67.7456
106.547	62.2512
106.651	54.7913
106.755	44.9278
106.859	49.2255
106.962	55.5355
107.066	60.6656
107.170	47.0971
107.274	33.9229
107.377	29.7970
107.481	25.3294
107.585	21.7424
107.689	17.3757
107.792	19.4014
107.896	19.1646
108.000	16.3129
108.104	14.9512
108.207	14.9241
108.311	23.7903
108.415	20.0277
108.519	12.6530
108.622	16.1373
108.726	15.7859
108.830	20.1101
108.934	27.9491
109.037	24.4027
109.141	29.9673
109.245	34.1232
109.349	41.9909
109.452	57.6419
109.556	47.6260
109.660	45.1430
109.764	41.7512
109.867	36.3515
109.971	31.5526
110.075	25.3016
110.179	24.2425
110.282	19.7671
110.386	17.3598
110.490	16.6133
110.594	15.2996
110.697	20.8562
110.801	20.9352
110.905	19.1704
111.008	16.3578
111.112	17.1341
111.216	13.1118
111.320	13.9617
111.423	15.0260
111.527	11.4735
111.631	13.6396
111.735	14.6979
111.838	15.0448
111.942	14.8147
112.046	10.9637
112.150	9.3867
112.253	11.0153
112.357	16.2870
112.461	13.2825
112.565	13.1551
112.668	17.8559
112.772	22.5231
112.876	29.3842
112.980	36.4289
113.083	29.9902
113.187	31.7054
113.291	38.2116
113.395	35.8775
113.498	29.8686
113.602	36.6081
113.706	33.4743
113.810	27.4759
113.913	24.1351
114.017	18.0835
114.121	19.2842
114.225	15.0000