0.0000	57.000
0.1037	78.158
0.2074	94.111
0.3112	102.196
0.4149	102.986
0.5186	105.387
0.6223	96.715
0.7261	84.983
0.8298	70.905
0.9335	47.645
1.0372	39.605
1.1409	27.840
1.2447	25.496
1.3484	17.795
1.4521	16.316
1.5558	12.389
1.6596	8.071
1.7633	7.681
1.8670	8.948
1.9707	9.989
2.0744	11.732
2.1782	13.218
2.2819	19.866
2.3856	28.630
2.4893	41.607
2.5930	52.829
2.6968	66.590
2.8005	79.705
2.9042	96.219
3.0079	98.901
3.1117	97.613
3.2154	79.290
3.3191	62.477
3.4228	45.839
3.5265	34.846
3.6303	28.071
3.7340	20.180
3.8377	17.567
3.9414	13.236
4.0452	8.791
4.1489	8.963
4.2526	9.660
4.3563	10.839
4.4600	11.899
4.5638	15.041
4.6675	20.958
4.7712	29.892
4.8749	49.580
4.9787	52.390
5.0824	70.513
5.1861	82.264
5.2898	90.141
5.3935	92.659
5.4973	89.728
5.6010	85.534
5.7047	66.457
5.8084	53.987
5.9122	39.625
6.0159	35.509
6.1196	20.651
6.2233	15.960
6.3270	10.076
6.4308	8.677
6.5345	8.009
6.6382	6.065
6.7419	6.992
6.8457	6.434
6.9494	6.817
7.0531	8.692
7.1568	11.422
7.2605	12.647
7.3643	16.872
7.4680	22.681
7.5717	34.850
7.6754	63.988
7.7791	86.274
7.8829	104.745
7.9866	137.759
8.0903	156.081
8.1940	161.131
8.2978	164.174
8.4015	156.186
8.5052	139.409
8.6089	129.318
8.7126	93.208
8.8164	84.621
8.9201	50.012
9.0238	32.283
9.1275	23.362
9.2313	14.880
9.3350	10.521
9.4387	7.362
9.5424	7.562
9.6461	7.053
9.7499	5.147
9.8536	5.101
9.9573	4.132
10.0610	6.655
10.1648	8.949
10.2685	9.865
10.3722	12.256
10.4759	24.219
10.5796	39.890
10.6834	64.171
10.7871	82.266
10.8908	105.276
10.9945	126.528
11.0983	131.978
11.2020	120.950
11.3057	104.978
11.4094	85.932
11.5131	81.697
11.6169	61.598
11.7206	49.160
11.8243	41.527
11.9280	32.936
12.0317	31.360
12.1355	36.865
12.2392	45.191
12.3429	58.864
12.4466	79.122
12.5504	92.786
12.6541	106.388
12.7578	129.742
12.8615	142.899
12.9652	149.463
13.0690	136.693
13.1727	112.589
13.2764	88.466
13.3801	65.933
13.4839	43.394
13.5876	31.305
13.6913	18.159
13.7950	11.821
13.8987	10.942
14.0025	9.632
14.1062	7.370
14.2099	6.434
14.3136	8.996
14.4174	9.509
14.5211	9.206
14.6248	12.325
14.7285	16.315
14.8322	28.430
14.9360	41.678
15.0397	51.829
15.1434	61.997
15.2471	76.924
15.3509	76.560
15.4546	80.628
15.5583	81.876
15.6620	64.838
15.7657	59.205
15.8695	48.082
15.9732	35.107
16.0769	31.889
16.1806	26.891
16.2843	29.663
16.3881	26.005
16.4918	28.264
16.5955	29.854
16.6992	35.676
16.8030	38.434
16.9067	55.179
17.0104	67.474
17.1141	72.899
17.2178	82.615
17.3216	83.518
17.4253	95.722
17.5290	98.174
17.6327	95.591
17.7365	85.601
17.8402	76.428
17.9439	58.967
18.0476	47.382
18.1513	36.665
18.2551	18.372
18.3588	16.774
18.4625	12.005
18.5662	7.764
18.6700	8.107
18.7737	7.718
18.8774	5.854
18.9811	6.337
19.0848	5.112
19.1886	5.446
19.2923	5.939
19.3960	6.091
19.4997	6.000
19.6035	6.759
19.7072	7.452
19.8109	9.355
19.9146	18.098
20.0183	29.654
20.1221	41.745
20.2258	53.047
20.3295	88.845
20.4332	107.643
20.5370	128.619
20.6407	148.565
20.7444	151.968
20.8481	149.115
20.9518	143.353
21.0556	102.531
21.1593	72.406
21.2630	58.141
21.3667	43.390
21.4704	28.855
21.5742	23.363
21.6779	18.674
21.7816	12.990
21.8853	12.876
21.9891	13.257
22.0928	15.935
22.1965	18.818
22.3002	23.611
22.4039	33.014
22.5077	44.643
22.6114	58.973
22.7151	75.529
22.8188	77.690
22.9226	69.268
23.0263	61.869
23.1300	59.243
23.2337	42.054
23.3374	27.871
23.4412	20.970
23.5449	16.718
23.6486	12.729
23.7523	10.853
23.8561	9.454
23.9598	6.635
24.0635	6.046
24.1672	6.975
24.2709	7.205
24.3747	10.744
24.4784	16.125
24.5821	19.988
24.6858	26.271
24.7896	36.898
24.8933	52.749
24.9970	79.233
25.1007	98.434
25.2044	99.595
25.3082	120.458
25.4119	119.091
25.5156	112.892
25.6193	97.513
25.7230	70.963
25.8268	51.864
25.9305	33.727
26.0342	23.378
26.1379	17.725
26.2417	14.791
26.3454	12.575
26.4491	11.178
26.5528	8.921
26.6565	9.402
26.7603	11.645
26.8640	13.467
26.9677	15.214
27.0714	23.421
27.1752	33.651
27.2789	42.455
27.3826	55.451
27.4863	69.644
27.5900	74.999
27.6938	101.027
27.7975	110.429
27.9012	115.172
28.0049	115.496
28.1087	122.314
28.2124	109.395
28.3161	102.943
28.4198	86.343
28.5235	65.133
28.6273	51.919
28.7310	35.241
28.8347	24.878
28.9384	13.759
29.0421	17.295
29.1459	10.293
29.2496	9.211
29.3533	7.971
29.4570	7.044
29.5608	6.961
29.6645	6.382
29.7682	6.013
29.8719	6.557
29.9757	9.591
30.0794	10.384
30.1831	13.852
30.2868	17.843
30.3905	33.226
30.4943	50.588
30.5980	73.360
30.7017	107.651
30.8054	130.704
30.9092	156.533
31.0129	194.138
31.1166	176.614
31.2203	187.655
31.3240	173.288
31.4278	146.209
31.5315	114.031
31.6352	81.378
31.7389	55.635
31.8426	34.625
31.9464	29.014
32.0501	24.037
32.1538	14.697
32.2575	11.836
32.3613	9.136
32.4650	6.663
32.5687	6.352
32.6724	6.206
32.7761	6.346
32.8799	7.594
32.9836	11.013
33.0873	13.305
33.1910	24.652
33.2948	34.173
33.3985	51.029
33.5022	78.083
33.6059	101.430
33.7096	111.770
33.8134	120.588
33.9171	123.621
34.0208	116.866
34.1245	111.598
34.2283	92.539
34.3320	73.092
34.4357	58.934
34.5394	45.872
34.6431	32.883
34.7469	24.136
34.8506	19.124
34.9543	17.713
35.0580	15.668
35.1618	16.686
35.2655	23.359
35.3692	29.854
35.4729	33.966
35.5766	44.842
35.6804	53.644
35.7841	57.452
35.8878	54.223
35.9915	61.930
36.0952	55.662
36.1990	46.623
36.3027	35.523
36.4064	32.762
36.5101	29.386
36.6139	25.408
36.7176	30.609
36.8213	30.534
36.9250	31.770
37.0287	29.541
37.1325	30.692
37.2362	36.432
37.3399	34.018
37.4436	28.043
37.5474	24.504
37.6511	17.020
37.7548	9.944
37.8585	7.716
37.9622	7.483
38.0660	8.061
38.1697	7.241
38.2734	10.117
38.3771	9.938
38.4809	14.770
38.5846	24.225
38.6883	33.166
38.7920	49.736
38.8957	73.687
38.9995	95.670
39.1032	121.492
39.2069	122.143
39.3106	111.809
39.4143	98.321
39.5181	77.485
39.6218	56.072
39.7255	41.947
39.8292	27.800
39.9330	14.564
40.0367	15.944
40.1404	8.988
40.2441	11.963
40.3479	12.634
40.4516	16.230
40.5553	19.497
40.6590	28.737
40.7627	43.930
40.8665	54.694
40.9702	73.714
41.0739	94.094
41.1776	103.393
41.2813	113.061
41.3851	105.582
41.4888	96.438
41.5925	85.149
41.6962	64.869
41.8000	56.219
41.9037	38.752
42.0074	35.711
42.1111	28.320
42.2148	29.508
42.3186	29.142
42.4223	28.684
42.5260	29.239
42.6297	33.683
42.7335	40.723
42.8372	42.418
42.9409	35.291
43.0446	30.877
43.1483	22.466
43.2521	15.960
43.3558	13.830
43.4595	10.518
43.5632	10.113
43.6670	11.143
43.7707	12.128
43.8744	12.362
43.9781	10.571
44.0818	11.886
44.1856	15.114
44.2893	17.235
44.3930	27.612
44.4967	39.967
44.6005	55.143
44.7042	73.714
44.8079	88.289
44.9116	93.785
45.0153	102.751
45.1191	88.617
45.2228	83.231
45.3265	69.006
45.4302	60.695
45.5340	47.543
45.6377	33.415
45.7414	30.207
45.8451	24.382
45.9488	23.324
46.0526	24.134
46.1563	30.949
46.2600	33.641
46.3637	36.364
46.4674	37.511
46.5712	40.036
46.6749	38.608
46.7786	41.847
46.8823	40.536
46.9861	37.782
47.0898	30.460
47.1935	25.430
47.2972	18.959
47.4009	13.469
47.5047	8.812
47.6084	11.454
47.7121	9.967
47.8158	8.154
47.9196	8.169
48.0233	7.334
48.1270	7.952
48.2307	8.701
48.3344	8.431
48.4382	10.206
48.5419	15.559
48.6456	17.568
48.7493	25.035
48.8531	29.286
48.9568	26.794
49.0605	30.114
49.1642	32.583
49.2679	26.391
49.3717	25.448
49.4754	20.264
49.5791	21.972
49.6828	23.061
49.7865	24.564
49.8903	26.715
49.9940	29.051
50.0977	37.604
50.2014	38.633
50.3052	50.324
50.4089	49.762
50.5126	52.532
50.6163	57.729
50.7200	55.877
50.8238	48.018
50.9275	36.357
51.0312	26.099
51.1349	16.445
51.2387	16.687
51.3424	11.117
51.4461	10.278
51.5498	8.971
51.6535	7.747
51.7573	6.835
51.8610	5.580
51.9647	6.007
52.0684	8.183
52.1722	6.727
52.2759	7.265
52.3796	7.689
52.4833	9.202
52.5870	9.017
52.6908	9.254
52.7945	11.840
52.8982	14.759
53.0019	17.276
53.1056	23.675
53.2094	30.856
53.3131	34.055
53.4168	45.222
53.5205	51.232
53.6243	58.179
53.7280	62.375
53.8317	51.834
53.9354	43.533
54.0392	34.874
54.1429	26.938
54.2466	15.667
54.3503	14.463
54.4540	11.639
54.5578	11.264
54.6615	8.247
54.7652	8.600
54.8689	9.054
54.9726	10.431
55.0764	10.649
55.1801	13.516
55.2838	17.037
55.3875	24.564
55.4913	34.451
55.5950	47.405
55.6987	55.686
55.8024	71.579
55.9061	75.274
56.0099	71.562
56.1136	71.130
56.2173	61.576
56.3210	48.759
56.4248	37.113
56.5285	24.685
56.6322	18.196
56.7359	15.706
56.8396	10.962
56.9434	11.081
57.0471	10.040
57.1508	10.404
57.2545	8.821
57.3583	9.884
57.4620	8.283
57.5657	10.134
57.6694	8.959
57.7731	10.456
57.8769	13.138
57.9806	16.392
58.0843	22.122
58.1880	25.050
58.2917	33.685
58.3955	46.399
58.4992	46.545
58.6029	52.557
58.7066	71.057
58.8104	77.874
58.9141	80.117
59.0178	80.038
59.1215	84.850
59.2252	80.225
59.3290	78.528
59.4327	73.628
59.5364	58.703
59.6401	54.336
59.7439	40.362
59.8476	38.179
59.9513	29.711
60.0550	22.989
60.1587	29.859
60.2625	15.995
60.3662	21.787
60.4699	19.057
60.5736	19.527
60.6774	20.223
60.7811	15.388
60.8848	15.539
60.9885	14.069
61.0922	10.295
61.1960	11.624
61.2997	8.158
61.4034	8.514
61.5071	7.191
61.6109	6.134
61.7146	8.691
61.8183	6.070
61.9220	7.424
62.0257	9.568
62.1295	13.527
62.2332	16.932
62.3369	24.304
62.4406	30.212
62.5443	41.623
62.6481	53.408
62.7518	65.746
62.8555	56.111
62.9592	45.032
63.0630	32.335
63.1667	21.767
63.2704	17.987
63.3741	14.113
63.4779	10.457
63.5816	8.449
63.6853	8.323
63.7890	11.751
63.8927	11.620
63.9965	12.775
64.1002	15.015
64.2039	19.041
64.3076	26.041
64.4113	44.763
64.5151	58.133
64.6188	66.588
64.7225	83.370
64.8262	86.107
64.9300	78.074
65.0337	66.469
65.1374	48.672
65.2411	38.746
65.3448	20.183
65.4486	12.496
65.5523	10.850
65.6560	10.196
65.7597	7.984
65.8635	6.476
65.9672	6.837
66.0709	5.664
66.1746	5.210
66.2783	5.965
66.3821	6.719
66.4858	8.011
66.5895	9.383
66.6932	7.478
66.7970	9.961
66.9007	13.964
67.0044	15.145
67.1081	17.039
67.2118	26.911
67.3156	33.288
67.4193	39.057
67.5230	43.601
67.6267	48.732
67.7304	57.892
67.8342	52.029
67.9379	57.540
68.0416	54.694
68.1453	48.446
68.2491	40.377
68.3528	29.777
68.4565	20.031
68.5602	16.761
68.6639	10.050
68.7677	7.570
68.8714	6.770
68.9751	6.795
69.0788	6.279
69.1826	6.536
69.2863	6.145
69.3900	6.417
69.4937	5.885
69.5974	7.863
69.7012	7.764
69.8049	11.917
69.9086	16.866
70.0123	21.513
70.1161	32.736
70.2198	46.022
70.3235	57.761
70.4272	62.378
70.5309	70.367
70.6347	71.025
70.7384	76.512
70.8421	60.251
70.9458	55.307
71.0496	45.780
71.1533	36.778
71.2570	30.687
71.3607	21.717
71.4644	20.650
71.5682	16.575
71.6719	13.695
71.7756	11.434
71.8793	10.236
71.9830	10.961
72.0868	11.315
72.1905	10.785
72.2942	14.233
72.3979	16.279
72.5017	17.399
72.6054	22.439
72.7091	30.780
72.8128	38.590
72.9165	52.257
73.0203	54.996
73.1240	68.556
73.2277	73.684
73.3314	77.335
73.4352	77.175
73.5389	79.098
73.6426	61.119
73.7463	58.788
73.8500	55.548
73.9538	47.508
74.0575	35.501
74.1612	31.474
74.2649	25.000