0.0000	16.000
0.1037	14.721
0.2075	25.501
0.3112	42.681
0.4150	54.747
0.5187	84.334
0.6225	105.509
0.7262	108.549
0.8300	118.706
0.9337	112.194
1.0375	92.633
1.1412	74.719
1.2450	53.316
1.3487	45.433
1.4525	32.440
1.5562	20.178
1.6600	13.163
1.7637	12.622
1.8675	8.925
1.9712	7.723
2.0750	9.104
2.1787	10.409
2.2825	11.046
2.3862	11.747
2.4900	17.604
2.5937	32.686
2.6975	42.368
2.8012	68.587
2.9049	88.662
3.0087	84.310
3.1124	74.749
3.2162	67.750
3.3199	45.499
3.4237	27.330
3.5274	23.786
3.6312	21.223
3.7349	14.716
3.8387	12.862
3.9424	14.737
4.0462	17.860
4.1499	26.878
4.2537	35.654
4.3574	41.169
4.4612	50.394
4.5649	58.054
4.6687	60.044
4.7724	67.385
4.8762	65.655
4.9799	61.323
5.0837	53.962
5.1874	44.956
5.2912	30.090
5.3949	22.006
5.4986	19.683
5.6024	17.941
5.7061	12.528
5.8099	12.541
5.9136	11.112
6.0174	11.104
6.1211	13.402
6.2249	22.288
6.3286	32.399
6.4324	40.291
6.5361	65.661
6.6399	81.377
6.7436	109.411
6.8474	123.303
6.9511	124.837
7.0549	117.534
7.1586	100.431
7.2624	85.260
7.3661	62.105
7.4699	43.773
7.5736	38.140
7.6774	26.252
7.7811	16.624
7.8849	13.709
7.9886	12.828
8.0924	11.121
8.1961	11.728
8.2998	10.362
8.4036	7.766
8.5073	10.416
8.6111	14.846
8.7148	18.053
8.8186	19.970
8.9223	21.356
9.0261	27.269
9.1298	31.412
9.2336	30.507
9.3373	37.920
9.4411	46.192
9.5448	51.661
9.6486	63.521
9.7523	70.517
9.8561	82.925
9.9598	98.244
10.0636	101.608
10.1673	107.157
10.2711	107.631
10.3748	104.281
10.4786	84.916
10.5823	74.176
10.6861	55.333
10.7898	42.021
10.8935	25.970
10.9973	18.829
11.1010	13.285
11.2048	8.941
11.3085	8.892
11.4123	5.892
11.5160	5.000
11.6198	6.566
11.7235	8.825
11.8273	8.689
11.9310	6.542
12.0348	6.150
12.1385	6.046
12.2423	5.398
12.3460	10.908
12.4498	17.355
12.5535	19.848
12.6573	26.480
12.7610	35.906
12.8648	41.202
12.9685	49.494
13.0723	58.744
13.1760	69.170
13.2798	65.442
13.3835	54.586
13.4873	49.038
13.5910	46.456
13.6947	43.531
13.7985	31.915
13.9022	27.647
14.0060	26.689
14.1097	22.965
14.2135	23.339
14.3172	19.872
14.4210	16.246
14.5247	11.650
14.6285	11.283
14.7322	9.959
14.8360	9.476
14.9397	6.082
15.0435	5.020
15.1472	5.424
15.2510	5.898
15.3547	7.644
15.4585	6.625
15.5622	10.427
15.6660	13.026
15.7697	18.025
15.8735	21.885
15.9772	29.120
16.0810	42.551
16.1847	69.043
16.2884	88.542
16.3922	98.243
16.4959	116.387
16.5997	117.150
16.7034	98.220
16.8072	71.334
16.9109	45.350
17.0147	29.732
17.1184	21.133
17.2222	15.417
17.3259	10.548
17.4297	9.580
17.5334	10.216
17.6372	14.252
17.7409	17.144
17.8447	26.876
17.9484	35.261
18.0522	59.901
18.1559	84.675
18.2597	115.662
18.3634	140.672
18.4672	150.054
18.5709	147.736
18.6747	120.678
18.7784	94.810
18.8822	65.311
18.9859	33.266
19.0896	21.318
19.1934	17.485
19.2971	15.368
19.4009	14.679
19.5046	15.851
19.6084	20.892
19.7121	28.286
19.8159	47.595
19.9196	68.405
20.0234	96.411
20.1271	134.638
20.2309	156.992
20.3346	165.843
20.4384	158.237
20.5421	135.236
20.6459	103.210
20.7496	76.528
20.8534	50.429
20.9571	31.094
21.0609	23.236
21.1646	16.723
21.2684	13.251
21.3721	13.217
21.4759	11.183
21.5796	13.432
21.6833	19.225
21.7871	25.965
21.8908	30.145
21.9946	48.221
22.0983	75.110
22.2021	112.006
22.3058	152.088
22.4096	175.894
22.5133	198.728
22.6171	191.381
22.7208	167.055
22.8246	139.768
22.9283	89.627
23.0321	59.788
23.1358	35.607
23.2396	17.919
23.3433	13.343
23.4471	9.849
23.5508	7.456
23.6546	6.620
23.7583	6.794
23.8621	7.907
23.9658	10.686
24.0696	15.458
24.1733	21.307
24.2771	36.537
24.3808	54.340
24.4845	72.464
24.5883	93.452
24.6920	112.545
24.7958	140.270
24.8995	154.625
25.0033	141.288
25.1070	118.474
25.2108	92.087
25.3145	69.815
25.4183	47.201
25.5220	27.372
25.6258	18.777
25.7295	15.779
25.8333	15.025
25.9370	15.308
26.0408	18.735
26.1445	26.841
26.2483	38.359
26.3520	52.721
26.4558	68.538
26.5595	77.691
26.6633	81.949
26.7670	80.763
26.8708	64.772
26.9745	51.779
27.0782	44.996
27.1820	38.561
27.2857	28.857
27.3895	21.076
27.4932	17.738
27.5970	13.066
27.7007	14.560
27.8045	14.079
27.9082	15.541
28.0120	20.292
28.1157	25.351
28.2195	38.261
28.3232	53.904
28.4270	76.249
28.5307	89.547
28.6345	95.703
28.7382	97.910
28.8420	94.966
28.9457	75.393
29.0495	62.738
29.1532	48.264
29.2570	32.046
29.3607	20.322
29.4645	11.950
29.5682	12.648
29.6720	8.982
29.7757	6.809
29.8794	7.107
29.9832	6.947
30.0869	6.857
30.1907	6.766
30.2944	8.150
30.3982	12.629
30.5019	15.387
30.6057	23.684
30.7094	37.399
30.8132	48.296
30.9169	59.730
31.0207	78.765
31.1244	92.776
31.2282	100.592
31.3319	99.184
31.4357	89.639
31.5394	72.933
31.6432	59.413
31.7469	46.120
31.8507	30.732
31.9544	19.220
32.0582	13.819
32.1619	10.951
32.2657	12.079
32.3694	9.102
32.4732	6.487
32.5769	8.310
32.6806	9.528
32.7844	11.004
32.8881	14.217
32.9919	17.958
33.0956	24.162
33.1994	35.611
33.3031	54.475
33.4069	75.443
33.5106	95.133
33.6144	110.837
33.7181	99.017
33.8219	87.553
33.9256	86.650
34.0294	84.235
34.1331	75.294
34.2369	74.404
34.3406	68.656
34.4444	69.453
34.5481	81.266
34.6519	95.305
34.7556	108.709
34.8594	97.737
34.9631	102.454
35.0669	91.456
35.1706	68.985
35.2743	53.671
35.3781	39.284
35.4818	27.996
35.5856	19.921
35.6893	15.129
35.7931	8.841
35.8968	6.910
36.0006	7.924
36.1043	6.143
36.2081	6.248
36.3118	8.430
36.4156	8.152
36.5193	9.175
36.6231	10.808
36.7268	16.300
36.8306	24.621
36.9343	39.213
37.0381	64.451
37.1418	86.123
37.2456	93.181
37.3493	108.585
37.4531	111.041
37.5568	115.507
37.6606	90.397
37.7643	79.487
37.8680	58.330
37.9718	49.863
38.0755	39.141
38.1793	35.227
38.2830	33.157
38.3868	31.792
38.4905	32.213
38.5943	30.596
38.6980	38.974
38.8018	37.664
38.9055	33.949
39.0093	42.080
39.1130	35.202
39.2168	35.875
39.3205	28.337
39.4243	23.170
39.5280	17.437
39.6318	12.866
39.7355	11.173
39.8393	9.901
39.9430	6.004
40.0468	6.082
40.1505	7.647
40.2543	7.462
40.3580	10.134
40.4618	11.937
40.5655	19.772
40.6692	29.192
40.7730	51.492
40.8767	70.654
40.9805	102.207
41.0842	124.752
41.1880	154.404
41.2917	149.830
41.3955	148.904
41.4992	123.345
41.6030	107.734
41.7067	79.739
41.8105	51.271
41.9142	36.650
42.0180	27.216
42.1217	22.180
42.2255	10.841
42.3292	8.946
42.4330	7.826
42.5367	4.860
42.6405	6.249
42.7442	4.452
42.8480	5.878
42.9517	5.475
43.0555	6.046
43.1592	7.411
43.2630	10.611
43.3667	15.637
43.4704	28.818
43.5742	46.216
43.6779	65.626
43.7817	95.311
43.8854	121.573
43.9892	159.617
44.0929	176.503
44.1967	174.057
44.3004	174.865
44.4042	158.603
44.5079	137.227
44.6117	109.688
44.7154	72.644
44.8192	46.942
44.9229	31.630
45.0267	18.347
45.1304	11.150
45.2342	13.544
45.3379	8.720
45.4417	9.907
45.5454	6.711
45.6492	7.933
45.7529	7.607
45.8567	8.014
45.9604	9.371
46.0641	18.886
46.1679	24.906
46.2716	43.440
46.3754	71.478
46.4791	84.223
46.5829	103.376
46.6866	117.911
46.7904	114.663
46.8941	109.654
46.9979	93.492
47.1016	74.536
47.2054	53.429
47.3091	35.941
47.4129	30.705
47.5166	24.583
47.6204	20.963
47.7241	19.034
47.8279	11.290
47.9316	12.423
48.0354	15.571
48.1391	17.507
48.2429	18.295
48.3466	21.079
48.4504	26.347
48.5541	26.893
48.6579	37.445
48.7616	47.638
48.8653	50.124
48.9691	67.968
49.0728	73.514
49.1766	76.125
49.2803	80.954
49.3841	84.504
49.4878	69.233
49.5916	55.248
49.6953	39.906
49.7991	34.438
49.9028	27.785
50.0066	23.933
50.1103	20.921
50.2141	19.710
50.3178	28.992
50.4216	36.989
50.5253	42.191
50.6291	63.084
50.7328	77.753
50.8366	95.488
50.9403	126.167
51.0441	133.982
51.1478	146.056
51.2516	148.652
51.3553	141.722
51.4590	123.554
51.5628	97.087
51.6665	77.803
51.7703	61.876
51.8740	42.292
51.9778	30.264
52.0815	19.744
52.1853	16.052
52.2890	10.050
52.3928	7.269
52.4965	7.121
52.6003	9.984
52.7040	10.932
52.8078	12.226
52.9115	15.049
53.0153	19.880
53.1190	35.461
53.2228	46.293
53.3265	69.536
53.4303	91.278
53.5340	100.476
53.6378	108.643
53.7415	111.882
53.8453	91.093
53.9490	72.247
54.0527	53.917
54.1565	33.912
54.2602	26.673
54.3640	22.683
54.4677	15.306
54.5715	13.747
54.6752	11.690
54.7790	11.596
54.8827	8.421
54.9865	7.950
55.0902	11.279
55.1940	11.697
55.2977	15.735
55.4015	19.534
55.5052	22.673
55.6090	28.862
55.7127	42.331
55.8165	62.285
55.9202	79.100
56.0240	94.057
56.1277	100.135
56.2315	97.899
56.3352	89.845
56.4390	73.625
56.5427	55.785
56.6465	43.206
56.7502	34.094
56.8539	31.259
56.9577	25.473
57.0614	19.597
57.1652	15.166
57.2689	15.404
57.3727	16.644
57.4764	13.282
57.5802	15.486
57.6839	17.826
57.7877	24.017
57.8914	33.933
57.9952	55.021
58.0989	75.269
58.2027	96.950
58.3064	130.068
58.4102	147.577
58.5139	164.295
58.6177	173.042
58.7214	148.612
58.8252	122.437
58.9289	99.471
59.0327	70.423
59.1364	46.966
59.2402	27.833
59.3439	16.497
59.4477	13.144
59.5514	12.529
59.6552	8.585
59.7589	8.083
59.8626	10.050
59.9664	10.860
60.0701	11.666
60.1739	14.142
60.2776	24.220
60.3814	45.201
60.4851	64.571
60.5889	96.466
60.6926	135.780
60.7964	164.030
60.9001	179.256
61.0039	184.595
61.1076	179.500
61.2114	149.588
61.3151	120.455
61.4189	89.266
61.5226	57.333
61.6264	38.245
61.7301	27.570
61.8339	19.567
61.9376	14.984
62.0414	9.465
62.1451	8.574
62.2489	8.131
62.3526	9.148
62.4563	8.160
62.5601	10.530
62.6638	16.065
62.7676	22.579
62.8713	32.275
62.9751	44.339
63.0788	64.888
63.1826	95.509
63.2863	121.670
63.3901	128.800
63.4938	131.235
63.5976	133.319
63.7013	125.081
63.8051	103.123
63.9088	73.232
64.0126	49.075
64.1163	35.282
64.2201	25.064
64.3238	17.610
64.4276	13.791
64.5313	13.054
64.6351	13.053
64.7388	14.225
64.8426	17.153
64.9463	20.184
65.0500	25.405
65.1538	35.530
65.2575	41.761
65.3613	42.470
65.4650	38.474
65.5688	32.832
65.6725	34.921
65.7763	35.712
65.8800	39.752
65.9838	40.744
66.0875	42.524
66.1913	50.797
66.2950	56.338
66.3988	65.028
66.5025	75.574
66.6063	74.321
66.7100	60.484
66.8138	45.099
66.9175	34.984
67.0213	28.398
67.1250	23.814
67.2288	17.745
67.3325	17.316
67.4363	23.259
67.5400	29.221
67.6438	42.620
67.7475	58.306
67.8512	76.797
67.9550	97.426
68.0587	116.232
68.1625	129.572
68.2662	130.500
68.3700	129.206
68.4737	119.539
68.5775	105.361
68.6812	85.681
68.7850	55.732
68.8887	35.812
68.9925	25.545
69.0962	20.320
69.2000	15.329
69.3037	13.274
69.4075	16.127
69.5112	17.628
69.6150	18.876
69.7187	22.978
69.8225	22.034
69.9262	24.360
70.0300	29.679
70.1337	29.473
70.2375	31.834
70.3412	25.659
70.4449	25.453
70.5487	27.308
70.6524	35.040
70.7562	41.863
70.8599	51.825
70.9637	74.381
71.0674	79.888
71.1712	114.837
71.2749	128.335
71.3787	131.902
71.4824	153.373
71.5862	152.081
71.6899	134.594
71.7937	112.674
71.8974	98.814
72.0012	82.289
72.1049	52.240
72.2087	39.994
72.3124	26.387
72.4162	20.415
72.5199	13.524
72.6237	8.765
72.7274	16.996
72.8312	18.845
72.9349	23.121
73.0387	37.887
73.1424	43.673
73.2461	61.247
73.3499	80.977
73.4536	94.956
73.5574	114.362
73.6611	116.424
73.7649	115.423
73.8686	107.584
73.9724	103.552
74.0761	90.762
74.1799	77.057
74.2836	63.003
74.3874	50.093
74.4911	31.683
74.5949	25.969
74.6986	23.212
74.8024	19.787
74.9061	17.990
75.0099	19.612
75.1136	27.877
75.2174	35.957
75.3211	37.702
75.4249	48.870
75.5286	59.269
75.6323	63.764
75.7361	69.294
75.8399	78.566
75.9436	71.022
76.0473	63.176
76.1511	57.910
76.2548	45.804
76.3586	39.095
76.4623	31.503
76.5661	33.157
76.6698	34.435
76.7736	30.197
76.8773	33.146
76.9811	31.462
77.0848	31.197
77.1886	33.217
77.2923	34.847
77.3961	32.206
77.4998	35.867
77.6036	42.458
77.7073	38.876
77.8111	39.364
77.9148	45.939
78.0186	47.069
78.1223	50.973
78.2261	54.208
78.3298	52.417
78.4335	51.180
78.5373	43.334
78.6410	35.628
78.7448	33.285
78.8485	22.738
78.9523	17.080
79.0560	15.064
79.1598	13.587
79.2635	19.268
79.3673	12.874
79.4710	18.465
79.5748	20.052
79.6785	21.481
79.7823	24.846
79.8860	25.786
79.9898	32.650
80.0935	31.358
80.1973	34.850
80.3010	34.700
80.4048	39.823
80.5085	47.323
80.6123	52.140
80.7160	58.145
80.8198	60.793
80.9235	67.979
81.0273	67.774
81.1310	64.519
81.2347	65.154
81.3385	69.805
81.4422	60.328
81.5460	46.263
81.6497	51.839
81.7535	37.375
81.8572	29.051
81.9610	29.857
82.0647	20.112
82.1685	18.910
82.2722	13.143
82.3760	12.988
82.4797	9.280
82.5835	7.199
82.6872	11.122
82.7910	14.699
82.8947	12.179
82.9985	16.476
83.1022	28.996
83.2060	30.919
83.3097	30.333
83.4135	40.889
83.5172	43.329
83.6209	52.346
83.7247	66.623
83.8284	68.666
83.9322	79.959
84.0359	68.485
84.1397	68.473
84.2434	73.720
84.3472	57.808
84.4509	54.850
84.5547	37.268
84.6584	38.575
84.7622	34.427
84.8659	30.519
84.9697	27.423
85.0734	25.046
85.1772	25.655
85.2809	29.082
85.3847	36.102
85.4884	42.440
85.5922	41.714
85.6959	46.487
85.7997	39.813
85.9034	45.943
86.0072	39.000