0.0000	40.000
0.0902	94.168
0.1804	112.701
0.2706	134.087
0.3608	82.148
0.4511	105.560
0.5413	102.363
0.6315	88.490
0.7217	110.969
0.8119	92.280
0.9021	83.772
0.9923	96.672
1.0825	83.776
1.1728	63.378
1.2630	48.853
1.3532	45.348
1.4434	46.607
1.5336	30.072
1.6238	23.735
1.7140	28.769
1.8042	26.169
1.8944	20.653
1.9847	17.019
2.0749	28.123
2.1651	24.643
2.2553	15.656
2.3455	13.830
2.4357	15.632
2.5259	31.130
2.6161	22.900
2.7064	36.140
2.7966	47.226
2.8868	47.262
2.9770	50.975
3.0672	70.042
3.1574	80.075
3.2476	73.967
3.3378	107.032
3.4280	94.056
3.5183	77.409
3.6085	63.890
3.6987	58.087
3.7889	52.327
3.8791	40.257
3.9693	34.611
4.0595	33.232
4.1497	23.972
4.2400	15.846
4.3302	17.590
4.4204	17.613
4.5106	18.631
4.6008	14.784
4.6910	20.416
4.7812	14.897
4.8714	30.717
4.9616	39.302
5.0519	32.477
5.1421	59.073
5.2323	60.461
5.3225	61.116
5.4127	42.717
5.5029	60.284
5.5931	60.391
5.6833	67.463
5.7736	55.621
5.8638	53.872
5.9540	48.322
6.0442	33.493
6.1344	36.611
6.2246	30.508
6.3148	19.815
6.4050	23.919
6.4952	18.491
6.5855	23.488
6.6757	14.364
6.7659	18.759
6.8561	17.620
6.9463	14.464
7.0365	18.256
7.1267	18.429
7.2169	11.801
7.3072	12.158
7.3974	18.220
7.4876	25.563
7.5778	20.780
7.6680	22.491
7.7582	25.532
7.8484	43.042
7.9386	26.955
8.0288	33.619
8.1191	43.405
8.2093	32.639
8.2995	43.366
8.3897	35.649
8.4799	24.016
8.5701	39.112
8.6603	36.372
8.7505	30.670
8.8408	27.576
8.9310	27.877
9.0212	33.142
9.1114	29.271
9.2016	22.276
9.2918	19.533
9.3820	26.002
9.4722	18.051
9.5625	17.508
9.6527	26.229
9.7429	26.305
9.8331	16.794
9.9233	15.388
10.0135	13.843
10.1037	13.167
10.1939	22.837
10.2841	26.935
10.3744	18.698
10.4646	35.711
10.5548	36.325
10.6450	39.567
10.7352	44.489
10.8254	37.546
10.9156	37.105
11.0058	49.938
11.0961	53.728
11.1863	30.440
11.2765	25.406
11.3667	19.109
11.4569	19.539
11.5471	19.249
11.6373	26.864
11.7275	14.014
11.8177	18.314
11.9080	21.949
11.9982	10.029
12.0884	15.850
12.1786	15.800
12.2688	10.979
12.3590	16.632
12.4492	33.453
12.5394	33.893
12.6297	21.706
12.7199	24.473
12.8101	19.202
12.9003	18.048
12.9905	25.518
13.0807	19.196
13.1709	18.975
13.2611	17.373
13.3513	8.957
13.4416	14.287
13.5318	13.795
13.6220	13.381
13.7122	11.831
13.8024	14.032
13.8926	13.669
13.9828	17.248
14.0730	13.672
14.1633	13.654
14.2535	16.641
14.3437	11.992
14.4339	21.365
14.5241	13.968
14.6143	17.364
14.7045	24.553
14.7947	21.222
14.8849	20.508
14.9752	20.769
15.0654	31.123
15.1556	18.184
15.2458	22.234
15.3360	36.561
15.4262	31.372
15.5164	32.517
15.6066	27.755
15.6969	23.033
15.7871	18.856
15.8773	29.482
15.9675	27.049
16.0577	26.044
16.1479	13.309
16.2381	15.517
16.3283	15.467
16.4185	17.228
16.5088	13.983
16.5990	15.641
16.6892	20.636
16.7794	13.117
16.8696	10.688
16.9598	19.351
17.0500	13.119
17.1402	8.543
17.2305	22.509
17.3207	12.076
17.4109	12.811
17.5011	14.083
17.5913	14.642
17.6815	13.728
17.7717	16.848
17.8619	18.313
17.9521	18.680
18.0424	12.369
18.1326	16.441
18.2228	20.491
18.3130	14.131
18.4032	16.363
18.4934	17.570
18.5836	10.007
18.6738	8.414
18.7641	12.562
18.8543	16.562
18.9445	17.710
19.0347	21.496
19.1249	10.006
19.2151	14.352
19.3053	12.467
19.3955	33.640
19.4858	20.893
19.5760	19.547
19.6662	25.549
19.7564	13.030
19.8466	26.156
19.9368	20.059
20.0270	23.047
20.1172	9.526
20.2074	20.788
20.2977	18.570
20.3879	15.175
20.4781	10.199
20.5683	10.953
20.6585	25.494
20.7487	23.999
20.8389	20.627
20.9291	44.528
21.0194	22.131
21.1096	22.421
21.1998	19.683
21.2900	30.391
21.3802	26.343
21.4704	26.717
21.5606	23.375
21.6508	15.565
21.7410	31.142
21.8313	29.854
21.9215	14.427
22.0117	13.354
22.1019	12.122
22.1921	14.749
22.2823	14.443
22.3725	19.615
22.4627	14.336
22.5529	16.435
22.6432	16.388
22.7334	20.882
22.8236	23.863
22.9138	24.460
23.0040	26.254
23.0942	28.675
23.1844	31.065
23.2746	33.264
23.3649	32.217
23.4551	29.372
23.5453	36.252
23.6355	36.198
23.7257	25.532
23.8159	20.330
23.9061	24.860
23.9963	24.258
24.0865	17.124
24.1768	16.085
24.2670	8.820
24.3572	15.582
24.4474	14.296
24.5376	10.570
24.6278	14.109
24.7180	22.796
24.8082	20.195
24.8985	20.676
24.9887	22.643
25.0789	32.320
25.1691	26.163
25.2593	23.586
25.3495	28.956
25.4397	36.319
25.5299	33.943
25.6202	33.935
25.7104	33.129
25.8006	30.695
25.8908	35.348
25.9810	32.467
26.0712	23.110
26.1614	19.841
26.2516	18.820
26.3418	20.461
26.4321	17.439
26.5223	13.255
26.6125	13.614
26.7027	16.337
26.7929	10.388
26.8831	15.731
26.9733	17.914
27.0635	12.023
27.1538	20.895
27.2440	17.266
27.3342	17.721
27.4244	15.065
27.5146	13.018
27.6048	17.571
27.6950	21.292
27.7852	19.081
27.8754	19.127
27.9657	26.509
28.0559	25.767
28.1461	35.433
28.2363	43.015
28.3265	37.888
28.4167	61.958
28.5069	54.955
28.5971	61.014
28.6874	49.718
28.7776	40.689
28.8678	37.650
28.9580	34.791
29.0482	27.180
29.1384	22.830
29.2286	16.237
29.3188	17.255
29.4090	12.438
29.4993	11.644
29.5895	15.356
29.6797	9.912
29.7699	10.202
29.8601	8.291
29.9503	9.643
30.0405	14.414
30.1307	16.249
30.2210	17.002
30.3112	29.525
30.4014	22.059
30.4916	18.591
30.5818	17.681
30.6720	15.271
30.7622	29.853
30.8524	46.279
30.9426	45.870
31.0329	37.398
31.1231	30.500
31.2133	41.047
31.3035	32.133
31.3937	24.100
31.4839	33.184
31.5741	28.825
31.6643	20.407
31.7546	16.916
31.8448	18.271
31.9350	13.907
32.0252	16.297
32.1154	10.235
32.2056	7.291
32.2958	8.624
32.3860	9.021
32.4762	12.296
32.5665	16.428
32.6567	10.668
32.7469	15.686
32.8371	18.892
32.9273	13.085
33.0175	21.116
33.1077	29.000
33.1979	31.708
33.2882	35.791
33.3784	35.265
33.4686	27.114
33.5588	37.729
33.6490	43.061
33.7392	40.665
33.8294	44.956
33.9196	44.825
34.0098	41.859
34.1001	44.843
34.1903	32.786
34.2805	28.199
34.3707	26.401
34.4609	20.906
34.5511	21.424
34.6413	25.380
34.7315	41.559
34.8218	36.651
34.9120	39.955
35.0022	47.022
35.0924	37.678
35.1826	34.955
35.2728	36.568
35.3630	21.081
35.4532	15.687
35.5434	12.815
35.6337	14.082
35.7239	14.822
35.8141	11.164
35.9043	10.232
35.9945	6.724
36.0847	13.029
36.1749	13.868
36.2651	17.119
36.3554	12.765
36.4456	13.719
36.5358	14.572
36.6260	24.881
36.7162	30.255
36.8064	37.190
36.8966	51.267
36.9868	56.942
37.0770	53.008
37.1673	47.994
37.2575	59.606
37.3477	67.050
37.4379	45.921
37.5281	55.669
37.6183	51.821
37.7085	33.892
37.7987	30.250
37.8890	12.950
37.9792	22.890
38.0694	23.747
38.1596	25.266
38.2498	18.014
38.3400	12.725
38.4302	10.779
38.5204	12.457
38.6106	12.400
38.7009	13.106
38.7911	19.187
38.8813	15.518
38.9715	14.599
39.0617	18.168
39.1519	21.546
39.2421	23.447
39.3323	23.699
39.4226	28.662
39.5128	32.340
39.6030	36.820
39.6932	44.697
39.7834	40.934
39.8736	37.812
39.9638	29.400
40.0540	28.147
40.1443	24.334
40.2345	23.008
40.3247	23.355
40.4149	20.140
40.5051	22.814
40.5953	17.065
40.6855	12.501
40.7757	17.110
40.8659	22.991
40.9562	16.532
41.0464	26.134
41.1366	18.572
41.2268	18.488
41.3170	18.556
41.4072	26.449
41.4974	22.478
41.5876	22.424
41.6779	13.297
41.7681	26.346
41.8583	30.798
41.9485	15.220
42.0387	37.913
42.1289	29.076
42.2191	29.104
42.3093	29.784
42.3995	24.648
42.4898	19.392
42.5800	11.423
42.6702	11.787
42.7604	11.330
42.8506	13.870
42.9408	13.131
43.0310	15.620
43.1212	26.127
43.2115	23.920
43.3017	25.693
43.3919	29.843
43.4821	52.662
43.5723	47.762
43.6625	81.501
43.7527	63.977
43.8429	58.256
43.9331	72.059
44.0234	55.960
44.1136	56.262
44.2038	68.433
44.2940	33.702
44.3842	33.785
44.4744	32.074
44.5646	37.678
44.6548	22.074
44.7450	18.868
44.8353	13.389
44.9255	14.942
45.0157	14.481
45.1059	16.140
45.1961	12.728
45.2863	8.034
45.3765	9.082
45.4667	16.244
45.5570	18.966
45.6472	21.316
45.7374	27.405
45.8276	19.739
45.9178	22.361
46.0080	32.094
46.0982	32.471
46.1884	26.929
46.2787	40.650
46.3689	45.242
46.4591	36.983
46.5493	42.547
46.6395	35.543
46.7297	35.649
46.8199	25.713
46.9101	28.060
47.0003	25.150
47.0906	19.290
47.1808	15.307
47.2710	18.134
47.3612	11.721
47.4514	8.973
47.5416	8.726
47.6318	14.519
47.7220	17.265
47.8123	14.718
47.9025	15.847
47.9927	30.699
48.0829	42.136
48.1731	40.913
48.2633	37.839
48.3535	44.477
48.4437	51.593
48.5339	40.069
48.6242	41.124
48.7144	51.464
48.8046	63.561
48.8948	47.647
48.9850	32.543
49.0752	23.997
49.1654	21.881
49.2556	21.075
49.3459	11.788
49.4361	16.088
49.5263	10.937
49.6165	5.536
49.7067	11.151
49.7969	12.721
49.8871	17.034
49.9773	10.000