0.000	14.0000
0.104	15.9427
0.208	15.3007
0.311	12.6803
0.415	10.7698
0.519	9.8124
0.623	9.3053
0.727	6.9745
0.830	10.6953
0.934	6.7306
1.038	6.7169
1.142	7.3141
1.246	10.2040
1.349	8.5655
1.453	7.5365
1.557	6.8864
1.661	7.7633
1.765	6.5629
1.868	7.7209
1.972	6.6064
2.076	6.2080
2.180	8.2475
2.284	7.0504
2.387	6.6407
2.491	7.5969
2.595	8.5475
2.699	6.4115
2.803	8.0841
2.906	8.7355
3.010	7.9757
3.114	7.3287
3.218	9.3666
3.322	9.3702
3.425	13.1706
3.529	10.0931
3.633	10.3028
3.737	10.7141
3.840	9.8458
3.944	7.9285
4.048	7.1872
4.152	6.0968
4.256	7.7248
4.359	6.4838
4.463	7.6004
4.567	8.1036
4.671	9.3216
4.775	10.7925
4.878	10.4028
4.982	14.1011
5.086	16.3608
5.190	16.6788
5.294	19.1679
5.397	14.3666
5.501	15.8807
5.605	15.2508
5.709	8.2149
5.813	8.6656
5.916	7.6782
6.020	8.2360
6.124	9.0216
6.228	6.5946
6.332	8.2736
6.435	10.9291
6.539	7.1408
6.643	7.6694
6.747	8.1766
6.851	7.1737
6.954	6.3502
7.058	5.4887
7.162	6.6703
7.266	7.2304
7.370	6.8721
7.473	6.6371
7.577	9.1707
7.681	12.4360
7.785	11.9586
7.889	12.5178
7.992	12.2788
8.096	18.0577
8.200	20.1984
8.304	16.9757
8.408	19.4390
8.511	19.0465
8.615	29.1571
8.719	19.4973
8.823	16.5310
8.927	21.1102
9.030	16.6563
9.134	18.0307
9.238	16.8642
9.342	20.5417
9.446	19.1833
9.549	17.6692
9.653	12.2935
9.757	12.0949
9.861	14.1581
9.965	16.7554
10.068	11.7377
10.172	10.5475
10.276	10.3579
10.380	10.9053
10.484	8.1461
10.587	8.9721
10.691	7.4136
10.795	8.1464
10.899	10.7142
11.002	6.9785
11.106	6.1761
11.210	6.7317
11.314	5.4483
11.418	7.2301
11.521	6.4237
11.625	7.4009
11.729	8.8412
11.833	8.7351
11.937	8.2200
12.040	9.3251
12.144	14.2760
12.248	11.4606
12.352	17.1914
12.456	19.8736
12.559	21.7795
12.663	23.7649
12.767	16.0440
12.871	14.9953
12.975	13.9110
13.078	12.3107
13.182	8.3120
13.286	7.1526
13.390	6.3132
13.494	4.5036
13.597	7.3203
13.701	7.7769
13.805	5.4985
13.909	8.7672
14.013	9.8386
14.116	10.2662
14.220	12.9741
14.324	15.8803
14.428	13.0500
14.532	15.7665
14.635	13.0658
14.739	16.3121
14.843	19.7422
14.947	16.2224
15.051	11.4588
15.154	12.8498
15.258	10.3929
15.362	7.5081
15.466	8.4933
15.570	7.8764
15.673	7.1796
15.777	5.9777
15.881	5.8394
15.985	7.4546
16.089	9.1018
16.192	9.6199
16.296	10.9018
16.400	11.9125
16.504	15.4138
16.608	15.4656
16.711	19.3581
16.815	18.3644
16.919	19.7140
17.023	20.8240
17.127	19.6537
17.230	13.2498
17.334	13.7509
17.438	12.0327
17.542	11.7285
17.646	7.5290
17.749	8.4914
17.853	6.7442
17.957	6.9339
18.061	5.5678
18.164	7.3625
18.268	7.2317
18.372	6.1731
18.476	8.5700
18.580	10.3590
18.683	8.1030
18.787	10.3240
18.891	10.2484
18.995	10.8550
19.099	13.0318
19.202	12.4695
19.306	16.4115
19.410	15.6619
19.514	15.7919
19.618	17.6181
19.721	11.9452
19.825	12.3311
19.929	13.9586
20.033	13.7813
20.137	16.6673
20.240	18.2769
20.344	16.5756
20.448	20.0151
20.552	26.3894
20.656	27.8445
20.759	26.2866
20.863	21.0213
20.967	23.7127
21.071	23.3325
21.175	16.4231
21.278	14.4113
21.382	12.8756
21.486	9.9065
21.590	7.8282
21.694	7.9959
21.797	7.0336
21.901	6.2485
22.005	5.5497
22.109	5.5007
22.213	5.1909
22.316	7.2249
22.420	7.7598
22.524	8.9766
22.628	9.1634
22.732	9.6578
22.835	10.6148
22.939	14.9436
23.043	17.2111
23.147	23.8198
23.251	27.7993
23.354	26.0455
23.458	31.0127
23.562	29.5240
23.666	28.1725
23.770	15.9247
23.873	11.1358
23.977	9.7395
24.081	9.6487
24.185	8.5555
24.289	7.0732
24.392	6.0971
24.496	6.6021
24.600	7.2647
24.704	6.7467
24.808	6.3565
24.911	12.1776
25.015	12.0193
25.119	12.1318
25.223	14.3668
25.326	19.6046
25.430	23.6347
25.534	23.8559
25.638	22.8950
25.742	17.7015
25.845	17.2116
25.949	16.2183
26.053	16.6100
26.157	14.4556
26.261	9.9208
26.364	7.0595
26.468	6.9569
26.572	7.1909
26.676	7.2983
26.780	6.3844
26.883	8.3495
26.987	9.3551
27.091	11.7475
27.195	14.8683
27.299	12.6532
27.402	15.9131
27.506	24.1012
27.610	26.6285
27.714	33.4242
27.818	26.8881
27.921	22.4263
28.025	26.1755
28.129	23.7227
28.233	10.4827
28.337	11.8718
28.440	10.6531
28.544	8.6411
28.648	5.0138
28.752	5.3916
28.856	4.6524
28.959	5.7982
29.063	7.6035
29.167	6.3683
29.271	7.1801
29.375	10.6290
29.478	11.1205
29.582	15.5309
29.686	16.2496
29.790	23.3088
29.894	37.2012
29.997	44.9587
30.101	49.6355
30.205	38.5428
30.309	34.5039
30.413	27.9242
30.516	24.3758
30.620	19.2910
30.724	15.8091
30.828	13.6712
30.932	9.7211
31.035	5.8565
31.139	6.1924
31.243	5.0223
31.347	6.0599
31.451	7.7462
31.554	5.0334
31.658	6.6180
31.762	7.6559
31.866	9.7136
31.970	12.2895
32.073	12.9048
32.177	18.8141
32.281	19.0514
32.385	21.0798
32.489	24.3780
32.592	16.9376
32.696	22.0540
32.800	18.9193
32.904	21.8721
33.007	12.9255
33.111	17.3598
33.215	10.7981
33.319	7.9407
33.423	8.5074
33.526	7.5008
33.630	8.2018
33.734	8.5058
33.838	10.0388
33.942	8.3353
34.045	9.3454
34.149	10.9596
34.253	12.1538
34.357	15.4300
34.461	14.8006
34.564	18.5317
34.668	24.4813
34.772	34.0102
34.876	34.2463
34.980	24.6994
35.083	30.9736
35.187	30.2205
35.291	25.0048
35.395	20.9207
35.499	16.1023
35.602	13.0338
35.706	8.2082
35.810	4.6125
35.914	5.7737
36.018	6.9897
36.121	5.8621
36.225	4.9284
36.329	6.4978
36.433	7.5675
36.537	7.4071
36.640	8.6631
36.744	11.5489
36.848	11.7828
36.952	12.9806
37.056	17.8601
37.159	16.9378
37.263	21.1959
37.367	22.2717
37.471	25.7916
37.575	31.5563
37.678	34.5460
37.782	29.4103
37.886	25.4829
37.990	20.4525
38.094	19.3011
38.197	16.6862
38.301	9.9681
38.405	7.5992
38.509	7.1565
38.613	7.8982
38.716	6.9042
38.820	7.1839
38.924	6.0917
39.028	7.7685
39.132	11.3171
39.235	18.5419
39.339	19.2034
39.443	22.4600
39.547	22.0189
39.651	22.9840
39.754	20.8236
39.858	23.1193
39.962	29.2262
40.066	19.1486
40.169	21.5062
40.273	16.4717
40.377	12.3748
40.481	13.0759
40.585	16.3422
40.688	14.9064
40.792	17.6552
40.896	27.7391
41.000	24.3750
41.104	18.0964
41.207	16.6021
41.311	15.4543
41.415	13.4215
41.519	10.1152
41.623	11.1208
41.726	16.0394
41.830	16.5427
41.934	14.2560
42.038	19.7702
42.142	21.3194
42.245	24.8365
42.349	16.6022
42.453	11.8577
42.557	13.6814
42.661	10.7747
42.764	7.3030
42.868	7.1100
42.972	7.3644
43.076	6.8506
43.180	8.2915
43.283	7.8671
43.387	7.6131
43.491	7.6822
43.595	11.5195
43.699	17.3862
43.802	19.1806
43.906	19.1332
44.010	19.1055
44.114	17.9160
44.218	22.1477
44.321	27.0966
44.425	29.1465
44.529	22.0471
44.633	23.2388
44.737	19.7273
44.840	18.7414
44.944	15.4940
45.048	11.8018
45.152	8.9778
45.256	8.2156
45.359	8.3508
45.463	8.1352
45.567	7.2203
45.671	9.6712
45.775	11.1962
45.878	13.5039
45.982	11.5792
46.086	19.2982
46.190	17.7850
46.294	17.4737
46.397	20.5042
46.501	19.1003
46.605	21.6298
46.709	25.0600
46.813	21.9933
46.916	17.7316
47.020	17.1857
47.124	14.3636
47.228	14.3228
47.331	8.6040
47.435	7.4642
47.539	7.2637
47.643	6.3853
47.747	6.4779
47.850	8.3671
47.954	7.5449
48.058	13.6451
48.162	13.9091
48.266	15.2691
48.369	11.1145
48.473	12.7473
48.577	16.5535
48.681	17.1028
48.785	12.8569
48.888	12.5797
48.992	9.5879
49.096	8.1465
49.200	9.7251
49.304	9.2685
49.407	10.1583
49.511	8.9594
49.615	11.5748
49.719	10.8270
49.823	11.7958
49.926	12.4555
50.030	14.5310
50.134	15.9610
50.238	13.6493
50.342	15.5653
50.445	19.5635
50.549	12.5809
50.653	11.8077
50.757	9.8108
50.861	9.8368
50.964	7.7476
51.068	7.9137
51.172	7.5299
51.276	6.9007
51.380	5.1747
51.483	6.4585
51.587	7.1863
51.691	6.9809
51.795	10.3900
51.899	9.2039
52.002	15.0682
52.106	17.6595
52.210	22.8789
52.314	24.4816
52.418	41.3085
52.521	29.0642
52.625	21.9753
52.729	27.0303
52.833	24.5759
52.937	22.3299
53.040	17.8859
53.144	14.4256
53.248	11.6712
53.352	10.7063
53.456	6.3873
53.559	11.5009
53.663	11.7831
53.767	7.6393
53.871	6.5787
53.975	8.5389
54.078	5.0434
54.182	5.5121
54.286	6.1428
54.390	6.0342
54.493	8.4791
54.597	8.5060
54.701	11.5959
54.805	13.6980
54.909	17.0813
55.012	19.2072
55.116	20.4632
55.220	24.1381
55.324	28.0930
55.428	27.1006
55.531	21.5184
55.635	18.2070
55.739	15.6684
55.843	13.8323
55.947	18.9495
56.050	17.9124
56.154	13.6164
56.258	16.6903
56.362	18.8756
56.466	18.3778
56.569	15.1879
56.673	17.1294
56.777	10.2413
56.881	10.2300
56.985	9.7726
57.088	8.3086
57.192	7.1982
57.296	8.6008
57.400	10.3641
57.504	13.0013
57.607	12.2236
57.711	14.1045
57.815	13.5391
57.919	16.6394
58.023	17.8886
58.126	17.2526
58.230	15.6599
58.334	14.4010
58.438	13.3565
58.542	13.2646
58.645	12.4057
58.749	12.0878
58.853	10.5240
58.957	9.4768
59.061	10.3926
59.164	11.3752
59.268	7.4912
59.372	9.9627
59.476	12.2600
59.580	10.4268
59.683	8.5310
59.787	8.4430
59.891	8.9043
59.995	7.8471
60.099	7.9878
60.202	8.7371
60.306	15.0702
60.410	11.6482
60.514	13.1774
60.618	11.7187
60.721	15.1698
60.825	16.5263
60.929	18.8101
61.033	20.1816
61.137	14.1225
61.240	12.4454
61.344	8.8625
61.448	9.2948
61.552	7.0977
61.655	6.3066
61.759	10.0055
61.863	8.0419
61.967	5.7408
62.071	7.9054
62.174	11.1757
62.278	9.7481
62.382	17.1795
62.486	17.2870
62.590	18.4380
62.693	13.5510
62.797	11.9588
62.901	11.6490
63.005	12.0278
63.109	13.0970
63.212	20.1481
63.316	16.6180
63.420	15.6388
63.524	16.5149
63.628	13.3940
63.731	14.2148
63.835	15.3710
63.939	12.8834
64.043	10.6564
64.147	7.5950
64.250	5.9706
64.354	6.9654
64.458	6.7859
64.562	6.5236
64.666	9.9111
64.769	9.9005
64.873	13.0115
64.977	12.2424
65.081	11.9193
65.185	19.0174
65.288	21.9595
65.392	21.7039
65.496	19.6361
65.600	14.6403
65.704	15.2010
65.807	15.1979
65.911	13.3931
66.015	10.4327
66.119	9.8475
66.223	7.6052
66.326	6.9801
66.430	8.9026
66.534	9.6021
66.638	6.8258
66.742	5.7320
66.845	4.9552
66.949	4.9823
67.053	5.0292
67.157	5.5222
67.261	5.7012
67.364	6.8250
67.468	6.0307
67.572	6.2989
67.676	9.9172
67.780	9.8514
67.883	8.8880
67.987	14.8820
68.091	14.7349
68.195	17.1790
68.299	21.2582
68.402	16.6985
68.506	19.8713
68.610	15.0321
68.714	12.9547
68.817	9.0897
68.921	10.5377
69.025	7.2255
69.129	6.1909
69.233	4.1957
69.336	4.1452
69.440	5.1699
69.544	5.0724
69.648	6.2814
69.752	5.4316
69.855	4.5078
69.959	5.8221
70.063	5.7496
70.167	4.0000
70.271	4.5409
70.374	5.3190
70.478	7.1850
70.582	6.7770
70.686	6.1369
70.790	6.5975
70.893	7.2135
70.997	6.3523
71.101	6.2444
71.205	7.5787
71.309	11.0510
71.412	10.9260
71.516	9.2918
71.620	17.8759
71.724	12.0199
71.828	13.1402
71.931	12.1855
72.035	13.6396
72.139	9.5253
72.243	10.5018
72.347	10.7573
72.450	12.1131
72.554	9.2839
72.658	6.9818
72.762	8.2131
72.866	6.8980
72.969	6.0133
73.073	6.5570
73.177	6.9792
73.281	5.9785
73.385	5.6642
73.488	10.4326
73.592	8.1382
73.696	6.2646
73.800	6.2388
73.904	6.2784
74.007	8.4542
74.111	8.4041
74.215	8.2389
74.319	10.5955
74.423	7.7424
74.526	7.2112
74.630	6.0238
74.734	10.5139
74.838	5.6315
74.942	5.7854
75.045	6.7009
75.149	6.2989
75.253	5.7567
75.357	5.1978
75.461	6.1909
75.564	6.2514
75.668	8.1746
75.772	7.6881
75.876	6.5393
75.979	9.0942
76.083	12.3540
76.187	9.8292
76.291	10.2840
76.395	10.3528
76.498	9.2822
76.602	6.6072
76.706	9.2102
76.810	8.0693
76.914	10.1404
77.017	6.3420
77.121	8.4756
77.225	7.9815
77.329	7.7612
77.433	8.6651
77.536	7.3177
77.640	6.8672
77.744	7.4455
77.848	7.1008
77.952	7.5112
78.055	8.9267
78.159	8.7749
78.263	7.1125
78.367	8.5615
78.471	8.1794
78.574	5.4497
78.678	6.7577
78.782	4.3397
78.886	5.7662
78.990	5.9862
79.093	7.4491
79.197	5.3779
79.301	5.0563
79.405	4.5104
79.509	4.7209
79.612	4.9578
79.716	5.5682
79.820	5.8932
79.924	5.9132
80.028	6.0941
80.131	8.7278
80.235	7.9927
80.339	6.7026
80.443	6.8415
80.547	5.9498
80.650	6.4361
80.754	5.7456
80.858	5.6848
80.962	8.0012
81.066	7.0371
81.169	6.5402
81.273	7.9561
81.377	8.9794
81.481	11.3667
81.585	7.8538
81.688	6.9887
81.792	8.4759
81.896	6.8138
82.000	7.0830
82.104	6.8117
82.207	6.0446
82.311	6.8665
82.415	6.1178
82.519	4.9260
82.623	5.8436
82.726	6.2119
82.830	5.9554
82.934	6.8935
83.038	7.0780
83.141	7.9894
83.245	9.9511
83.349	10.9754
83.453	10.6342
83.557	12.6644
83.660	11.8752
83.764	10.6085
83.868	9.5138
83.972	10.1989
84.076	9.9237
84.179	8.9910
84.283	7.1246
84.387	7.6548
84.491	6.4372
84.595	6.6279
84.698	7.3629
84.802	7.3017
84.906	8.2697
85.010	9.4308
85.114	7.7145
85.217	9.0402
85.321	8.4644
85.425	9.6024
85.529	11.0887
85.633	10.6728
85.736	12.1261
85.840	14.8253
85.944	19.3219
86.048	12.8367
86.152	10.8578
86.255	9.4892
86.359	8.3373
86.463	6.0535
86.567	5.2630
86.671	5.1418
86.774	5.0100
86.878	5.1371
86.982	5.0000
87.086	4.9964
87.190	4.8226
87.293	4.8008
87.397	5.0262
87.501	5.8090
87.605	5.8783
87.709	6.6265
87.812	8.9965
87.916	7.5684
88.020	10.0236
88.124	12.1586
88.228	10.3340
88.331	12.6061
88.435	11.7002
88.539	13.3229
88.643	12.6483
88.747	11.8191
88.850	12.2999
88.954	8.9896
89.058	7.7654
89.162	9.7716
89.266	7.3980
89.369	7.0722
89.473	6.8211
89.577	6.5811
89.681	4.6791
89.785	5.0541
89.888	4.2289
89.992	4.6865
90.096	4.7864
90.200	6.1102
90.304	6.1955
90.407	5.9844
90.511	8.4406
90.615	9.3067
90.719	6.2513
90.822	7.0582
90.926	9.4291
91.030	10.7357
91.134	11.1238
91.238	12.5100
91.341	10.4445
91.445	10.1030
91.549	9.2284
91.653	8.2202
91.757	9.8667
91.860	8.1095
91.964	7.3253
92.068	5.5740
92.172	5.0864
92.276	4.9886
92.379	5.2674
92.483	4.0195
92.587	4.0000
92.691	4.7432
92.795	4.6931
92.898	3.6688
93.002	4.6977
93.106	6.0394
93.210	7.0164
93.314	8.1934
93.417	12.0568
93.521	10.8711
93.625	10.6521
93.729	11.6303
93.833	9.5497
93.936	10.5212
94.040	9.1363
94.144	5.9981
94.248	5.3871
94.352	5.7111
94.455	5.2114
94.559	5.9784
94.663	5.2687
94.767	5.4241
94.871	5.4272
94.974	7.3513
95.078	9.6166
95.182	6.6038
95.286	11.2052
95.390	12.3149
95.493	13.8662
95.597	14.4924
95.701	13.9951
95.805	11.1577
95.909	12.3726
96.012	10.5879
96.116	7.2448
96.220	6.6320
96.324	6.2404
96.428	4.7845
96.531	5.3465
96.635	5.9302
96.739	4.8101
96.843	4.3667
96.947	6.5709
97.050	6.2486
97.154	6.0206
97.258	6.0440
97.362	7.0883
97.465	7.4344
97.569	10.2983
97.673	12.1649
97.777	9.8726
97.881	15.5942
97.984	19.7299
98.088	20.9426
98.192	20.6071
98.296	21.5534
98.400	17.0202
98.503	15.3268
98.607	13.6661
98.711	10.1472
98.815	12.0403
98.919	13.1976
99.022	8.9469
99.126	7.7462
99.230	6.3196
99.334	4.4341
99.438	4.7597
99.541	5.6031
99.645	4.1124
99.749	4.6802
99.853	4.9124
99.957	4.8343
100.060	5.1692
100.164	5.4140
100.268	5.5576
100.372	6.1376
100.476	5.7970
100.579	7.9286
100.683	8.5981
100.787	5.2345
100.891	8.9206
100.995	11.7777
101.098	15.2861
101.202	16.5519
101.306	11.1990
101.410	8.9746
101.514	11.5252
101.617	10.2715
101.721	12.8719
101.825	8.3363
101.929	6.5443
102.033	5.6978
102.136	9.3240
102.240	6.0377
102.344	5.9124
102.448	5.8976
102.552	5.1728
102.655	5.0000
102.759	5.8447
102.863	6.2485
102.967	7.0048
103.071	7.1953
103.174	10.3444
103.278	9.3668
103.382	8.7394
103.486	6.5649
103.590	7.9248
103.693	5.0741
103.797	5.7310
103.901	6.3324
104.005	6.3093
104.109	5.7941
104.212	5.0912
104.316	5.9670
104.420	7.9751
104.524	7.4151
104.628	6.7434
104.731	7.5806
104.835	7.5432
104.939	6.9424
105.043	5.9217
105.146	5.9564
105.250	5.9032
105.354	5.0404
105.458	4.0243
105.562	4.5197
105.665	4.0742
105.769	4.6924
105.873	6.5526
105.977	5.8124
106.081	5.1702
106.184	7.5928
106.288	6.8572
106.392	6.0978
106.496	7.5538
106.600	7.9144
106.703	8.9608
106.807	9.4600
106.911	7.1240
107.015	6.9350
107.119	7.9937
107.222	6.5195
107.326	6.4785
107.430	6.6134
107.534	5.4933
107.638	4.9564
107.741	6.3521
107.845	5.7172
107.949	6.1386
108.053	5.3350
108.157	6.2158
108.260	7.7437
108.364	6.2373
108.468	7.4484
108.572	8.3346
108.676	10.1746
108.779	11.4751
108.883	8.8035
108.987	9.3918
109.091	9.6558
109.195	6.2118
109.298	7.5155
109.402	6.2668
109.506	6.0200
109.610	6.6835
109.714	6.1376
109.817	4.1579
109.921	5.7047
110.025	5.8033
110.129	5.7766
110.233	6.8129
110.336	5.9314
110.440	5.7004
110.544	7.4320
110.648	8.5891
110.752	9.5653
110.855	10.9467
110.959	9.9656
111.063	8.4324
111.167	9.3478
111.271	10.2694
111.374	11.0682
111.478	8.8434
111.582	7.2782
111.686	6.2947
111.790	5.6853
111.893	4.2761
111.997	5.1144
112.101	4.0107
112.205	3.2042
112.308	3.7712
112.412	4.2444
112.516	4.0000
112.620	3.8533
112.724	4.9977
112.827	4.7055
112.931	4.7842
113.035	5.5891
113.139	5.3381
113.243	5.0444
113.346	5.8327
113.450	6.0000
113.554	6.5767
113.658	6.6224
113.762	10.3161
113.865	10.0616
113.969	13.3395
114.073	12.7679
114.177	9.8150
114.281	15.5965
114.384	16.5407
114.488	20.5285
114.592	18.7807
114.696	13.1002
114.800	9.0260
114.903	10.2765
115.007	7.3201
115.111	5.6337
115.215	5.6425
115.319	4.7918
115.422	4.7018
115.526	4.6224
115.630	4.5228
115.734	4.1177
115.838	4.3151
115.941	3.6997
116.045	4.6703
116.149	4.5970
116.253	5.0427
116.357	5.7668
116.460	6.0000
116.564	5.7968
116.668	5.5465
116.772	5.6081
116.876	8.0232
116.979	6.8647
117.083	7.2979
117.187	7.3089
117.291	7.2608
117.395	9.0887
117.498	7.4080
117.602	7.8028
117.706	10.5234
117.810	8.9332
117.914	10.3057
118.017	6.5348
118.121	7.5600
118.225	8.3876
118.329	10.3812
118.433	6.5003
118.536	7.4193
118.640	6.8170
118.744	5.3089
118.848	6.6634
118.952	6.2422
119.055	6.6452
119.159	6.7992
119.263	5.5270
119.367	6.7762
119.470	10.0102
119.574	10.7161
119.678	11.4988
119.782	13.9714
119.886	11.6280
119.989	11.2460
120.093	18.7905
120.197	17.6842
120.301	17.1569
120.405	15.5810
120.508	18.0603
120.612	18.6906
120.716	17.3965
120.820	16.2338
120.924	17.6307
121.027	15.1735
121.131	14.5212
121.235	12.6867
121.339	12.7230
121.443	10.8354
121.546	9.8227
121.650	8.6578
121.754	11.0864
121.858	10.8112
121.962	9.9812
122.065	7.8126
122.169	8.5838
122.273	10.1023
122.377	9.3557
122.481	11.9124
122.584	11.4005
122.688	13.1709
122.792	13.0311
122.896	20.0419
123.000	16.3960
123.103	18.3600
123.207	12.7892
123.311	12.1133
123.415	13.9535
123.519	13.7019
123.622	13.4506
123.726	12.7641
123.830	9.6121
123.934	8.6904
124.038	8.1300
124.141	6.9548
124.245	8.0489
124.349	8.2395
124.453	7.5211
124.557	6.9402
124.660	5.3442
124.764	5.6616
124.868	5.5726
124.972	7.4732
125.076	6.4906
125.179	6.0200
125.283	6.2854
125.387	7.3289
125.491	10.3202
125.595	10.2238
125.698	10.6047
125.802	10.4181
125.906	12.7415
126.010	13.0862
126.114	13.1287
126.217	16.8404
126.321	16.0201
126.425	16.9038
126.529	20.2445
126.632	19.1024
126.736	19.2704
126.840	15.5782
126.944	18.2716
127.048	11.7299
127.151	9.0566
127.255	12.1031
127.359	9.2291
127.463	8.5744
127.567	6.0239
127.670	6.2095
127.774	6.7820
127.878	6.3617
127.982	6.5015
128.086	8.1286
128.189	7.9057
128.293	8.5695
128.397	7.7695
128.501	11.8578
128.605	13.7060
128.708	14.2035
128.812	15.2951
128.916	12.5168
129.020	13.5141
129.124	14.9949
129.227	15.4769
129.331	12.4120
129.435	12.5764
129.539	15.7328
129.643	14.1946
129.746	14.8626
129.850	14.8892
129.954	14.7881
130.058	12.3318
130.162	11.6658
130.265	10.4921
130.369	11.0920
130.473	13.7549
130.577	11.4375
130.681	9.3862
130.784	9.9431
130.888	9.4195
130.992	8.7437
131.096	11.1942
131.200	11.6854
131.303	12.2852
131.407	12.8117
131.511	14.9610
131.615	11.1279
131.719	12.4847
131.822	16.3504
131.926	17.9031
132.030	17.3777
132.134	21.4312
132.238	18.7686
132.341	16.2523
132.445	12.2293
132.549	12.1395
132.653	11.5300
132.757	8.4730
132.860	8.7921
132.964	9.7258
133.068	7.4946
133.172	7.7005
133.276	10.4885
133.379	8.8064
133.483	8.4734
133.587	9.8489
133.691	7.3316
133.794	13.5010
133.898	12.2793
134.002	11.6217
134.106	8.9782
134.210	10.9321
134.313	13.1751
134.417	12.7023
134.521	16.7046
134.625	14.9817
134.729	19.4611
134.832	18.2548
134.936	17.2146
135.040	12.5837
135.144	11.2941
135.248	11.7724
135.351	8.1683
135.455	7.3540
135.559	6.2931
135.663	5.0437
135.767	6.8604
135.870	7.0898
135.974	6.2950
136.078	6.2835
136.182	7.0246
136.286	6.5618
136.389	8.0388
136.493	7.3720
136.597	8.1258
136.701	9.7503
136.805	10.5950
136.908	14.9553
137.012	17.1432
137.116	17.2980
137.220	18.3839
137.324	26.7198
137.427	20.9229
137.531	21.6129
137.635	27.1027
137.739	25.0361
137.843	25.9379
137.946	18.4552
138.050	16.5198
138.154	16.0000