0.000	6.0000
0.104	7.5215
0.207	12.5755
0.311	12.6668
0.415	15.0836
0.518	14.2815
0.622	15.1011
0.725	17.0133
0.829	17.6823
0.933	21.7205
1.037	24.0375
1.141	26.7435
1.244	34.2986
1.348	29.0858
1.452	26.7453
1.556	27.3136
1.660	22.0345
1.763	20.0906
1.867	18.3388
1.971	22.2470
2.075	23.2951
2.178	17.8342
2.282	19.7605
2.386	29.9822
2.490	27.7096
2.594	35.6454
2.697	40.5202
2.801	46.1655
2.905	45.1825
3.009	44.5915
3.113	43.0403
3.216	43.6750
3.320	45.0247
3.424	37.3891
3.528	32.1171
3.631	26.3269
3.735	30.1352
3.839	28.3301
3.943	22.2136
4.047	15.2936
4.150	13.9890
4.254	18.5035
4.358	16.0959
4.462	15.0952
4.566	15.3789
4.669	16.0247
4.773	18.4259
4.877	14.7899
4.981	22.1856
5.085	25.2681
5.188	27.4597
5.292	24.3661
5.396	23.9920
5.500	24.6802
5.603	29.6663
5.707	28.9068
5.811	34.4248
5.915	29.6358
6.019	28.9525
6.122	27.2387
6.226	24.0804
6.330	17.9856
6.434	19.4032
6.538	15.9807
6.641	13.1349
6.745	14.0018
6.849	12.5014
6.953	16.7022
7.057	13.8603
7.160	13.5165
7.264	14.4302
7.368	12.8251
7.472	11.9081
7.575	11.6167
7.679	11.2242
7.783	19.0648
7.887	21.1928
7.991	25.4185
8.094	23.8573
8.198	19.5798
8.302	26.5102
8.406	43.2544
8.510	37.4447
8.613	44.7325
8.717	45.2610
8.821	50.9583
8.925	51.6322
9.028	38.1288
9.132	38.9377
9.236	30.5132
9.340	17.8836
9.444	22.3219
9.547	19.9146
9.651	19.1174
9.755	14.8391
9.859	13.4249
9.963	11.9323
10.066	10.2684
10.170	6.6942
10.274	7.3691
10.378	8.8389
10.482	7.8391
10.585	8.2581
10.689	9.2856
10.793	8.0560
10.897	8.6297
11.000	8.3442
11.104	9.4035
11.208	10.5428
11.312	10.8737
11.416	9.8116
11.519	13.3952
11.623	12.9378
11.727	11.7012
11.831	11.2856
11.935	12.1025
12.038	13.7423
12.142	10.9942
12.246	14.4569
12.350	13.2060
12.454	14.0050
12.557	17.0666
12.661	16.3509
12.765	17.3003
12.869	19.5725
12.972	25.5452
13.076	29.4217
13.180	25.3553
13.284	25.7132
13.388	25.3880
13.491	31.8972
13.595	30.1295
13.699	22.7975
13.803	19.4540
13.907	18.8961
14.010	22.2559
14.114	19.1232
14.218	15.0944
14.322	10.7328
14.425	11.5674
14.529	14.2840
14.633	14.6733
14.737	12.0920
14.841	10.7483
14.944	11.4172
15.048	9.4829
15.152	9.4667
15.256	8.9620
15.360	10.1206
15.463	6.5069
15.567	11.1311
15.671	10.2330
15.775	9.5672
15.879	9.7679
15.982	9.1058
16.086	7.9324
16.190	7.7434
16.294	8.3419
16.397	8.1373
16.501	11.8437
16.605	13.1787
16.709	7.7359
16.813	10.3959
16.916	12.8486
17.020	16.1109
17.124	22.9602
17.228	24.3479
17.332	30.5623
17.435	36.9390
17.539	30.6401
17.643	29.1643
17.747	24.9597
17.851	19.0914
17.954	11.5278
18.058	7.7603
18.162	7.1823
18.266	7.4817
18.369	7.8265
18.473	5.0785
18.577	5.6422
18.681	5.2586
18.785	5.5374
18.888	5.6674
18.992	5.1323
19.096	4.7845
19.200	4.5305
19.304	5.5583
19.407	6.8530
19.511	8.8029
19.615	9.0304
19.719	9.5372
19.822	8.0286
19.926	11.2288
20.030	11.9996
20.134	11.6052
20.238	9.4400
20.341	13.1002
20.445	16.6224
20.549	15.4024
20.653	18.5486
20.757	19.5113
20.860	17.8209
20.964	14.4460
21.068	13.9067
21.172	13.0971
21.276	10.8450
21.379	7.7310
21.483	8.1963
21.587	6.2505
21.691	5.9621
21.794	5.4669
21.898	5.0081
22.002	4.8959
22.106	4.4402
22.210	3.5573
22.313	3.8719
22.417	5.3688
22.521	6.7579
22.625	6.5351
22.729	9.1184
22.832	7.8724
22.936	5.2920
23.040	9.7264
23.144	8.6427
23.247	10.6364
23.351	15.0357
23.455	13.0563
23.559	17.8151
23.663	16.8180
23.766	18.5465
23.870	16.0309
23.974	15.8854
24.078	17.6322
24.182	19.3272
24.285	21.2529
24.389	18.7850
24.493	15.0247
24.597	10.1422
24.701	10.1165
24.804	8.4843
24.908	8.1011
25.012	8.1203
25.116	6.8172
25.219	5.9108
25.323	7.8075
25.427	8.3678
25.531	10.7452
25.635	13.6836
25.738	17.5583
25.842	15.8051
25.946	22.7784
26.050	18.8606
26.154	23.2791
26.257	25.1257
26.361	17.0630
26.465	19.2156
26.569	18.6884
26.673	9.2977
26.776	8.6253
26.880	7.8706
26.984	8.3112
27.088	8.7963
27.191	9.5947
27.295	8.7296
27.399	5.9742
27.503	7.9423
27.607	7.9725
27.710	6.9197
27.814	8.1526
27.918	7.9741
28.022	9.5068
28.126	13.2843
28.229	10.5533
28.333	10.7831
28.437	11.6190
28.541	15.9550
28.645	16.6668
28.748	17.2928
28.852	19.8948
28.956	22.5898
29.060	21.2828
29.163	16.0158
29.267	17.1001
29.371	20.7146
29.475	11.8779
29.579	10.2361
29.682	7.1664
29.786	9.3907
29.890	10.3747
29.994	9.2579
30.098	12.0742
30.201	17.9650
30.305	15.0494
30.409	14.5396
30.513	17.1464
30.616	24.3144
30.720	30.3064
30.824	30.9308
30.928	31.6070
31.032	29.8957
31.135	23.4562
31.239	20.8085
31.343	16.3926
31.447	10.1035
31.551	11.3184
31.654	9.0541
31.758	7.5990
31.862	7.2463
31.966	6.9883
32.070	6.6071
32.173	7.2064
32.277	7.2307
32.381	6.2891
32.485	6.7390
32.588	8.3528
32.692	7.4826
32.796	11.8441
32.900	8.7542
33.004	9.2408
33.107	13.4139
33.211	13.4707
33.315	12.7605
33.419	13.7484
33.523	15.1933
33.626	18.2922
33.730	19.0142
33.834	24.7284
33.938	34.2589
34.042	37.3634
34.145	32.1272
34.249	36.5790
34.353	32.9725
34.457	32.6123
34.560	22.8640
34.664	19.6990
34.768	13.4457
34.872	13.6170
34.976	14.8542
35.079	14.8401
35.183	17.3184
35.287	15.1540
35.391	16.8402
35.495	18.1371
35.598	12.9254
35.702	17.0590
35.806	12.2599
35.910	16.0992
36.013	13.9449
36.117	11.4420
36.221	12.8294
36.325	10.5183
36.429	10.6717
36.532	10.5470
36.636	10.0601
36.740	9.2846
36.844	8.1006
36.948	7.1409
37.051	7.5165
37.155	6.8348
37.259	6.8825
37.363	7.4460
37.467	6.3469
37.570	7.2119
37.674	8.1911
37.778	7.2340
37.882	9.3407
37.985	8.4496
38.089	9.8013
38.193	11.6672
38.297	15.6958
38.401	15.5010
38.504	20.4959
38.608	27.4981
38.712	28.8725
38.816	29.6379
38.920	22.8591
39.023	23.9315
39.127	30.1695
39.231	29.6940
39.335	34.8772
39.438	35.4057
39.542	30.6835
39.646	27.1553
39.750	24.4288
39.854	18.6088
39.957	18.3466
40.061	14.7674
40.165	12.8640
40.269	10.1367
40.373	9.1404
40.476	9.0803
40.580	9.7408
40.684	8.4408
40.788	7.0530
40.892	8.6069
40.995	8.0195
41.099	8.5987
41.203	7.6640
41.307	9.0497
41.410	10.8505
41.514	9.3922
41.618	11.3107
41.722	16.7939
41.826	21.9639
41.929	23.4671
42.033	26.3469
42.137	35.5268
42.241	42.3765
42.345	47.2889
42.448	39.6707
42.552	43.3222
42.656	43.3519
42.760	36.4145
42.864	35.5853
42.967	32.3533
43.071	20.1318
43.175	20.6125
43.279	14.2319
43.382	10.1511
43.486	11.0913
43.590	12.3923
43.694	8.9785
43.798	7.6053
43.901	7.2312
44.005	8.3142
44.109	6.9719
44.213	7.8512
44.317	7.7661
44.420	7.5482
44.524	6.7407
44.628	9.5992
44.732	9.2444
44.835	10.2886
44.939	8.3600
45.043	12.4284
45.147	12.2364
45.251	11.9912
45.354	10.1277
45.458	9.6957
45.562	8.8646
45.666	6.5494
45.770	6.6946
45.873	7.7254
45.977	8.1591
46.081	12.5807
46.185	10.6505
46.289	10.8762
46.392	11.9555
46.496	14.3896
46.600	18.4188
46.704	26.6403
46.807	30.7604
46.911	28.6384
47.015	31.1241
47.119	26.8692
47.223	30.2362
47.326	24.3130
47.430	17.0832
47.534	14.3660
47.638	12.9758
47.742	11.3256
47.845	10.5619
47.949	9.2223
48.053	10.3079
48.157	8.3766
48.261	8.7407
48.364	9.9780
48.468	9.3791
48.572	7.5984
48.676	7.8733
48.779	11.2182
48.883	12.4440
48.987	14.4854
49.091	13.4280
49.195	20.7992
49.298	13.6221
49.402	10.4452
49.506	14.5025
49.610	16.6422
49.714	16.0204
49.817	15.7294
49.921	15.5083
50.025	23.3258
50.129	31.6222
50.232	23.8282
50.336	25.2668
50.440	21.2160
50.544	24.5357
50.648	25.6928
50.751	19.9016
50.855	17.9517
50.959	20.1418
51.063	21.2028
51.167	23.1911
51.270	19.0175
51.374	18.7213
51.478	29.1069
51.582	36.2405
51.686	43.1375
51.789	48.4263
51.893	57.1432
51.997	51.0286
52.101	46.3825
52.204	47.5995
52.308	43.1302
52.412	29.3663
52.516	16.3987
52.620	11.7758
52.723	14.2201
52.827	11.5778
52.931	8.6769
53.035	8.3507
53.139	8.7431
53.242	7.8521
53.346	7.6074
53.450	7.0338
53.554	9.8030
53.658	11.8956
53.761	17.9644
53.865	14.3022
53.969	13.4971
54.073	13.1853
54.176	12.5461
54.280	13.7941
54.384	18.3717
54.488	15.1127
54.592	15.6376
54.695	12.4192
54.799	12.0491
54.903	16.2863
55.007	24.1151
55.111	29.4691
55.214	35.5905
55.318	41.4072
55.422	36.1858
55.526	28.4077
55.629	26.5808
55.733	27.5935
55.837	13.5322
55.941	13.5792
56.045	9.4443
56.148	8.7215
56.252	8.5674
56.356	9.7367
56.460	9.8180
56.564	9.3289
56.667	10.6865
56.771	14.0724
56.875	18.5843
56.979	13.1222
57.083	13.1673
57.186	15.5865
57.290	12.9589
57.394	11.8043
57.498	12.7630
57.601	14.3593
57.705	16.1307
57.809	15.7252
57.913	17.3319
58.017	13.7381
58.120	8.1128
58.224	6.6502
58.328	7.4083
58.432	5.0943
58.536	9.4512
58.639	8.1050
58.743	6.3677
58.847	7.2913
58.951	6.3411
59.055	7.4497
59.158	8.1739
59.262	9.5236
59.366	9.2551
59.470	11.7082
59.573	14.3521
59.677	14.2046
59.781	11.1357
59.885	8.9530
59.989	14.3459
60.092	8.6202
60.196	9.0472
60.300	9.0679
60.404	11.7875
60.508	10.3027
60.611	7.2433
60.715	8.2822
60.819	7.8492
60.923	6.9156
61.026	6.5320
61.130	5.9462
61.234	7.6532
61.338	9.5592
61.442	9.6708
61.545	10.0821
61.649	7.7367
61.753	9.4358
61.857	8.6948
61.961	5.8512
62.064	8.9795
62.168	8.2010
62.272	10.7976
62.376	14.4122
62.480	14.5002
62.583	12.4285
62.687	13.9181
62.791	15.8733
62.895	15.9503
62.998	17.4778
63.102	20.9394
63.206	21.1977
63.310	19.8509
63.414	16.7108
63.517	13.2769
63.621	14.0118
63.725	10.6613
63.829	10.4026
63.933	7.6818
64.036	6.4662
64.140	6.7564
64.244	5.3003
64.348	5.7546
64.452	7.5639
64.555	7.0309
64.659	7.4189
64.763	8.8580
64.867	10.2465
64.970	10.4228
65.074	11.4708
65.178	16.5743
65.282	23.0549
65.386	24.6626
65.489	27.0572
65.593	26.5810
65.697	21.5567
65.801	26.5290
65.905	30.8663
66.008	27.3043
66.112	28.0982
66.216	28.9819
66.320	34.6350
66.423	24.5101
66.527	24.3360
66.631	31.3830
66.735	24.6017
66.839	17.2534
66.942	15.9465
67.046	14.6464
67.150	11.1291
67.254	8.4259
67.358	6.5511
67.461	7.5978
67.565	6.1674
67.669	7.2543
67.773	7.2088
67.877	7.2228
67.980	6.8467
68.084	5.7995
68.188	5.2457
68.292	4.5962
68.395	5.8774
68.499	7.8389
68.603	9.3581
68.707	11.5981
68.811	10.5875
68.914	11.7601
69.018	14.0009
69.122	15.2545
69.226	17.6813
69.330	20.0457
69.433	24.5200
69.537	34.3003
69.641	26.4674
69.745	26.9980
69.849	28.8403
69.952	46.5842
70.056	41.3616
70.160	40.0880
70.264	41.4511
70.367	39.9640
70.471	34.0359
70.575	29.0426
70.679	21.8300
70.783	16.2920
70.886	13.1149
70.990	11.2657
71.094	11.9489
71.198	9.7624
71.302	10.1087
71.405	9.0743
71.509	6.7927
71.613	8.6805
71.717	7.8835
71.820	6.2489
71.924	6.7752
72.028	7.4246
72.132	7.9168
72.236	6.0072
72.339	9.8175
72.443	8.7751
72.547	8.0933
72.651	8.5291
72.755	8.6052
72.858	8.1205
72.962	10.1219
73.066	7.5941
73.170	8.4603
73.274	8.4790
73.377	9.5669
73.481	12.1497
73.585	14.2802
73.689	19.4557
73.792	19.6819
73.896	18.7736
74.000	21.8846
74.104	24.5734
74.208	30.7443
74.311	23.3868
74.415	19.9669
74.519	22.8971
74.623	26.2795
74.727	25.4995
74.830	24.3396
74.934	29.0561
75.038	27.6420
75.142	24.7209
75.246	25.2461
75.349	20.5345
75.453	18.2692
75.557	13.7133
75.661	13.2476
75.764	11.5830
75.868	10.0101
75.972	9.7593
76.076	9.1855
76.180	9.3618
76.283	8.5687
76.387	9.2487
76.491	9.9137
76.595	9.5417
76.699	10.2401
76.802	8.9638
76.906	10.2870
77.010	13.1195
77.114	14.2546
77.217	23.8868
77.321	20.9183
77.425	18.3056
77.529	26.9267
77.633	24.4653
77.736	27.5973
77.840	28.6628
77.944	28.3299
78.048	26.6495
78.152	30.9372
78.255	33.0578
78.359	28.3161
78.463	25.2583
78.567	23.3577
78.671	16.7342
78.774	13.2831
78.878	11.3595
78.982	9.5981
79.086	7.7162
79.189	9.3943
79.293	7.9600
79.397	7.0568
79.501	12.3617
79.605	7.6698
79.708	9.2946
79.812	9.1223
79.916	7.3894
80.020	11.0900
80.124	10.5713
80.227	11.4887
80.331	16.4699
80.435	16.7902
80.539	23.7474
80.643	28.8130
80.746	26.1907
80.850	24.6984
80.954	22.4524
81.058	23.2716
81.161	27.7141
81.265	28.8062
81.369	26.9646
81.473	27.5334
81.577	29.0060
81.680	29.6835
81.784	28.5724
81.888	29.1435
81.992	30.0458
82.096	31.1782
82.199	30.9855
82.303	24.0539
82.407	20.8212
82.511	18.2323
82.614	14.0502
82.718	9.9638
82.822	8.9680
82.926	9.1461
83.030	8.7003
83.133	7.8747
83.237	7.2299
83.341	6.8331
83.445	7.5848
83.549	7.0000
83.652	7.0000
83.756	6.9179
83.860	6.2811
83.964	6.6095
84.068	7.3593
84.171	6.1939
84.275	6.9046
84.379	7.5159
84.483	7.9879
84.586	9.2650
84.690	9.3412
84.794	8.5965
84.898	10.5035
85.002	13.2275
85.105	12.7871
85.209	15.3094
85.313	22.5317
85.417	25.6608
85.521	27.9352
85.624	37.4158
85.728	44.2850
85.832	58.3852
85.936	51.7691
86.040	51.7486
86.143	53.1689
86.247	54.6182
86.351	50.0000
86.455	44.7489
86.558	42.9666
86.662	33.8074
86.766	21.7407
86.870	16.4580
86.974	15.7031
87.077	13.5508
87.181	11.5512
87.285	11.2923
87.389	9.0821
87.493	6.1384
87.596	7.8113
87.700	6.2212
87.804	6.3371
87.908	8.0837
88.011	7.5283
88.115	6.9605
88.219	6.6727
88.323	7.2670
88.427	6.8356
88.530	6.3207
88.634	6.3304
88.738	6.3443
88.842	5.5492
88.946	6.2003
89.049	6.2102
89.153	7.0000
89.257	6.4047
89.361	6.3890
89.465	9.2822
89.568	10.8002
89.672	14.0280
89.776	12.1549
89.880	14.9812
89.983	14.1770
90.087	20.0536
90.191	28.3920
90.295	24.5267
90.399	31.6670
90.502	35.9455
90.606	34.3064
90.710	42.5503
90.814	45.3750
90.918	46.2048
91.021	42.4450
91.125	49.5476
91.229	53.3535
91.333	52.8907
91.437	55.9025
91.540	54.1033
91.644	40.2038
91.748	58.3638
91.852	65.9574
91.955	40.3999
92.059	40.7332
92.163	38.9523
92.267	28.0470
92.371	30.2461
92.474	23.2444
92.578	22.3411
92.682	17.8722
92.786	15.5722
92.890	11.8596
92.993	11.0504
93.097	11.4014
93.201	11.3336
93.305	7.3243
93.408	7.5229
93.512	8.1270
93.616	6.0196
93.720	6.5583
93.824	6.5217
93.927	6.8105
94.031	6.0233
94.135	8.2977
94.239	7.4038
94.343	5.8846
94.446	8.2096
94.550	6.9559
94.654	7.6397
94.758	7.0386
94.862	9.9048
94.965	12.5487
95.069	12.4797
95.173	16.5829
95.277	19.9794
95.380	22.2033
95.484	19.7533
95.588	25.7386
95.692	31.5016
95.796	35.2444
95.899	35.4241
96.003	40.4100
96.107	48.9914
96.211	44.2316
96.315	48.8854
96.418	50.1451
96.522	49.1924
96.626	41.2078
96.730	36.6595
96.834	33.1193
96.937	27.5191
97.041	19.1221
97.145	18.0383
97.249	19.7105
97.352	13.1226
97.456	13.0447
97.560	12.4936
97.664	10.2258
97.768	8.4381
97.871	7.1085
97.975	7.0341
98.079	6.9059
98.183	7.7363
98.287	7.6098
98.390	8.0273
98.494	8.7201
98.598	8.7589
98.702	8.7170
98.805	12.2714
98.909	14.4846
99.013	15.5743
99.117	18.0548
99.221	27.2269
99.324	28.1661
99.428	25.9376
99.532	28.5483
99.636	28.7778
99.740	26.5187
99.843	20.0946
99.947	21.7455
100.051	20.8569
100.155	18.9938
100.259	19.9691
100.362	20.8520
100.466	21.9752
100.570	21.3341
100.674	24.1232
100.777	29.2034
100.881	33.8655
100.985	28.1735
101.089	36.9845
101.193	35.8646
101.296	31.9823
101.400	28.3241
101.504	34.6908
101.608	32.5810
101.712	34.4407
101.815	29.8038
101.919	23.0802
102.023	17.8141
102.127	17.5676
102.231	17.1588
102.334	13.3498
102.438	14.8539
102.542	14.5826
102.646	12.4070
102.749	10.5093
102.853	14.1951
102.957	12.8134
103.061	7.2205
103.165	7.3719
103.268	8.7625
103.372	8.5504
103.476	8.2008
103.580	7.6271
103.684	8.5325
103.787	8.0000
103.891	7.6348
103.995	8.9183
104.099	9.0155
104.202	9.6276
104.306	12.4838
104.410	10.1896
104.514	13.1848
104.618	14.6292
104.721	15.2270
104.825	15.2711
104.929	17.9900
105.033	19.4325
105.137	18.7951
105.240	19.5337
105.344	24.0070
105.448	23.4909
105.552	25.2048
105.656	23.0952
105.759	22.9249
105.863	25.8982
105.967	34.2119
106.071	40.4882
106.174	41.4465
106.278	42.4663
106.382	53.2028
106.486	49.2373
106.590	57.3069
106.693	51.0202
106.797	53.2369
106.901	61.7176
107.005	46.8763
107.109	46.7901
107.212	42.3672
107.316	40.2623
107.420	34.1724
107.524	25.1385
107.628	20.7132
107.731	22.0377
107.835	24.5626
107.939	20.1184
108.043	16.5352
108.146	17.5186
108.250	15.3636
108.354	11.6315
108.458	11.9205
108.562	9.1466
108.665	7.6409
108.769	10.9386
108.873	8.3947
108.977	8.8617
109.081	9.4715
109.184	9.0729
109.288	8.6297
109.392	7.2079
109.496	7.0282
109.599	11.8875
109.703	14.7271
109.807	9.3328
109.911	14.1110
110.015	16.4555
110.118	21.1241
110.222	27.4312
110.326	38.1130
110.430	33.4846
110.534	42.6323
110.637	43.5551
110.741	43.9428
110.845	45.7010
110.949	46.8716
111.053	51.8195
111.156	46.4538
111.260	35.7698
111.364	31.2531
111.468	25.8638
111.571	27.1576
111.675	17.7919
111.779	18.0635
111.883	14.0000