0.207566455	5.949747562
0.415132910	9.705752373
0.622699380	12.987318039
0.830265820	7.996073723
1.037832260	4.152687073
1.245398760	6.181635380
1.452965260	3.070787191
1.660531640	10.661969185
1.868098140	9.142846107
2.075664520	8.287558556
2.283231020	14.890897751
2.490797520	11.550234795
2.698364019	15.986373901
2.905930519	20.214166641
3.113496780	18.487489700
3.321063280	19.574222565
3.528629780	20.949932098
3.736196280	13.294145584
3.943762779	10.530331612
4.151329041	10.653403282
4.358895779	7.052588940
4.566462040	6.059891701
4.774028778	5.903195858
4.981595039	7.406278610
5.189161301	11.959354401
5.396728039	14.683741570
5.604294300	16.444829941
5.811861038	24.268350601
6.019427299	20.834339142
6.226993561	13.827034950
6.434560299	9.744284630
6.642126560	8.306118965
6.849693298	7.839829922
7.057259560	7.499855995
7.264826298	14.574073792
7.472392559	21.289072037
7.679958820	21.761856079
7.887525558	36.331947327
8.095091820	46.287464142
8.302658081	32.550857544
8.510225296	22.359876633
8.717791557	11.984191895
8.925357819	11.661078453
9.132924080	7.612249851
9.340490341	7.682207584
9.548057556	8.476739883
9.755623817	12.018200874
9.963190079	13.190592766
10.170756340	23.540906906
10.378322601	30.045581818
10.585889816	28.653743744
10.793456078	25.310413361
11.001022339	17.481094360
11.208588600	15.154389381
11.416154861	15.564834595
11.623722076	15.981098175
11.831288338	16.649940491
12.038854599	23.918210983
12.246420860	36.767768860
12.453987122	45.736133575
12.661554337	46.398563385
12.869120598	39.096153259
13.076686859	22.632297516
13.284253120	19.969905853
13.491820335	15.129383087
13.699386597	12.122612000
13.906952858	16.868148804
14.114519119	17.402923584
14.322085381	30.068183899
14.529652596	43.669479370
14.737218857	48.933609009
14.944785118	38.970260620
15.152351379	20.426982880
15.359917641	10.598731041
15.567484856	17.619371414
15.775051117	14.418611526
15.982617378	27.235364914
16.190183640	51.333751678
16.397750854	51.925975800
16.605316162	56.579540253
16.812883377	41.121799469
17.020450592	35.229568481
17.228015900	18.871622086
17.435583115	14.486429214
17.643148422	7.849020481
17.850715637	8.347787857
18.058282852	14.291477203
18.265848160	16.443710327
18.473415375	24.267002106
18.680980682	33.042133331
18.888547897	38.383972168
19.096115112	35.413406372
19.303680420	20.680490494
19.511247635	19.734455109
19.718812943	26.920764923
19.926380157	19.844488144
20.133947372	16.911163330
20.341512680	25.872091293
20.549079895	33.806644440
20.756645203	34.829036713
20.964212418	32.560852051
21.171779633	31.767030716
21.379344940	34.593608856
21.586912155	45.930980682
21.794477463	33.761074066
22.002044678	24.470159531
22.209611893	13.775336266
22.417177200	12.914799690
22.624744415	8.664762497
22.832309723	7.373197556
23.039876938	10.441198349
23.247444153	14.972765923
23.455009460	14.840620041
23.662576675	28.889713287
23.870141983	35.095092773
24.077709198	47.600708008
24.285276413	31.027740479
24.492841721	16.033845901
24.700408936	15.822759628
24.907974243	11.913240433
25.115541458	16.613239288
25.323108673	16.135251999
25.530673981	22.206064224
25.738241196	32.039699554
25.945806503	34.809108734
26.153373718	42.167758942
26.360940933	38.416851044
26.568506241	29.591993332
26.776073456	17.567209244
26.983640671	12.193837166
27.191205978	8.771309853
27.398773193	7.999382496
27.606338501	10.795988083
27.813905716	18.504364014
28.021472931	27.553096771
28.229038239	40.629779816
28.436605453	60.114952087
28.644170761	67.458732605
28.851737976	56.249866486
29.059305191	59.788871765
29.266870499	48.305374146
29.474437714	41.533840179
29.682003021	22.412826538
29.889570236	13.488781929
30.097137451	7.308408260
30.304702759	14.470524788
30.512269974	10.393583298
30.719835281	8.227908134
30.927402496	13.741093636
31.134969711	23.121767044
31.342535019	31.906253815
31.550102234	42.115844727
31.757667542	58.021343231
31.965234756	58.351619720
32.172801971	62.040660858
32.380367279	45.766731262
32.587932587	27.009454727
32.795501709	15.214209557
33.003067017	11.252923012
33.210632324	7.414909840
33.418201447	6.916018486
33.625766754	13.033857346
33.833332062	23.366487503
34.040901184	28.210414886
34.248466492	34.730690002
34.456031799	36.988746643
34.663597107	37.145301819
34.871166229	33.979743958
35.078731537	28.400981903
35.286296844	19.934207916
35.493865967	12.457861900
35.701431274	11.549206734
35.908996582	9.308865547
36.116565704	8.046308517
36.324131012	7.475573063
36.531696320	4.416303635
36.739261627	6.245482922
36.946830750	10.247633934
37.154396057	16.228820801
37.361961365	28.550090790
37.569530487	43.912960052
37.777095795	55.658390045
37.984661102	52.362194061
38.192230225	43.400089264
38.399795532	38.109081268
38.607360840	31.417253494
38.814926147	24.343824387
39.022495270	11.063817978
39.230060577	7.291387558
39.437625885	11.596418381
39.645195007	9.721080780
39.852760315	12.082102776
40.060325623	19.355325699
40.267894745	28.355079651
40.475460052	37.797866821
40.683025360	43.756076813
40.890590668	32.037338257
41.098159790	36.733379364
41.305725098	32.942249298
41.513290405	25.045545578
41.720859528	17.041658401
41.928424835	9.030583382
42.135990143	5.391274452
42.343559265	6.282047749
42.551124573	8.695942879
42.758689880	18.802404404
42.966255188	21.048295975
43.173824310	20.295696259
43.381389618	21.774738312
43.588954926	19.254648209
43.796524048	19.485807419
44.004089355	21.073440552
44.211654663	20.168857574
44.419223785	25.440996170
44.626789093	27.079536438
44.834354401	28.419734955
45.041923523	26.650121689
45.249488831	24.253458023
45.457054138	19.104980469
45.664619446	17.261411667
45.872188568	17.516000748
46.079753876	14.863204956
46.287319183	7.563463688
46.494888306	6.060652256
46.702453613	10.229050636
46.910018921	16.385755539
47.117588043	25.978607178
47.325153351	19.450635910
47.532718658	28.701978683
47.740283966	27.952516556
47.947853088	18.812023163
48.155418396	19.474237442
48.362983704	15.297842979
48.570552826	20.716730118
48.778118134	24.383047104
48.985683441	21.688215256
49.193252563	27.950895309
49.400817871	37.548458099
49.608383179	29.638149261
49.815948486	22.869722366
50.023517609	24.841701508
50.231082916	21.341102600
50.438648224	17.005002975
50.646217346	13.784361839
50.853782654	9.354354858
51.061347961	10.980388641
51.268917084	17.217611313
51.476482391	22.615020752
51.684047699	28.238714218
51.891613007	40.576683044
52.099182129	38.784503937
52.306747437	25.800441742
52.514312744	18.528520584
52.721881866	17.369726181
52.929447174	14.226193428
53.137012482	12.648133278
53.344581604	11.452647209
53.552146912	12.215520859
53.759712219	16.626667023
53.967281342	19.086654663
54.174846649	23.010591507
54.382411957	38.660808563
54.589977264	51.894435883
54.797546387	44.024547577
55.005111694	46.066123962
55.212677002	28.394840240
55.420246124	26.642202377
55.627811432	15.067573547
55.835376740	15.556909561
56.042945862	11.419509888
56.250511169	7.450952530
56.458076477	9.499777794
56.665641785	12.801635742
56.873210907	16.905414581
57.080776215	14.822842598
57.288341522	15.905862808
57.495910645	16.305831909
57.703475952	16.980899811
57.911041260	27.949348450
58.118610382	43.067974091
58.326175690	35.687618256
58.533740997	47.910575867
58.741306305	36.564224243
58.948875427	22.570693970
59.156440735	14.676516533
59.364006042	13.879618645
59.571575165	7.839752197
59.779140472	10.999460220
59.986705780	11.587053299
60.194274902	13.022741318
60.401840210	16.987123489
60.609405518	36.904628754
60.816970825	43.332221985
61.024539948	44.860652924
61.232105255	34.078144073
61.439670563	25.887804031
61.647239685	18.490915298
61.854804993	14.320418358
62.062370300	12.776164055
62.269939423	11.941419601
62.477504730	9.539756775
62.685070038	10.007577896
62.892635345	15.122541428
63.100204468	27.978181839
63.307769775	33.188858032
63.515335083	51.002914429
63.722904205	56.402614594
63.930469513	45.386333466
64.138038635	46.703094482
64.345603943	38.589740753
64.553169250	28.108295441
64.760734558	28.345735550
64.968299866	24.277355194
65.175865173	14.114238739
65.383438110	11.182972908
65.591003418	7.211402893
65.798568726	7.188666344
66.006134033	7.699289322
66.213699341	10.454615593
66.421264648	24.357501984
66.628829956	27.766723633
66.836402893	41.888046265
67.043968201	45.835285187
67.251533508	42.855045319
67.459098816	27.853738785
67.666664124	25.166635513
67.874229431	26.395690918
68.081802368	13.526029587
68.289367676	11.370350838
68.496932983	15.028900146
68.704498291	20.540931702
68.912063599	36.135643005
69.119628906	30.469778061
69.327194214	32.807323456
69.534767151	26.185567856
69.742332458	14.791193962
69.949897766	20.742317200
70.157463074	12.804516792
70.365028381	18.801805496
70.572593689	22.565683365
70.780158997	23.126018524
70.987731934	33.281875610
71.195297241	37.134540558
71.402862549	29.187505722
71.610427856	24.727710724
71.817993164	19.587394714
72.025558472	14.188413620
72.233131409	11.294062614
72.440696716	11.791626930
72.648262024	11.462375641
72.855827332	20.221776962
73.063392639	23.351737976
73.270957947	23.536460876
73.478523254	31.716602325
73.686096191	38.796459198
73.893661499	36.309181213
74.101226807	25.223285675
74.308792114	17.656362534
74.516357422	15.583014488
74.723922729	12.035749435
74.931488037	15.228695869
75.139060974	17.533454895
75.346626282	19.562128067
75.554191589	23.748832703
75.761756897	32.639087677
75.969322205	34.149536133
76.176887512	28.652597427
76.384460449	25.451583862
76.592025757	20.007173538
76.799591064	18.457761765
77.007156372	16.146804810
77.214721680	16.844905853
77.422286987	18.220628738
77.629852295	21.005218506
77.837425232	27.904647827
78.044990540	23.408063889
78.252555847	16.806259155
78.460121155	19.585205078
78.667686462	16.048234940
78.875251770	26.636432648
79.082824707	30.740816116
79.290390015	45.965583801
79.497955322	48.382858276
79.705520630	51.844619751
79.913085938	33.945476532
80.120651245	20.943202972
80.328216553	26.533138275
80.535789490	19.407329559
80.743354797	18.884214401
80.950920105	13.837118149
81.158485413	14.740219116
81.366050720	11.299891472
81.573616028	11.015977859
81.781181335	15.343383789
81.988754272	23.667943954
82.196319580	23.934188843
82.403884888	34.234249115
82.611450195	49.838615417
82.819015503	42.142665863
83.026580811	29.458610535
83.234153748	21.766145706
83.441719055	18.921119690
83.649284363	15.628003120
83.856849670	11.175304413
84.064414978	16.577289581
84.271980286	20.912481308
84.479545593	42.228031158
84.687118530	51.871898651
84.894683838	50.302200317
85.102249146	40.599445343
85.309814453	20.778041840
85.517379761	13.486496925
85.724945068	12.346091270
85.932510376	7.534249306
86.140083313	7.984628677
86.347648621	14.689268112
86.555213928	33.719673157
86.762779236	66.689460754
86.970344543	92.036788940
87.177909851	70.709472656
87.385482788	44.165805817
87.593048096	33.012535095
87.800613403	18.607330322
88.008178711	12.463559151
88.215744019	13.828722954
88.423309326	19.501008987
88.630874634	27.235021591
88.838447571	39.734210968
89.046012878	73.836662292
89.253578186	74.106163025
89.461143494	62.518764496
89.668708801	43.013313293
89.876274109	16.969186783
90.083847046	11.599717140
90.291412354	9.799924850
90.498977661	8.981851578
90.706542969	5.040649414
90.914108276	10.406172752
91.121673584	13.030143738
91.329238892	16.942567825
91.536811829	42.277236938
91.744377136	79.439682007
91.951942444	109.613037109
92.159507751	115.386016846
92.367073059	76.442192078
92.574638367	60.304618835
92.782203674	34.996307373
92.989776611	34.770122528
93.197341919	20.647796631
93.404907227	16.557537079
93.612472534	19.218168259
93.820037842	21.682313919
94.027603149	23.396888733
94.235176086	20.202756882
94.442741394	16.482143402
94.650306702	17.780008316
94.857872009	10.797526360
95.065437317	9.450098038
95.273002625	6.061564922
95.480567932	11.044337273
95.688140869	12.527121544
95.895706177	15.970295906
96.103271484	13.640318871
96.310836792	12.037500381
96.518402100	10.868981361
96.725967407	13.100127220
96.933532715	8.376258850
97.141105652	8.898193359
97.348670959	7.047225952
97.556236267	8.253021240
97.763801575	8.374138832
97.971366882	7.651257515
98.178932190	7.999406338
98.386505127	10.050219536
98.594070435	9.135725975
98.801635742	7.136182785
99.009201050	4.932084084
99.216766357	6.354176044
99.424331665	8.940043449
99.631896973	7.798931599
99.839469910	9.231827736
100.047035217	11.010200500
100.254600525	10.972717285
100.462165833	7.990720272
100.669731140	6.505720139
100.877296448	5.866907597