0.000000000	12.000000000
0.207566455	36.929916382
0.415132910	78.022933960
0.622699380	179.323181152
0.830265820	219.283157349
1.037832260	210.682846069
1.245398760	169.050949097
1.452965260	128.081100464
1.660531640	79.434143066
1.868098140	86.661140442
2.075664520	129.963180542
2.283231020	192.925201416
2.490797520	250.766677856
2.698364019	251.864776611
2.905930519	249.155807495
3.113496780	198.983108521
3.321063280	93.527511597
3.528629780	49.887184143
3.736196280	16.236461639
3.943762779	9.920117378
4.151329041	21.932958603
4.358895779	29.570337296
4.566462040	67.843246460
4.774028778	166.530715942
4.981595039	236.106216431
5.189161301	246.245300293
5.396728039	248.718017578
5.604294300	202.278320312
5.811861038	193.656143188
6.019427299	159.035446167
6.226993561	155.332672119
6.434560299	199.842926025
6.642126560	185.245361328
6.849693298	124.862838745
7.057259560	70.896369934
7.264826298	51.483661652
7.472392559	28.620758057
7.679958820	24.093360901
7.887525558	32.488071442
8.095091820	52.061096191
8.302658081	141.458358765
8.510225296	239.344497681
8.717791557	254.267898560
8.925357819	251.176376343
9.132924080	216.034210205
9.340490341	116.015121460
9.548057556	60.607803345
9.755623817	42.147460938
9.963190079	58.377731323
10.170756340	116.750518799
10.378322601	193.192840576
10.585889816	210.324737549
10.793456078	190.612762451
11.001022339	182.594329834
11.208588600	103.063903809
11.416154861	58.444847107
11.623722076	33.211048126
11.831288338	19.221454620
12.038854599	20.682811737
12.246420860	35.664005280
12.453987122	79.978492737
12.661554337	153.596160889
12.869120598	209.277389526
13.076686859	227.182434082
13.284253120	219.182373047
13.491820335	188.159515381
13.699386597	195.486068726
13.906952858	160.453079224
14.114519119	117.788032532
14.322085381	79.041793823
14.529652596	49.484008789
14.737218857	25.795530319
14.944785118	21.234451294
15.152351379	12.361130714
15.359917641	19.559673309
15.567484856	46.215621948
15.775051117	99.601593018
15.982617378	206.799270630
16.190183640	249.102951050
16.397750854	242.207199097
16.605316162	192.929473877
16.812883377	92.645248413
17.020450592	49.418483734
17.228015900	39.841709137
17.435583115	28.730602264
17.643148422	44.455955505
17.850715637	55.648357391
18.058282852	129.895812988
18.265848160	177.833358765
18.473415375	192.783843994
18.680980682	169.828308105
18.888547897	132.617019653
19.096115112	100.194145203
19.303680420	101.970741272
19.511247635	119.891288757
19.718812943	172.756484985
19.926380157	182.519012451
20.133947372	189.758010864
20.341512680	180.093856812
20.549079895	101.950904846
20.756645203	55.634548187
20.964212418	35.095485687
21.171779633	18.576778412
21.379344940	29.782665253
21.586912155	26.737091064
21.794477463	34.803813934
22.002044678	68.731422424
22.209611893	137.904220581
22.417177200	185.681991577
22.624744415	195.640808105
22.832309723	198.166442871
23.039876938	185.920837402
23.247444153	208.686126709
23.455009460	222.556701660
23.662576675	218.847839355
23.870141983	166.932769775
24.077709198	111.195976257
24.285276413	59.167552948
24.492841721	46.307586670
24.700408936	17.530378342
24.907974243	13.963043213
25.115541458	11.800522804
25.323108673	11.104513168
25.530673981	26.772081375
25.738241196	100.030593872
25.945806503	152.037033081
26.153373718	218.951309204
26.360940933	239.064895630
26.568506241	248.138275146
26.776073456	246.067687988
26.983640671	222.419235229
27.191205978	145.992782593
27.398773193	67.743865967
27.606338501	26.935018539
27.813905716	13.033594131
28.021472931	9.704175949
28.229038239	7.342397213
28.436605453	12.650771141
28.644170761	13.292881012
28.851737976	23.315267563
29.059305191	58.130653381
29.266870499	114.269737244
29.474437714	183.867477417
29.682003021	214.210708618
29.889570236	229.089172363
30.097137451	213.075134277
30.304702759	200.662124634
30.512269974	183.305618286
30.719835281	177.287918091
30.927402496	173.482559204
31.134969711	136.029434204
31.342535019	119.516029358
31.550102234	89.016670227
31.757667542	62.690158844
31.965234756	46.968814850
32.172801971	27.864351273
32.380367279	25.959136963
32.587932587	18.759553909
32.795501709	12.655056953
33.003067017	15.277793884
33.210632324	19.549160004
33.418201447	33.619792938
33.625766754	53.110301971
33.833332062	62.154552460
34.040901184	98.650482178
34.248466492	165.050903320
34.456031799	217.359954834
34.663597107	234.811157227
34.871166229	243.890533447
35.078731537	226.982559204
35.286296844	150.531372070
35.493865967	92.936416626
35.701431274	51.520053864
35.908996582	24.177492142
36.116565704	12.580488205
36.324131012	18.826593399
36.531696320	23.639556885
36.739261627	72.977798462
36.946830750	161.886825562
37.154396057	229.330764771
37.361961365	251.430618286
37.569530487	255.000000000
37.777095795	237.430099487
37.984661102	173.252731323
38.192230225	88.763298035
38.399795532	37.956424713
38.607360840	24.794996262
38.814926147	20.633144379
39.022495270	32.167308807
39.230060577	82.284454346
39.437625885	160.537429810
39.645195007	219.505371094
39.852760315	237.506286621
40.060325623	229.358810425
40.267894745	164.010528564
40.475460052	83.594131470
40.683025360	41.429847717
40.890590668	27.879728317
41.098159790	23.488094330
41.305725098	28.466920853
41.513290405	53.395507812
41.720859528	119.810684204
41.928424835	206.466583252
42.135990143	246.096191406
42.343559265	246.081375122
42.551124573	237.825531006
42.758689880	182.149185181
42.966255188	100.593452454
43.173824310	46.065704346
43.381389618	23.324457169
43.588954926	16.042259216
43.796524048	18.883100510
44.004089355	32.489540100
44.211654663	59.401576996
44.419223785	107.283203125
44.626789093	165.882308960
44.834354401	210.777496338
45.041923523	229.758087158
45.249488831	211.626037598
45.457054138	152.710098267
45.664619446	90.602127075
45.872188568	57.089187622
46.079753876	38.103908539
46.287319183	36.342998505
46.494888306	56.441005707
46.702453613	95.976974487
46.910018921	167.526565552
47.117588043	232.077041626
47.325153351	251.703720093
47.532718658	249.433227539
47.740283966	203.659301758
47.947853088	120.244773865
48.155418396	67.149398804
48.362983704	43.718147278
48.570552826	33.890106201
48.778118134	28.426540375
48.985683441	24.540576935
49.193252563	35.681083679
49.400817871	69.821960449
49.608383179	124.469841003
49.815948486	199.521926880
50.023517609	240.738616943
50.231082916	239.160369873
50.438648224	224.169265747
50.646217346	194.448532104
50.853782654	141.382369995
51.061347961	89.599967957
51.268917084	55.051090240
51.476482391	52.747207642
51.684047699	68.548980713
51.891613007	89.701660156
52.099182129	94.734504700
52.306747437	95.457061768
52.514312744	98.036361694
52.721881866	77.090515137
52.929447174	59.239227295
53.137012482	64.016975403
53.344581604	86.694572449
53.552146912	105.002990723
53.759712219	126.694862366
53.967281342	124.297760010
54.174846649	97.100120544
54.382411957	63.586940765
54.589977264	52.788707733
54.797546387	40.239749908
55.005111694	31.750394821
55.212677002	47.955047607
55.420246124	98.833160400
55.627811432	167.112930298
55.835376740	212.722595215
56.042945862	223.132995605
56.250511169	207.601211548
56.458076477	146.800369263
56.665641785	96.737052917
56.873210907	73.417655945
57.080776215	74.425331116
57.288341522	107.665885925
57.495910645	166.552886963
57.703475952	212.327377319
57.911041260	231.955108643
58.118610382	240.944320679
58.326175690	243.567657471
58.533740997	239.098205566
58.741306305	209.550003052
58.948875427	159.830764771
59.156440735	100.420539856
59.364006042	48.288509369
59.571575165	35.971733093
59.779140472	27.790386200
59.986705780	21.479328156
60.194274902	36.905532837
60.401840210	61.720863342
60.609405518	119.001144409
60.816970825	187.349884033
61.024539948	220.783355713
61.232105255	238.778793335
61.439670563	233.319686890
61.647239685	237.892913818
61.854804993	222.383087158
62.062370300	149.397033691
62.269939423	68.211830139
62.477504730	36.794235229
62.685070038	18.888355255
62.892635345	17.892499924
63.100204468	16.940376282
63.307769775	16.487792969
63.515335083	29.268430710
63.722904205	82.031784058
63.930469513	149.258880615
64.138038635	212.417053223
64.345603943	231.110046387
64.553169250	234.817443848
64.760734558	232.489486694
64.968299866	185.033966064
65.175865173	114.392463684
65.383438110	83.831764221
65.591003418	45.639541626
65.798568726	53.510555267
66.006134033	65.170173645
66.213699341	120.605033875
66.421264648	171.959548950
66.628829956	184.834350586
66.836402893	194.976165771
67.043968201	162.702926636
67.251533508	127.573768616
67.459098816	104.398292542
67.666664124	64.396553040
67.874229431	35.875934601
68.081802368	33.226207733
68.289367676	41.988403320
68.496932983	66.463287354
68.704498291	133.458526611
68.912063599	203.265808105
69.119628906	231.548187256
69.327194214	240.124679565
69.534767151	240.390258789
69.742332458	241.622985840
69.949897766	229.614440918
70.157463074	165.519775391
70.365028381	83.829399109
70.572593689	49.135272980
70.780158997	23.758640289
70.987731934	19.477661133
71.195297241	11.581728935
71.402862549	12.577178001
71.610427856	10.523679733
71.817993164	15.908072472
72.025558472	29.403804779
72.233131409	36.944816589
72.440696716	57.514316559
72.648262024	109.226028442
72.855827332	158.294189453
73.063392639	181.024002075
73.270957947	194.240966797
73.478523254	210.514022827
73.686096191	170.928085327
73.893661499	151.252944946
74.101226807	112.874595642
74.308792114	79.836952209
74.516357422	77.901588440
74.723922729	92.690979004
74.931488037	117.198722839
75.139060974	147.062789917
75.346626282	160.443847656
75.554191589	151.215591431
75.761756897	100.235130310
75.969322205	80.135116577
76.176887512	54.416431427
76.384460449	53.279834747
76.592025757	67.260421753
76.799591064	79.993614197
77.007156372	103.945800781
77.214721680	153.322525024
77.422286987	152.025985718
77.629852295	145.523712158
77.837425232	149.358215332
78.044990540	98.107368469
78.252555847	76.141571045
78.460121155	78.281394958
78.667686462	84.152954102
78.875251770	90.960800171
79.082824707	89.934036255
79.290390015	104.980155945
79.497955322	54.397449493
79.705520630	52.277519226
79.913085938	40.687953949
80.120651245	40.512321472
80.328216553	40.914161682
80.535789490	74.920257568
80.743354797	88.145866394
80.950920105	157.035202026
81.158485413	215.177612305
81.366050720	231.231124878
81.573616028	252.717636108
81.781181335	241.074966431
81.988754272	215.939971924
82.196319580	178.048782349
82.403884888	105.128997803
82.611450195	64.165573120
82.819015503	41.448291779
83.026580811	22.595022202
83.234153748	15.022661209
83.441719055	18.665599823
83.649284363	37.094902039
83.856849670	61.795494080
84.064414978	105.234802246
84.271980286	181.410263062
84.479545593	219.759994507
84.687118530	237.805541992
84.894683838	248.343811035
85.102249146	234.109085083
85.309814453	216.313751221
85.517379761	162.701858521
85.724945068	120.145599365
85.932510376	72.269416809
86.140083313	54.226940155
86.347648621	27.245862961
86.555213928	14.780956268
86.762779236	9.761810303
86.970344543	12.460906982
87.177909851	10.751516342
87.385482788	12.444888115
87.593048096	24.445205688
87.800613403	28.632272720
88.008178711	67.336616516
88.215744019	159.081146240
88.423309326	231.016113281
88.630874634	244.626449585
88.838447571	252.507614136
89.046012878	253.423736572
89.253578186	250.790374756
89.461143494	240.604370117
89.668708801	194.370162964
89.876274109	136.710617065
90.083847046	97.450294495
90.291412354	70.261566162
90.498977661	38.662990570
90.706542969	22.514379501
90.914108276	45.620914459
91.121673584	34.339660645
91.329238892	43.094264984
91.536811829	78.370597839
91.744377136	94.300430298
91.951942444	104.589454651
92.159507751	164.178070068
92.367073059	179.129547119
92.574638367	199.568298340
92.782203674	219.025024414
92.989776611	214.573745728
93.197341919	180.845581055
93.404907227	145.168121338
93.612472534	78.851158142
93.820037842	42.807140350
94.027603149	37.556892395
94.235176086	42.356414795
94.442741394	53.988777161
94.650306702	115.868415833
94.857872009	131.536041260
95.065437317	164.556625366
95.273002625	219.634857178
95.480567932	195.860504150
95.688140869	202.359344482
95.895706177	162.965576172
96.103271484	87.866020203
96.310836792	81.729522705
96.518402100	37.516975403
96.725967407	27.494472504
96.933532715	26.120275497
97.141105652	25.985052109
97.348670959	25.757677078
97.556236267	67.965682983
97.763801575	102.921417236
97.971366882	157.830429077
98.178932190	209.414093018
98.386505127	177.352874756
98.594070435	183.740234375
98.801635742	179.760986328
99.009201050	206.187057495
99.216766357	215.301544189
99.424331665	196.955841064
99.631896973	235.384231567
99.839469910	225.353179932
100.047035217	181.342498779
100.254600525	120.535079956
100.462165833	90.243293762
100.669731140	50.323024750
100.877296448	27.187547684
101.084869385	18.662855148
101.292434692	16.664617538
101.500000000	16.594581604
101.707565308	23.454576492
101.915130615	29.738403320
102.122695923	52.464504242
102.330261230	141.651000977
102.537834167	172.564025879
102.745399475	213.048339844
102.952964783	251.560150146
103.160530090	254.534210205
103.368095398	254.986846924
103.575660706	231.420791626
103.783226013	178.639266968
103.990798950	128.310729980
104.198364258	70.409339905
104.405929565	52.397815704
104.613494873	29.831975937
104.821060181	28.491439819
105.028625488	14.312606812
105.236198425	17.253305435
105.443763733	36.343620300
105.651329041	64.795593262
105.858894348	127.645919800
106.066459656	225.762313843
106.274024963	247.029098511
106.481590271	250.062362671
106.689163208	250.338760376
106.896728516	236.579620361
107.104293823	212.076782227
107.311859131	174.171356201
107.519424438	93.258926392
107.726989746	45.592422485
107.934562683	19.916994095
108.142127991	25.413759232
108.349693298	26.636852264
108.557258606	45.767066956
108.764823914	59.876716614
108.972389221	109.242454529
109.179954529	156.005996704
109.387527466	200.064498901
109.595092773	215.533935547
109.802658081	183.504074097
110.010223389	198.178527832
110.217788696	161.998245239
110.425354004	176.162521362
110.632919312	193.524490356
110.840492249	164.930603027
111.048057556	139.054275513
111.255622864	68.016426086
111.463188171	45.150741577
111.670753479	37.023437500
111.878318787	31.681015015
112.085891724	34.986206055
112.293457031	62.636722565
112.501022339	95.741523743
112.708587646	102.719390869
112.916152954	163.274078369
113.123718262	207.578353882
113.331283569	193.976516724
113.538856506	197.338500977
113.746421814	175.966476440
113.953987122	153.921783447
114.161552429	158.908676147
114.369117737	108.479248047
114.576683044	78.736473083
114.784248352	51.779479980
114.991821289	35.530944824
115.199386597	29.833427429
115.406951904	29.356851578
115.614517212	32.206733704
115.822082520	28.897180557
116.029647827	40.071220398
116.237220764	58.814556122
116.444786072	114.457542419
116.652351379	157.968948364
116.859916687	206.715850830
117.067481995	216.582855225
117.275047302	214.168685913
117.482612610	202.892822266
117.690185547	173.772018433
117.897750854	129.652786255
118.105316162	86.379562378
118.312881470	52.540863037
118.520446777	26.234869003
118.728012085	21.172058105
118.935585022	23.536544800
119.143150330	24.690940857
119.350715637	28.528381348
119.558280945	60.261569977
119.765846252	111.029548645
119.973411560	169.294204712
120.180976868	211.450073242
120.388549805	228.669326782
120.596115112	209.343185425
120.803680420	190.267471313
121.011245728	179.612731934
121.218811035	179.321914673
121.426376343	122.267799377
121.633941650	99.682121277
121.841514587	74.447639465
122.049079895	63.980770111
122.256645203	73.046577454
122.464210510	101.491920471
122.671775818	139.894393921
122.879341125	175.938430786
123.086914062	194.725921631
123.294479370	186.512725830
123.502044678	121.992965698
123.709609985	77.334777832
123.917175293	52.010112762
124.124740601	31.255775452
124.332305908	35.835605621
124.539878845	38.547851562
124.747444153	37.494987488
124.955009460	61.670551300
125.162574768	87.460578918
125.370140076	134.256881714
125.577705383	181.245727539
125.785270691	214.274505615
125.992843628	230.839508057
126.200408936	229.891586304
126.407974243	234.962173462
126.615539551	217.090362549
126.823104858	196.972763062
127.030670166	142.038314819
127.238243103	109.744155884
127.445808411	89.188262939
127.653373718	58.349857330
127.860939026	31.373891830
128.068511963	34.836864471
128.276077271	25.024223328
128.483642578	25.479103088
128.691207886	18.037084579
128.898773193	21.962663651
129.106338501	26.309942245
129.313903809	26.039375305
129.521469116	52.937122345
129.729034424	97.387054443
129.936599731	150.877258301
130.144165039	184.429534912
130.351730347	224.349563599
130.559295654	221.911148071
130.766876221	175.063629150
130.974441528	168.325942993
131.182006836	136.790267944
131.389572144	131.379180908
131.597137451	114.213203430
131.804702759	120.506034851
132.012268066	145.619888306
132.219833374	127.882278442
132.427398682	116.309158325
132.634963989	95.619277954
132.842529297	51.518119812
133.050094604	58.555843353
133.257659912	47.860382080
133.465240479	37.914421082
133.672805786	60.994064331
133.880371094	80.819755554
134.087936401	135.299179077
134.295501709	157.800094604
134.503067017	198.940979004
134.710632324	215.933517456
134.918197632	202.803329468
135.125762939	168.453231812
135.333328247	124.688240051
135.540893555	93.242767334
135.748458862	55.974010468
135.956024170	48.382122040
136.163604736	40.004898071
136.371170044	30.880428314
136.578735352	41.264678955
136.786300659	49.533817291
136.993865967	83.177566528
137.201431274	126.174217224
137.408996582	138.860290527
137.616561890	142.027862549
137.824127197	162.290344238
138.031692505	151.421005249
138.239257812	153.184585571
138.446823120	115.595710754
138.654388428	110.144416809
138.861953735	107.310234070
139.069534302	82.544593811
139.277099609	46.664871216
139.484664917	25.539676666
139.692230225	25.887998581
139.899795532	30.634874344
140.107360840	55.821132660
140.314926147	58.534084320
140.522491455	80.836433411
140.730056763	110.962997437
140.937622070	163.346633911
141.145187378	161.663391113
141.352752686	202.186294556
