Distance_(microns)	Gray_Value
0.0000	158.000
0.1038	125.654
0.2076	96.884
0.3113	67.856
0.4151	58.333
0.5189	57.277
0.6227	53.569
0.7265	46.015
0.8303	43.915
0.9340	36.093
1.0378	39.460
1.1416	48.510
1.2454	48.775
1.3492	53.827
1.4530	56.510
1.5567	67.747
1.6605	76.886
1.7643	98.872
1.8681	123.425
1.9719	132.800
2.0757	118.856
2.1794	94.238
2.2832	101.028
2.3870	97.765
2.4908	90.388
2.5946	94.411
2.6984	96.630
2.8021	96.820
2.9059	87.816
3.0097	86.161
3.1135	90.418
3.2173	65.978
3.3211	60.929
3.4248	59.540
3.5286	52.302
3.6324	41.506
3.7362	43.396
3.8400	62.746
3.9438	50.682
4.0475	66.482
4.1513	96.892
4.2551	106.330
4.3589	66.769
4.4627	127.757
4.5665	121.951
4.6702	100.262
4.7740	81.772
4.8778	75.464
4.9816	83.645
5.0854	91.345
5.1892	80.415
5.2929	82.254
5.3967	97.794
5.5005	107.018
5.6043	108.339
5.7081	112.919
5.8119	112.186
5.9156	119.933
6.0194	110.272
6.1232	98.302
6.2270	80.073
6.3308	97.062
6.4346	87.700
6.5383	74.258
6.6421	80.532
6.7459	68.626
6.8497	60.586
6.9535	49.378
7.0573	36.307
7.1610	47.730
7.2648	61.267
7.3686	77.310
7.4724	103.814
7.5762	82.057
7.6800	64.202
7.7837	63.688
7.8875	66.735
7.9913	61.197
8.0951	57.624
8.1989	60.618
8.3027	69.157
8.4064	60.010
8.5102	59.971
8.6140	50.451
8.7178	45.150
8.8216	51.795
8.9254	51.844
9.0291	49.915
9.1329	58.847
9.2367	71.014
9.3405	66.665
9.4443	72.141
9.5481	76.467
9.6518	93.521
9.7556	81.479
9.8594	83.805
9.9632	78.606
10.0670	108.900
10.1708	110.237
10.2745	101.942
10.3783	109.098
10.4821	89.011
10.5859	87.559
10.6897	92.054
10.7935	86.898
10.8972	65.007
11.0010	79.083
11.1048	65.153
11.2086	63.003
11.3124	64.982
11.4162	71.700
11.5199	63.353
11.6237	65.421
11.7275	56.775
11.8313	80.337
11.9351	45.680
12.0389	52.431
12.1426	59.394
12.2464	48.994
12.3502	49.464
12.4540	43.887
12.5578	29.098
12.6616	24.722
12.7653	26.021
12.8691	33.870
12.9729	34.605
13.0767	35.644
13.1805	32.100
13.2843	34.298
13.3880	52.264
13.4918	59.667
13.5956	89.278
13.6994	133.124
13.8032	127.344
13.9070	155.248
14.0107	167.034
14.1145	130.519
14.2183	181.354
14.3221	190.397
14.4259	146.450
14.5297	140.202
14.6334	129.883
14.7372	143.301
14.8410	133.883
14.9448	88.216
15.0486	86.595
15.1524	84.722
15.2561	68.515
15.3599	64.768
15.4637	57.802
15.5675	58.439
15.6713	50.094
15.7751	50.342
15.8788	42.186
15.9826	30.412
16.0864	23.384
16.1902	21.724
16.2940	24.749
16.3978	24.370
16.5015	21.139
16.6053	27.204
16.7091	30.957
16.8129	34.758
16.9167	43.875
17.0205	58.072
17.1242	88.828
17.2280	102.127
17.3318	133.131
17.4356	146.724
17.5394	171.333
17.6431	133.066
17.7469	137.283
17.8507	114.820
17.9545	123.511
18.0583	121.148
18.1621	114.859
18.2658	98.566
18.3696	117.077
18.4734	75.835
18.5772	79.845
18.6810	53.769
18.7848	45.970
18.8885	42.136
18.9923	44.028
19.0961	35.929
19.1999	30.678
19.3037	34.287
19.4075	29.525
19.5112	29.302
19.6150	29.622
19.7188	30.459
19.8226	29.980
19.9264	30.303
20.0302	33.016
20.1339	41.629
20.2377	31.799
20.3415	38.058
20.4453	44.520
20.5491	60.266
20.6529	61.341
20.7566	69.815
20.8604	90.984
20.9642	111.313
21.0680	107.617
21.1718	127.970
21.2756	141.676
21.3793	154.702
21.4831	135.325
21.5869	135.635
21.6907	136.376
21.7945	113.992
21.8983	143.421
22.0020	122.764
22.1058	102.198
22.2096	97.683
22.3134	91.473
22.4172	77.178
22.5210	64.195
22.6247	46.465
22.7285	49.305
22.8323	54.849
22.9361	32.498
23.0399	34.494
23.1437	37.058
23.2474	43.208
23.3512	32.188
23.4550	29.643
23.5588	31.257
23.6626	31.184
23.7664	27.084
23.8701	23.731
23.9739	24.381
24.0777	27.034
24.1815	27.046
24.2853	32.532
24.3891	40.357
24.4928	54.986
24.5966	82.927
24.7004	90.241
24.8042	102.514
24.9080	132.207
25.0118	188.660
25.1155	202.877
25.2193	190.195
25.3231	178.620
25.4269	171.330
25.5307	133.353
25.6345	127.520
25.7382	122.843
25.8420	115.739
25.9458	107.683
26.0496	102.033
26.1534	72.952
26.2572	55.315
26.3609	55.569
26.4647	40.061
26.5685	35.275
26.6723	30.981
26.7761	31.434
26.8799	27.178
26.9836	41.842
27.0874	48.000
27.1912	49.323
27.2950	83.133
27.3988	95.146
27.5026	98.840
27.6063	114.102
27.7101	124.189
27.8139	124.553
27.9177	133.626
28.0215	134.005
28.1253	136.175
28.2290	90.882
28.3328	93.840
28.4366	87.864
28.5404	67.777
28.6442	59.808
28.7480	52.877
28.8517	55.559
28.9555	51.504
29.0593	38.224
29.1631	41.860
29.2669	47.370
29.3707	42.447
29.4744	43.978
29.5782	58.297
29.6820	66.203
29.7858	75.912
29.8896	120.524
29.9934	134.672
30.0971	153.211
30.2009	145.551
30.3047	150.876
30.4085	159.826
30.5123	146.747
30.6161	103.358
30.7198	86.785
30.8236	58.359
30.9274	53.634
31.0312	47.714
31.1350	53.445
31.2388	36.230
31.3425	35.055
31.4463	30.616
31.5501	27.113
31.6539	32.977
31.7577	30.357
31.8615	36.676
31.9652	30.294
32.0690	48.685
32.1728	70.448
32.2766	81.882
32.3804	106.342
32.4841	166.890
32.5879	158.282
32.6917	176.241
32.7955	191.985
32.8993	197.537
33.0031	173.345
33.1068	153.169
33.2106	125.736
33.3144	128.209
33.4182	104.162
33.5220	66.662
33.6258	45.741
33.7295	46.634
33.8333	42.134
33.9371	31.576
34.0409	33.908
34.1447	24.935
34.2485	21.626
34.3522	35.258
34.4560	26.854
34.5598	21.450
34.6636	26.947
34.7674	36.565
34.8712	35.759
34.9749	62.933
35.0787	79.076
35.1825	123.219
35.2863	115.992
35.3901	108.688
35.4939	105.828
35.5976	144.027
35.7014	126.374
35.8052	153.206
35.9090	131.770
36.0128	102.136
36.1166	103.811
36.2203	87.255
36.3241	77.620
36.4279	55.650
36.5317	36.862
36.6355	56.192
36.7393	39.103
36.8430	41.466
36.9468	42.552
37.0506	49.408
37.1544	63.540
37.2582	85.695
37.3620	81.844
37.4657	72.864
37.5695	78.233
37.6733	100.361
37.7771	89.118
37.8809	101.010
37.9847	115.390
38.0884	105.805
38.1922	96.647
38.2960	86.973
38.3998	106.156
38.5036	109.213
38.6074	102.257
38.7111	99.035
38.8149	84.497
38.9187	84.417
39.0225	90.601
39.1263	81.457
39.2301	47.325
39.3338	48.735
39.4376	46.257
39.5414	40.671
39.6452	38.040
39.7490	41.165
39.8528	44.928
39.9565	32.136
40.0603	37.466
40.1641	63.365
40.2679	45.158
40.3717	41.764
40.4755	38.401
40.5792	48.238
40.6830	29.237
40.7868	32.807
40.8906	42.755
40.9944	39.439
41.0982	43.090
41.2019	74.544
41.3057	91.518
41.4095	120.283
41.5133	136.583
41.6171	168.029
41.7209	190.737
41.8246	192.970
41.9284	215.880
42.0322	176.801
42.1360	181.326
42.2398	168.298
42.3436	156.160
42.4473	118.379
42.5511	96.877
42.6549	89.087
42.7587	80.634
42.8625	61.583
42.9663	45.916
43.0700	40.332
43.1738	38.381
43.2776	31.609
43.3814	29.560
43.4852	32.869
43.5890	28.443
43.6927	29.767
43.7965	37.102
43.9003	50.188
44.0041	47.525
44.1079	54.192
44.2117	55.503
44.3154	60.411
44.4192	42.623
44.5230	35.894
44.6268	41.761
44.7306	54.302
44.8344	58.104
44.9381	79.444
45.0419	86.473
45.1457	93.426
45.2495	106.635
45.3533	105.283
45.4571	109.381
45.5608	123.112
45.6646	97.632
45.7684	109.924
45.8722	119.486
45.9760	110.114
46.0798	114.391
46.1835	102.695
46.2873	100.923
46.3911	83.910
46.4949	82.398
46.5987	61.100
46.7025	52.380
46.8062	35.735
46.9100	28.223
47.0138	26.043
47.1176	26.910
47.2214	24.666
47.3252	31.683
47.4289	31.520
47.5327	27.089
47.6365	33.915
47.7403	33.368
47.8441	28.604
47.9479	33.533
48.0516	52.224
48.1554	58.154
48.2592	56.114
48.3630	51.124
48.4668	63.540
48.5706	68.071
48.6743	56.529
48.7781	82.567
48.8819	68.241
48.9857	70.234
49.0895	81.454
49.1933	73.889
49.2970	73.597
49.4008	105.289
49.5046	99.526
49.6084	106.533
49.7122	138.630
49.8159	119.457
49.9197	154.008
50.0235	103.238
50.1273	105.587
50.2311	113.301
50.3349	81.564
50.4386	56.149
50.5424	54.532
50.6462	46.289
50.7500	38.258
50.8538	45.234
50.9576	36.113
51.0613	29.072
51.1651	33.905
51.2689	26.713
51.3727	27.377
51.4765	29.410
51.5803	47.316
51.6840	41.728
51.7878	57.881
51.8916	99.539
51.9954	112.532
52.0992	141.410
52.2030	146.135
52.3067	125.687
52.4105	120.594
52.5143	106.333
52.6181	107.523
52.7219	107.506
52.8257	114.082
52.9294	101.705
53.0332	77.800
53.1370	71.249
53.2408	64.906
53.3446	81.549
53.4484	60.637
53.5521	57.458
53.6559	39.383
53.7597	26.781
53.8635	34.782
53.9673	31.003
54.0711	27.040
54.1748	30.187
54.2786	25.844
54.3824	23.333
54.4862	30.345
54.5900	28.130
54.6938	42.104
54.7975	44.944
54.9013	59.033
55.0051	65.672
55.1089	67.178
55.2127	90.726
55.3165	100.850
55.4202	139.642
55.5240	137.145
55.6278	145.598
55.7316	125.289
55.8354	140.905
55.9392	158.853
56.0429	118.288
56.1467	94.373
56.2505	95.570
56.3543	105.356
56.4581	106.563
56.5619	110.470
56.6656	88.072
56.7694	72.762
56.8732	62.868
56.9770	53.488
57.0808	41.029
57.1846	35.398
57.2883	34.115
57.3921	23.471
57.4959	28.070
57.5997	25.953
57.7035	34.718
57.8073	43.523
57.9110	42.369
58.0148	55.701
58.1186	76.484
58.2224	82.182
58.3262	101.228
58.4300	91.880
58.5337	77.988
58.6375	90.234
58.7413	120.003
58.8451	103.593
58.9489	84.420
59.0527	87.713
59.1564	83.424
59.2602	84.265
59.3640	78.240
59.4678	93.525
59.5716	83.159
59.6754	79.263
59.7791	82.460
59.8829	72.637
59.9867	58.797
60.0905	54.001
60.1943	70.174
60.2981	64.417
60.4018	54.635
60.5056	45.013
60.6094	32.955
60.7132	30.772
60.8170	34.040
60.9208	32.578
61.0245	27.364
61.1283	24.688
61.2321	41.366
61.3359	45.858
61.4397	39.240
61.5435	63.343
61.6472	80.440
61.7510	93.894
61.8548	108.502
61.9586	131.910
62.0624	149.902
62.1662	166.179
62.2699	126.117
62.3737	105.431
62.4775	87.489
62.5813	79.872
62.6851	111.273
62.7889	81.219
62.8926	82.316
62.9964	106.690
63.1002	80.446
63.2040	72.571
63.3078	55.103
63.4116	39.631
63.5153	46.571
63.6191	35.684
63.7229	33.505
63.8267	36.822
63.9305	32.667
64.0343	25.043
64.1380	21.499
64.2418	30.742
64.3456	29.202
64.4494	25.650
64.5532	29.504
64.6570	37.025
64.7607	41.551
64.8645	51.462
64.9683	57.478
65.0721	81.718
65.1759	88.737
65.2796	100.201
65.3834	91.459
65.4872	96.702
65.5910	85.186
65.6948	79.414
65.7986	77.030
65.9024	75.313
66.0061	94.378
66.1099	97.900
66.2137	74.634
66.3175	58.583
66.4213	62.579
66.5250	59.363
66.6288	42.003
66.7326	47.757
66.8364	45.905
66.9402	53.528
67.0440	35.619
67.1478	38.340
67.2515	34.752
67.3553	32.596
67.4591	40.768
67.5629	42.206
67.6667	44.328
67.7704	53.320
67.8742	69.604
67.9780	65.088
68.0818	81.925
68.1856	61.191
68.2894	66.412
68.3932	48.659
68.4969	40.216
68.6007	47.844
68.7045	56.119
68.8083	62.161
68.9121	66.957
69.0158	56.829
69.1196	58.256
69.2234	57.445
69.3272	51.932
69.4310	48.313
69.5348	53.636
69.6385	51.888
69.7423	54.331
69.8461	80.110
69.9499	62.163
70.0537	52.275
70.1575	52.782
70.2612	49.646
70.3650	43.294
70.4688	49.207
70.5726	48.539
70.6764	68.208
70.7802	86.172
70.8839	69.960
70.9877	56.764
71.0915	55.794
71.1953	52.612
71.2991	49.149
71.4029	31.464
71.5066	39.980
71.6104	45.244
71.7142	44.920
71.8180	59.500
71.9218	76.371
72.0256	78.770
72.1293	91.756
72.2331	61.969
72.3369	52.730
72.4407	50.473
72.5445	57.258
72.6483	57.026
72.7520	61.507
72.8558	50.130
72.9596	47.186
73.0634	44.678
73.1672	46.130
73.2710	42.899
73.3747	36.638
73.4785	48.235
73.5823	50.841
73.6861	47.920
73.7899	60.438
73.8937	65.611
73.9974	82.610
74.1012	111.619
74.2050	103.016
74.3088	103.294
74.4126	99.817
74.5164	86.110
74.6201	75.253
74.7239	85.233
74.8277	77.820
74.9315	61.038
75.0353	55.522
75.1391	61.376
75.2428	66.255
75.3466	75.957
75.4504	67.929
75.5542	49.814
75.6580	37.551
75.7618	30.092
75.8655	31.834
75.9693	28.974
76.0731	30.726
76.1769	28.312
76.2807	25.450
76.3845	27.901
76.4882	31.618
76.5920	26.911
76.6958	33.286
76.7996	26.989
76.9034	30.844
77.0072	38.350
77.1109	44.043
77.2147	55.713
77.3185	51.790
77.4223	46.524
77.5261	31.631
77.6299	42.230
77.7336	44.955
77.8374	49.558
77.9412	49.558
78.0450	41.132
78.1488	40.779
78.2526	34.302
78.3563	35.795
78.4601	33.880
78.5639	41.754
78.6677	45.982
78.7715	35.709
78.8753	43.139
78.9790	50.082
79.0828	55.056
79.1866	69.658
79.2904	55.500
79.3942	58.022
79.4980	78.352
79.6017	68.692
79.7055	76.945
79.8093	45.467
79.9131	73.389
80.0169	59.971
80.1207	46.769
80.2244	46.523
80.3282	43.069
80.4320	39.281
80.5358	40.729
80.6396	37.477
80.7434	42.490
80.8471	37.711
80.9509	35.457
81.0547	48.172
81.1585	36.726
81.2623	38.184
81.3661	41.244
81.4698	71.693
81.5736	53.884
81.6774	57.130
81.7812	43.964
81.8850	64.848
81.9888	59.148
82.0925	42.291
82.1963	44.166
82.3001	41.100
82.4039	58.463
82.5077	58.128
82.6115	51.212
82.7152	64.852
82.8190	73.383
82.9228	80.911
83.0266	85.371
83.1304	72.634
83.2342	70.633
83.3379	70.968
83.4417	74.727
83.5455	89.307
83.6493	82.954
83.7531	97.993
83.8568	75.239
83.9606	94.262
84.0644	98.118
84.1682	63.600
84.2720	73.832
84.3758	57.421
84.4795	55.908
84.5833	89.276
84.6871	46.237
84.7909	38.961
84.8947	44.116
84.9985	28.549
85.1022	29.528
85.2060	43.108
85.3098	39.076
85.4136	33.782
85.5174	32.555
85.6212	31.127
85.7249	33.367
85.8287	29.444
85.9325	42.708
86.0363	36.939
86.1401	43.467
86.2439	52.114
86.3476	53.856
86.4514	66.206
86.5552	78.784
86.6590	61.836
86.7628	58.094
86.8666	40.953
86.9703	50.954
87.0741	57.295
87.1779	52.825
87.2817	59.335
87.3855	65.325
87.4893	48.260
87.5930	41.343
87.6968	37.656
87.8006	33.092
87.9044	42.426
88.0082	43.762
88.1120	43.670
88.2157	44.174
88.3195	42.913
88.4233	42.307
88.5271	34.349
88.6309	45.849
88.7347	50.560
88.8384	55.111
88.9422	46.606
89.0460	39.902
89.1498	37.752
89.2536	44.999
89.3574	62.602
89.4611	43.799
89.5649	42.418
89.6687	50.926
89.7725	46.072
89.8763	59.046
89.9801	50.347
90.0838	51.024
90.1876	62.756
90.2914	62.044
90.3952	56.385
90.4990	50.194
90.6028	65.278
90.7065	59.247
90.8103	66.002
90.9141	70.108
91.0179	72.284
91.1217	86.400
91.2255	95.382
91.3292	69.027
91.4330	60.531
91.5368	58.902
91.6406	45.560
91.7444	49.232
91.8482	51.022
91.9519	38.642
92.0557	38.085
92.1595	29.552
92.2633	25.739
92.3671	25.452
92.4709	33.373
92.5746	25.694
92.6784	20.055
92.7822	23.125
92.8860	21.196
92.9898	23.050
93.0936	19.438
93.1973	23.149
93.3011	22.971
93.4049	25.868
93.5087	27.409
93.6125	38.694
93.7163	41.049
93.8200	48.893
93.9238	35.092
94.0276	61.965
94.1314	62.094
94.2352	64.856
94.3390	69.758
94.4427	75.018
94.5465	85.241
94.6503	81.298
94.7541	71.015
94.8579	43.836
94.9617	57.495
95.0654	60.315
95.1692	62.951
95.2730	59.971
95.3768	62.761
95.4806	60.775
95.5844	46.477
95.6881	43.846
95.7919	54.321
95.8957	45.184
95.9995	35.509
96.1033	52.094
96.2071	36.488
96.3108	25.632
96.4146	27.558
96.5184	28.625
96.6222	28.086
96.7260	27.518
96.8298	22.916
96.9335	24.543
97.0373	19.323
97.1411	24.233
97.2449	24.421
97.3487	25.497
97.4525	32.512
97.5562	21.397
97.6600	30.409
97.7638	36.625
97.8676	50.956
97.9714	42.655
98.0751	56.291
98.1789	41.612
98.2827	34.757
98.3865	52.251
98.4903	57.271
98.5941	56.506
98.6979	68.843
98.8016	60.779
98.9054	69.659
99.0092	68.410
99.1130	76.536
99.2168	78.302
99.3205	66.622
99.4243	62.099
99.5281	58.021
99.6319	42.194
