0.0000	103.000
0.1038	122.074
0.2076	123.864
0.3114	135.822
0.4152	124.828
0.5190	111.877
0.6228	100.594
0.7266	84.779
0.8304	57.273
0.9342	49.167
1.0381	38.248
1.1419	34.815
1.2457	27.306
1.3495	21.272
1.4533	18.176
1.5571	23.003
1.6609	24.805
1.7647	26.221
1.8685	36.370
1.9723	47.045
2.0761	52.548
2.1799	69.894
2.2837	80.202
2.3875	94.653
2.4913	104.954
2.5951	102.955
2.6989	111.906
2.8027	95.117
2.9065	100.469
3.0104	91.764
3.1142	72.082
3.2180	55.181
3.3218	45.214
3.4256	29.570
3.5294	16.976
3.6332	11.435
3.7370	10.907
3.8408	7.336
3.9446	6.472
4.0484	6.662
4.1522	6.459
4.2560	6.031
4.3598	6.088
4.4636	8.561
4.5674	11.291
4.6712	14.939
4.7750	22.018
4.8788	30.618
4.9827	52.736
5.0865	81.379
5.1903	108.221
5.2941	125.394
5.3979	134.898
5.5017	143.767
5.6055	137.546
5.7093	123.738
5.8131	104.312
5.9169	76.879
6.0207	57.925
6.1245	40.455
6.2283	25.994
6.3321	19.607
6.4359	17.915
6.5397	14.827
6.6435	21.224
6.7473	19.451
6.8512	18.510
6.9550	19.529
7.0588	21.741
7.1626	23.096
7.2664	28.492
7.3702	33.361
7.4740	47.244
7.5778	60.744
7.6816	77.495
7.7854	74.821
7.8892	92.232
7.9930	112.303
8.0968	121.026
8.2006	125.047
8.3044	99.570
8.4082	99.390
8.5120	86.685
8.6158	73.028
8.7196	47.589
8.8235	33.146
8.9273	19.919
9.0311	12.723
9.1349	12.605
9.2387	10.362
9.3425	11.091
9.4463	9.533
9.5501	9.544
9.6539	12.992
9.7577	16.440
9.8615	22.578
9.9653	32.945
10.0691	44.483
10.1729	61.167
10.2767	77.078
10.3805	88.706
10.4843	100.017
10.5881	116.056
10.6919	120.659
10.7958	118.289
10.8996	112.309
11.0034	110.762
11.1072	92.299
11.2110	63.775
11.3148	38.904
11.4186	21.668
11.5224	16.186
11.6262	10.067
11.7300	5.293
11.8338	8.158
11.9376	4.980
12.0414	4.965
12.1452	4.593
12.2490	4.252
12.3528	3.400
12.4566	5.478
12.5604	6.928
12.6642	8.211
12.7681	12.985
12.8719	13.950
12.9757	23.837
13.0795	40.142
13.1833	58.540
13.2871	81.844
13.3909	95.754
13.4947	105.700
13.5985	113.719
13.7023	127.235
13.8061	133.856
13.9099	130.990
14.0137	107.102
14.1175	83.965
14.2213	66.828
14.3251	50.226
14.4289	40.805
14.5327	34.999
14.6365	26.051
14.7404	21.789
14.8442	22.786
14.9480	21.973
15.0518	25.279
15.1556	32.199
15.2594	39.761
15.3632	52.704
15.4670	69.386
15.5708	88.236
15.6746	103.425
15.7784	115.672
15.8822	124.859
15.9860	143.584
16.0898	134.064
16.1936	119.784
16.2974	105.676
16.4012	67.682
16.5050	43.371
16.6088	31.627
16.7127	20.743
16.8165	12.392
16.9203	10.025
17.0241	7.879
17.1279	5.505
17.2317	8.903
17.3355	8.128
17.4393	6.218
17.5431	8.007
17.6469	6.719
17.7507	14.824
17.8545	20.138
17.9583	25.891
18.0621	41.835
18.1659	61.179
18.2697	89.774
18.3735	121.298
18.4773	139.012
18.5812	151.547
18.6850	161.152
18.7888	186.813
18.8926	192.073
18.9964	170.999
19.1002	150.126
19.2040	133.066
19.3078	105.755
19.4116	82.425
19.5154	50.481
19.6192	28.450
19.7230	12.774
19.8268	8.590
19.9306	6.107
20.0344	6.773
20.1382	5.966
20.2420	4.552
20.3458	5.220
20.4496	5.670
20.5534	5.703
20.6573	7.330
20.7611	6.186
20.8649	8.955
20.9687	10.874
21.0725	13.376
21.1763	19.553
21.2801	23.052
21.3839	28.879
21.4877	39.580
21.5915	52.445
21.6953	81.497
21.7991	98.242
21.9029	119.887
22.0067	129.012
22.1105	130.076
22.2143	137.295
22.3181	128.853
22.4219	122.670
22.5258	130.031
22.6296	132.480
22.7334	133.949
22.8372	140.548
22.9410	137.171
23.0448	133.012
23.1486	125.134
23.2524	113.836
23.3562	108.864
23.4600	79.947
23.5638	65.912
23.6676	44.647
23.7714	29.972
23.8752	18.468
23.9790	17.433
24.0828	13.273
24.1866	10.278
24.2904	8.319
24.3942	6.499
24.4981	5.924
24.6019	5.515
24.7057	5.847
24.8095	9.671
24.9133	11.919
25.0171	15.168
25.1209	26.982
25.2247	43.944
25.3285	75.803
25.4323	105.811
25.5361	123.182
25.6399	140.029
25.7437	160.914
25.8475	159.734
25.9513	158.146
26.0551	157.044
26.1589	141.044
26.2627	116.320
26.3665	89.651
26.4704	64.701
26.5742	44.950
26.6780	32.997
26.7818	26.795
26.8856	23.000
26.9894	15.494
27.0932	12.764
27.1970	8.844
27.3008	7.550
27.4046	6.084
27.5084	7.198
27.6122	9.752
27.7160	12.520
27.8198	18.896
27.9236	29.615
28.0274	43.398
28.1312	55.262
28.2350	88.226
28.3388	104.071
28.4427	129.163
28.5465	152.387
28.6503	171.050
28.7541	173.366
28.8579	159.856
28.9617	152.182
29.0655	145.213
29.1693	126.814
29.2731	92.915
29.3769	55.312
29.4807	43.567
29.5845	30.869
29.6883	25.144
29.7921	14.030
29.8959	16.782
29.9997	10.845
30.1035	8.597
30.2073	5.124
30.3111	6.783
30.4150	6.007
30.5188	6.482
30.6226	6.267
30.7264	9.523
30.8302	14.309
30.9340	26.607
31.0378	32.718
31.1416	49.079
31.2454	69.903
31.3492	94.766
31.4530	97.965
31.5568	107.552
31.6606	105.204
31.7644	114.516
31.8682	130.052
31.9720	117.734
32.0758	113.487
32.1796	116.808
32.2835	99.082
32.3873	96.588
32.4911	76.307
32.5949	57.532
32.6987	44.301
32.8025	34.428
32.9063	21.028
33.0101	16.995
33.1139	11.377
33.2177	7.046
33.3215	6.040
33.4253	4.626
33.5291	5.776
33.6329	5.382
33.7367	5.635
33.8405	5.331
33.9443	8.620
34.0481	8.214
34.1519	7.248
34.2558	11.015
34.3596	15.450
34.4634	28.026
34.5672	39.926
34.6710	55.573
34.7748	69.116
34.8786	72.134
34.9824	72.566
35.0862	83.090
35.1900	94.988
35.2938	94.233
35.3976	82.600
35.5014	79.529
35.6052	80.799
35.7090	72.773
35.8128	58.712
35.9166	58.114
36.0204	67.508
36.1242	76.152
36.2281	81.704
36.3319	87.371
36.4357	95.546
36.5395	102.963
36.6433	104.728
36.7471	100.508
36.8509	93.209
36.9547	84.689
37.0585	86.963
37.1623	88.576
37.2661	71.923
37.3699	62.944
37.4737	54.118
37.5775	37.798
37.6813	26.599
37.7851	17.114
37.8889	13.408
37.9927	7.993
38.0965	5.118
38.2004	5.793
38.3042	6.301
38.4080	6.317
38.5118	5.737
38.6156	7.942
38.7194	9.385
38.8232	11.921
38.9270	17.633
39.0308	26.056
39.1346	39.792
39.2384	55.594
39.3422	71.799
39.4460	76.564
39.5498	89.693
39.6536	86.077
39.7574	87.131
39.8612	101.688
39.9650	86.181
40.0688	82.477
40.1726	68.725
40.2765	63.134
40.3803	50.328
40.4841	28.736
40.5879	22.957
40.6917	18.046
40.7955	9.305
40.8993	8.003
41.0031	8.842
41.1069	7.875
41.2107	6.828
41.3145	4.565
41.4183	5.494
41.5221	4.681
41.6259	6.690
41.7297	8.928
41.8335	9.506
41.9373	11.926
42.0411	18.225
42.1450	24.509
42.2488	31.857
42.3526	39.100
42.4564	51.739
42.5602	58.793
42.6640	68.486
42.7678	68.877
42.8716	66.534
42.9754	60.408
43.0792	53.927
43.1830	49.781
43.2868	50.350
43.3906	49.597
43.4944	52.235
43.5982	52.037
43.7020	50.153
43.8058	52.319
43.9096	47.985
44.0135	48.114
44.1173	47.906
44.2211	38.504
44.3249	28.629
44.4287	21.762
44.5325	18.010
44.6363	10.173
44.7401	8.564
44.8439	8.743
44.9477	7.071
45.0515	5.987
45.1553	6.828
45.2591	7.966
45.3629	8.266
45.4667	8.121
45.5705	11.022
45.6743	14.300
45.7781	22.622
45.8819	39.904
45.9858	59.668
46.0896	71.914
46.1934	77.027
46.2972	79.723
46.4010	82.805
46.5048	87.911
46.6086	95.102
46.7124	87.780
46.8162	73.372
46.9200	57.010
47.0238	47.234
47.1276	33.102
47.2314	19.061
47.3352	12.045
47.4390	8.528
47.5428	7.660
47.6466	5.709
47.7504	5.732
47.8542	7.046
47.9580	5.694
48.0619	7.753
48.1657	7.759
48.2695	9.404
48.3733	9.159
48.4771	15.504
48.5809	24.875
48.6847	25.578
48.7885	40.161
48.8923	57.930
48.9961	71.442
49.0999	74.658
49.2037	99.905
49.3075	99.225
49.4113	95.554
49.5151	102.323
49.6189	111.977
49.7227	106.234
49.8265	102.883
49.9303	112.787
50.0342	91.197
50.1380	76.841
50.2418	62.862
50.3456	43.520
50.4494	27.198
50.5532	15.102
50.6570	10.961
50.7608	8.377
50.8646	6.324
50.9684	4.413
51.0722	5.638
51.1760	3.639
51.2798	3.404
51.3836	3.929
51.4874	3.412
51.5912	3.806
51.6950	4.978
51.7988	4.469
51.9027	5.113
52.0065	5.845
52.1103	7.931
52.2141	10.088
52.3179	17.437
52.4217	26.768
52.5255	40.483
52.6293	53.136
52.7331	67.368
52.8369	82.509
52.9407	95.072
53.0445	101.254
53.1483	99.193
53.2521	98.914
53.3559	105.053
53.4597	106.709
53.5635	105.774
53.6673	121.190
53.7712	109.601
53.8750	100.525
53.9788	97.514
54.0826	91.936
54.1864	81.123
54.2902	62.378
54.3940	42.203
54.4978	27.268
54.6016	20.733
54.7054	9.584
54.8092	7.385
54.9130	6.515
55.0168	4.610
55.1206	5.033
55.2244	5.880
55.3282	4.007
55.4320	4.759
55.5358	5.003
55.6396	4.250
55.7434	6.848
55.8473	7.015
55.9511	9.487
56.0549	12.504
56.1587	17.012
56.2625	25.892
56.3663	39.039
56.4701	51.349
56.5739	78.965
56.6777	91.282
56.7815	100.525
56.8853	102.890
56.9891	100.965
57.0929	104.874
57.1967	102.549
57.3005	97.185
57.4043	79.764
57.5081	66.776
57.6119	55.501
57.7157	42.277
57.8196	28.955
57.9234	17.494
58.0272	14.854
58.1310	12.874
58.2348	8.153
58.3386	6.520
58.4424	5.142
58.5462	4.416
58.6500	5.157
58.7538	6.102
58.8576	7.282
58.9614	6.968
59.0652	5.922
59.1690	6.453
59.2728	8.383
59.3766	13.810
59.4804	14.778
59.5842	19.835
59.6881	28.393
59.7919	30.754
59.8957	45.344
59.9995	45.826
60.1033	52.587
60.2071	59.031
60.3109	56.423
60.4147	64.836
60.5185	77.952
60.6223	65.659
60.7261	67.075
60.8299	56.498
60.9337	58.256
61.0375	47.257
61.1413	48.537
61.2451	35.034
61.3489	25.208
61.4527	12.807
61.5565	12.358
61.6604	6.842
61.7642	6.884
61.8680	4.163
61.9718	4.838
62.0756	5.298
62.1794	5.186
62.2832	4.818
62.3870	4.656
62.4908	4.068
62.5946	4.246
62.6984	3.601
62.8022	5.084
62.9060	6.550
63.0098	6.372
63.1136	6.612
63.2174	7.571
63.3212	7.974
63.4250	11.712
63.5288	15.079
63.6326	13.955
63.7365	18.240
63.8403	27.727
63.9441	36.547
64.0479	43.128
64.1517	44.596
64.2555	44.068
64.3593	49.732
64.4631	55.550
64.5669	53.938
64.6707	53.629
64.7745	54.256
64.8783	57.495
64.9821	60.657
65.0859	55.370
65.1897	46.877
65.2935	45.317
65.3973	39.756
65.5011	28.364
65.6049	26.190
65.7088	25.614
65.8126	17.102
65.9164	13.096
66.0202	9.202
66.1240	7.656
66.2278	4.891
66.3316	4.397
66.4354	5.625
66.5392	6.085
66.6430	4.594
66.7468	5.803
66.8506	4.876
66.9544	5.025
67.0582	5.910
67.1620	7.542
67.2658	10.846
67.3696	10.355
67.4734	12.928
67.5773	16.249
67.6811	22.671
67.7849	25.683
67.8887	31.643
67.9925	42.718
68.0963	49.914
68.2001	59.025
68.3039	63.902
68.4077	68.660
68.5115	73.082
68.6153	74.551
68.7191	73.746
68.8229	67.775
68.9267	54.310
69.0305	51.261
69.1343	35.903
69.2381	29.331
69.3419	17.873
69.4457	13.600
69.5496	7.492
69.6534	7.417
69.7572	6.902
69.8610	4.000
69.9648	3.931
70.0686	3.574
70.1724	6.659
70.2762	4.975
70.3800	5.721
70.4838	5.454
70.5876	6.355
70.6914	6.240
70.7952	9.354
70.8990	10.089
71.0028	14.561
71.1066	16.061
71.2104	16.774
71.3142	26.108
71.4181	26.445
71.5219	27.042
71.6257	35.591
71.7295	31.918
71.8333	30.985
71.9371	33.130
72.0409	23.688
72.1447	23.889
72.2485	24.962
72.3523	18.290
72.4561	18.272
72.5599	14.596
72.6637	18.459
72.7675	28.951
72.8713	33.445
72.9751	35.366
73.0789	39.704
73.1827	42.185
73.2865	59.558
73.3904	52.400
73.4942	52.321
73.5980	57.329
73.7018	50.246
73.8056	49.865
73.9094	42.282
74.0132	46.000