0.0000	87.000
0.1038	79.931
0.2075	67.117
0.3113	60.854
0.4151	54.512
0.5189	45.203
0.6226	41.562
0.7264	33.934
0.8302	32.992
0.9339	36.677
1.0377	28.929
1.1415	33.266
1.2452	34.332
1.3490	28.810
1.4528	23.643
1.5566	27.148
1.6603	25.598
1.7641	25.589
1.8679	29.522
1.9716	41.714
2.0754	35.650
2.1792	29.584
2.2830	29.717
2.3867	22.391
2.4905	19.487
2.5943	21.591
2.6980	22.739
2.8018	31.144
2.9056	29.358
3.0093	30.070
3.1131	39.006
3.2169	56.166
3.3207	70.689
3.4244	78.033
3.5282	81.397
3.6320	96.314
3.7357	101.605
3.8395	97.065
3.9433	94.287
4.0471	86.349
4.1508	67.582
4.2546	56.086
4.3584	43.860
4.4621	36.389
4.5659	29.053
4.6697	25.877
4.7734	21.029
4.8772	19.841
4.9810	18.424
5.0848	16.441
5.1885	18.191
5.2923	22.196
5.3961	26.424
5.4998	24.249
5.6036	30.214
5.7074	34.351
5.8111	40.921
5.9149	61.398
6.0187	75.957
6.1225	91.248
6.2262	105.136
6.3300	135.742
6.4338	167.458
6.5375	163.531
6.6413	170.768
6.7451	164.356
6.8489	136.270
6.9526	113.201
7.0564	96.423
7.1602	75.151
7.2639	64.498
7.3677	58.756
7.4715	45.928
7.5752	40.555
7.6790	36.067
7.7828	32.274
7.8866	27.409
7.9903	21.779
8.0941	22.057
8.1979	19.851
8.3016	16.757
8.4054	16.693
8.5092	17.625
8.6130	18.635
8.7167	20.473
8.8205	23.534
8.9243	28.562
9.0280	33.466
9.1318	38.433
9.2356	49.928
9.3393	73.263
9.4431	90.612
9.5469	95.353
9.6507	95.880
9.7544	94.261
9.8582	98.249
9.9620	99.181
10.0657	87.296
10.1695	81.703
10.2733	77.117
10.3771	52.291
10.4808	38.752
10.5846	35.282
10.6884	29.621
10.7921	26.214
10.8959	26.967
10.9997	26.226
11.1034	24.518
11.2072	21.893
11.3110	20.437
11.4148	24.323
11.5185	25.357
11.6223	24.436
11.7261	30.469
11.8298	39.529
11.9336	48.665
12.0374	61.274
12.1411	67.547
12.2449	69.547
12.3487	74.691
12.4525	80.625
12.5562	76.307
12.6600	63.814
12.7638	48.915
12.8675	36.979
12.9713	27.573
13.0751	25.732
13.1789	24.216
13.2826	24.828
13.3864	25.308
13.4902	21.087
13.5939	17.759
13.6977	17.800
13.8015	16.845
13.9052	17.420
14.0090	19.244
14.1128	17.331
14.2166	17.303
14.3203	20.282
14.4241	25.230
14.5279	27.528
14.6316	31.136
14.7354	41.039
14.8392	47.309
14.9430	51.744
15.0467	66.550
15.1505	73.398
15.2543	80.415
15.3580	91.200
15.4618	96.699
15.5656	94.324
15.6693	80.240
15.7731	69.436
15.8769	66.707
15.9807	63.738
16.0844	59.684
16.1882	61.318
16.2920	56.333
16.3957	51.367
16.4995	49.208
16.6033	42.012
16.7071	34.865
16.8108	28.121
16.9146	21.996
17.0184	17.460
17.1221	17.667
17.2259	18.264
17.3297	15.411
17.4334	14.514
17.5372	14.471
17.6410	14.067
17.7448	13.870
17.8485	15.836
17.9523	19.213
18.0561	20.731
18.1598	21.706
18.2636	25.639
18.3674	32.113
18.4712	34.033
18.5749	36.067
18.6787	38.456
18.7825	51.130
18.8862	61.333
18.9900	71.863
19.0938	89.447
19.1975	97.806
19.3013	106.892
19.4051	114.647
19.5089	120.228
19.6126	128.158
19.7164	136.008
19.8202	129.761
19.9239	117.743
20.0277	101.480
20.1315	90.316
20.2353	71.041
20.3390	51.505
20.4428	35.083
20.5466	27.809
20.6503	23.599
20.7541	20.391
20.8579	18.169
20.9616	14.584
21.0654	15.143
21.1692	16.614
21.2730	18.256
21.3767	17.379
21.4805	19.612
21.5843	20.843
21.6880	19.281
21.7918	22.397
21.8956	24.312
21.9993	25.514
22.1031	28.136
22.2069	33.038
22.3107	43.299
22.4144	56.093
22.5182	64.909
22.6220	82.789
22.7257	99.712
22.8295	109.890
22.9333	126.173
23.0371	139.216
23.1408	145.510
23.2446	142.703
23.3484	143.225
23.4521	147.156
23.5559	135.787
23.6597	128.347
23.7634	110.961
23.8672	87.203
23.9710	78.205
24.0748	59.048
24.1785	46.334
24.2823	28.915
24.3861	21.326
24.4898	17.898
24.5936	15.998
24.6974	17.126
24.8012	16.583
24.9049	15.412
25.0087	14.443
25.1125	13.966
25.2162	15.686
25.3200	17.418
25.4238	18.373
25.5275	20.338
25.6313	22.582
25.7351	26.069
25.8389	34.526
25.9426	41.244
26.0464	48.087
26.1502	60.747
26.2539	74.748
26.3577	93.280
26.4615	109.276
26.5653	115.613
26.6690	125.811
26.7728	126.803
26.8766	117.311
26.9803	109.212
27.0841	96.440
27.1879	87.601
27.2916	68.605
27.3954	54.794
27.4992	44.528
27.6030	33.237
27.7067	30.806
27.8105	26.449
27.9143	21.353
28.0180	19.711
28.1218	20.362
28.2256	18.532
28.3293	17.683
28.4331	18.917
28.5369	19.753
28.6407	25.845
28.7444	35.554
28.8482	43.172
28.9520	58.630
29.0557	64.588
29.1595	72.139
29.2633	83.386
29.3671	80.026
29.4708	74.739
29.5746	65.117
29.6784	60.201
29.7821	67.504
29.8859	71.447
29.9897	63.999
30.0934	64.757
30.1972	69.382
30.3010	67.643
30.4048	65.107
30.5085	59.560
30.6123	50.848
30.7161	56.673
30.8198	56.831
30.9236	39.677
31.0274	30.454
31.1312	28.489
31.2349	27.202
31.3387	24.319
31.4425	24.468
31.5462	27.160
31.6500	29.894
31.7538	33.841
31.8575	38.093
31.9613	44.692
32.0651	43.082
32.1689	44.593
32.2726	35.378
32.3764	31.827
32.4802	27.092
32.5839	22.584
32.6877	22.954
32.7915	18.724
32.8953	15.482
32.9990	16.274
33.1028	19.005
33.2066	22.088
33.3103	26.401
33.4141	31.270
33.5179	36.104
33.6216	38.265
33.7254	48.872
33.8292	52.788
33.9330	55.655
34.0367	61.433
34.1405	65.548
34.2443	61.876
34.3480	64.807
34.4518	63.052
34.5556	67.812
34.6594	71.433
34.7631	70.266
34.8669	72.739
34.9707	64.766
35.0744	62.012
35.1782	52.125
35.2820	39.301
35.3857	31.295
35.4895	24.600
35.5933	17.623
35.6971	17.612
35.8008	16.979
35.9046	14.342
36.0084	18.458
36.1121	20.302
36.2159	22.788
36.3197	27.635
36.4235	30.932
36.5272	36.493
36.6310	41.057
36.7348	50.422
36.8385	56.818
36.9423	66.644
37.0461	76.606
37.1498	74.014
37.2536	81.330
37.3574	88.065
37.4612	84.268
37.5649	85.197
37.6687	74.705
37.7725	62.670
37.8762	47.169
37.9800	37.148
38.0838	29.724
38.1875	22.584
38.2913	24.659
38.3951	19.760
38.4989	21.969
38.6026	20.882
38.7064	18.959
38.8102	23.928
38.9139	32.134
39.0177	28.566
39.1215	31.153
39.2253	35.871
39.3290	37.070
39.4328	40.793
39.5366	51.047
39.6403	50.975
39.7441	64.294
39.8479	68.226
39.9516	85.718
40.0554	86.212
40.1592	88.024
40.2630	92.302
40.3667	87.066
40.4705	71.229
40.5743	53.811
40.6780	37.063
40.7818	29.252
40.8856	29.118
40.9894	20.463
41.0931	24.710
41.1969	20.367
41.3007	25.483
41.4044	29.569
41.5082	31.516
41.6120	33.495
41.7157	39.579
41.8195	37.110
41.9233	38.223
42.0271	46.545
42.1308	54.250
42.2346	58.786
42.3384	58.790
42.4421	64.549
42.5459	66.106
42.6497	58.612
42.7535	69.561
42.8572	106.715
42.9610	116.017
43.0648	115.111
43.1685	103.806
43.2723	85.813
43.3761	61.499
43.4798	46.161
43.5836	34.021
43.6874	21.613
43.7912	20.570
43.8949	19.980
43.9987	15.885
44.1025	15.209
44.2062	18.073
44.3100	18.734
44.4138	29.542
44.5176	32.064
44.6213	29.090
44.7251	40.655
44.8289	39.659
44.9326	40.246
45.0364	44.059
45.1402	49.949
45.2439	49.176
45.3477	54.957
45.4515	48.368
45.5553	49.359
45.6590	50.150
45.7628	44.721
45.8666	45.084
45.9703	48.059
46.0741	45.931
46.1779	50.102
46.2817	58.256
46.3854	73.087
46.4892	87.059
46.5930	93.997
46.6967	80.529
46.8005	65.356
46.9043	52.058
47.0080	35.832
47.1118	31.315
47.2156	25.649
47.3194	17.384
47.4231	16.719
47.5269	13.778
47.6307	15.430
47.7344	17.156
47.8382	20.010
47.9420	16.336
48.0457	21.513
48.1495	24.181
48.2533	28.886
48.3571	29.728
48.4608	34.345
48.5646	46.512
48.6684	60.930
48.7721	63.277
48.8759	70.096
48.9797	93.352
49.0835	113.253
49.1872	118.993
49.2910	119.100
49.3948	114.432
49.4985	101.732
49.6023	94.955
49.7061	76.334
49.8098	48.728
49.9136	35.742
50.0174	31.624
50.1212	26.207
50.2249	21.623
50.3287	20.966
50.4325	20.935
50.5362	22.283
50.6400	20.385
50.7438	18.017
50.8476	16.268
50.9513	15.311
51.0551	13.701
51.1589	12.461
51.2626	12.663
51.3664	13.600
51.4702	12.330
51.5739	14.126
51.6777	19.849
51.7815	22.313
51.8853	22.489
51.9890	30.049
52.0928	35.876
52.1966	44.653
52.3003	67.589
52.4041	84.516
52.5079	93.526
52.6116	94.584
52.7154	88.202
52.8192	75.356
52.9230	63.615
53.0267	61.044
53.1305	62.268
53.2343	58.299
53.3380	50.976
53.4418	46.015
53.5456	42.203
53.6494	36.968
53.7531	29.659
53.8569	23.416
53.9607	19.866
54.0644	19.344
54.1682	19.812
54.2720	18.085
54.3758	15.755
54.4795	15.727
54.5833	20.055
54.6871	23.562
54.7908	26.702
54.8946	32.133
54.9984	37.471
55.1021	47.707
55.2059	71.610
55.3097	85.685
55.4135	83.066
55.5172	83.230
55.6210	74.749
55.7248	62.006
55.8285	51.898
55.9323	50.313
56.0361	50.109
56.1398	45.024
56.2436	38.784
56.3474	33.806
56.4512	29.807
56.5549	22.496
56.6587	18.575
56.7625	18.525
56.8662	18.936
56.9700	20.462
57.0738	23.386
57.1776	22.942
57.2813	25.152
57.3851	33.115
57.4889	45.066
57.5926	54.903
57.6964	50.093
57.8002	43.908
57.9039	38.899
58.0077	36.828
58.1115	39.889
58.2153	37.893
58.3190	33.064
58.4228	27.006
58.5266	27.490
58.6303	24.100
58.7341	19.163
58.8379	21.371
58.9417	23.953
59.0454	20.921
59.1492	19.103
59.2530	20.185
59.3567	24.002
59.4605	29.744
59.5643	37.062
59.6680	47.805
59.7718	51.806
59.8756	41.789
59.9794	34.238
60.0831	28.781
60.1869	24.493
60.2907	22.518
60.3944	25.645
60.4982	25.165
60.6020	27.783
60.7058	29.813
60.8095	32.342
60.9133	36.366
61.0171	38.000
61.1208	40.912
61.2246	44.521
61.3284	46.613
61.4321	45.433
61.5359	45.483
61.6397	40.887
61.7435	39.579
61.8472	43.582
61.9510	45.537
62.0548	43.848
62.1585	33.170
62.2623	26.288
62.3661	22.686
62.4698	18.905
62.5736	18.939
62.6774	18.430
62.7812	16.883
62.8849	14.872
62.9887	15.489
63.0925	16.534
63.1962	15.305
63.3000	16.333
63.4038	22.436
63.5076	25.516
63.6113	26.675
63.7151	33.835
63.8189	41.247
63.9226	47.749
64.0264	53.554
64.1302	61.591
64.2339	70.749
64.3377	80.737
64.4415	87.999
64.5453	86.208
64.6490	94.090
64.7528	76.104
64.8566	61.832
64.9603	56.473
65.0641	49.990
65.1679	46.428
65.2717	36.481
65.3754	27.408
65.4792	22.808
65.5830	21.472
65.6867	21.104
65.7905	15.682
65.8943	14.488
65.9980	15.139
66.1018	16.370
66.2056	16.574
66.3094	16.611
66.4131	20.224
66.5169	19.191
66.6207	21.680
66.7244	28.946
66.8282	36.018
66.9320	37.429
67.0358	38.692
67.1395	53.292
67.2433	60.412
67.3471	63.657
67.4508	65.760
67.5546	68.672
67.6584	67.562
67.7621	48.927
67.8659	44.570
67.9697	39.973
68.0735	38.370
68.1772	31.402
68.2810	26.577
68.3848	23.774
68.4885	24.935
68.5923	25.219
68.6961	23.757
68.7999	22.885
68.9036	24.640
69.0074	27.856
69.1112	25.112
69.2149	28.982
69.3187	27.075
69.4225	28.961
69.5262	34.694
69.6300	44.202
69.7338	45.540
69.8376	60.301
69.9413	74.851
70.0451	91.645
70.1489	103.647
70.2526	93.231
70.3564	92.879
70.4602	75.295
70.5639	63.253
70.6677	43.244
70.7715	38.478
70.8753	35.719
70.9790	34.592
71.0828	33.425
71.1866	37.616
71.2903	38.104
71.3941	37.230
71.4979	32.464
71.6017	33.582
71.7054	34.393
71.8092	29.604
71.9130	20.967
72.0167	18.938
72.1205	16.892
72.2243	15.114
72.3280	13.491
72.4318	12.831
72.5356	14.240
72.6394	15.479
72.7431	13.802
72.8469	18.190
72.9507	18.832
73.0544	23.167
73.1582	33.843
73.2620	35.885
73.3658	54.991
73.4695	65.836
73.5733	87.297
73.6771	96.687
73.7808	70.086
73.8846	73.620
73.9884	68.286
74.0921	54.007
74.1959	34.554
74.2997	28.942
74.4035	33.669
74.5072	36.985
74.6110	39.452
74.7148	40.440
74.8185	50.753
74.9223	45.163
75.0261	58.761
75.1299	53.203
75.2336	42.610
75.3374	43.897
75.4412	41.536
75.5449	42.707
75.6487	42.454
75.7525	39.222
75.8562	38.380
75.9600	43.760
76.0638	55.736
76.1676	41.636
76.2713	32.960
76.3751	23.821
76.4789	20.327
76.5826	17.736
76.6864	15.280
76.7902	14.988
76.8940	15.271
76.9977	13.739
77.1015	13.909
77.2053	19.125
77.3090	27.400
77.4128	25.824
77.5166	34.399
77.6203	39.089
77.7241	52.320
77.8279	64.311
77.9317	67.271
78.0354	84.880
78.1392	93.187
78.2430	95.079
78.3467	88.557
78.4505	76.315
78.5543	65.900
78.6581	70.045
78.7618	60.041
78.8656	52.148
78.9694	47.745
79.0731	42.444
79.1769	31.742
79.2807	25.722
79.3844	25.730
79.4882	21.519
79.5920	17.906
79.6958	17.417
79.7995	14.829
79.9033	16.218
80.0071	14.464
80.1108	15.144
80.2146	14.524
80.3184	13.863
80.4221	13.752
80.5259	15.195
80.6297	13.802
80.7335	16.008
80.8372	16.901
80.9410	22.985
81.0448	24.447
81.1485	32.641
81.2523	38.384
81.3561	50.822
81.4599	67.759
81.5636	81.355
81.6674	93.954
81.7712	94.317
81.8749	96.964
81.9787	87.154
82.0825	71.436
82.1862	68.576
82.2900	58.153
82.3938	48.474
82.4976	39.834
82.6013	33.870
82.7051	28.835
82.8089	19.458
82.9126	13.003
83.0164	11.905
83.1202	10.970
83.2240	10.702
83.3277	11.991
83.4315	12.238
83.5353	12.081
83.6390	13.050
83.7428	11.705
83.8466	13.093
83.9503	15.793
84.0541	18.343
84.1579	20.878
84.2617	25.939
84.3654	35.166
84.4692	47.206
84.5730	58.033
84.6767	62.333
84.7805	62.111
84.8843	54.534
84.9881	56.220
85.0918	61.040
85.1956	61.235
85.2994	62.682
85.4031	62.814
85.5069	55.712
85.6107	47.374
85.7144	45.538
85.8182	49.208
85.9220	48.675
86.0258	44.343
86.1295	52.509
86.2333	61.833
86.3371	61.204
86.4408	45.954
86.5446	36.127
86.6484	24.887
86.7522	16.993
86.8559	15.379
86.9597	12.955
87.0635	12.537
87.1672	14.451
87.2710	15.622
87.3748	14.578
87.4785	14.681
87.5823	18.218
87.6861	22.076
87.7899	20.142
87.8936	24.024
87.9974	30.831
88.1012	37.502
88.2049	42.644
88.3087	57.423
88.4125	56.068
88.5163	67.486
88.6200	87.181
88.7238	98.264
88.8276	88.934
88.9313	101.376
89.0351	114.355
89.1389	118.654
89.2426	124.717
89.3464	130.824
89.4502	122.802
89.5540	100.300
89.6577	91.867
89.7615	59.346
89.8653	50.368
89.9690	37.828
90.0728	33.001
90.1766	29.156
90.2803	23.455
90.3841	22.850
90.4879	19.993
90.5917	14.123
90.6954	14.075
90.7992	16.414
90.9030	19.232
91.0067	16.642
91.1105	16.244
91.2143	17.786
91.3181	18.420
91.4218	22.948
91.5256	27.445
91.6294	26.593
91.7331	22.031
91.8369	24.460
91.9407	26.126
92.0444	23.522
92.1482	20.139
92.2520	23.255
92.3558	22.690
92.4595	22.788
92.5633	25.714
92.6671	28.729
92.7708	39.154
92.8746	52.047
92.9784	59.445
93.0822	74.600
93.1859	91.255
93.2897	118.267
93.3935	137.725
93.4972	133.770
93.6010	137.731
93.7048	139.701
93.8085	136.771
93.9123	135.581
94.0161	112.547
94.1199	96.041
94.2236	79.357
94.3274	55.986
94.4312	44.308
94.5349	39.351
94.6387	35.658
94.7425	31.838
94.8463	27.516
94.9500	20.988
95.0538	18.208
95.1576	19.165
95.2613	17.361
95.3651	14.096
95.4689	12.520
95.5726	13.146
95.6764	13.100
95.7802	13.492
95.8840	13.107
95.9877	12.816
96.0915	12.569
96.1953	18.324
96.2990	21.734
96.4028	25.349
96.5066	30.320
96.6103	42.934
96.7141	61.953
96.8179	70.664
96.9217	88.377
97.0254	109.165
97.1292	102.595
97.2330	105.224
97.3367	113.519
97.4405	95.808
97.5443	90.459
97.6481	82.008
97.7518	64.115
97.8556	60.697
97.9594	53.519
98.0631	42.475
98.1669	28.054
98.2707	28.306
98.3745	24.655
98.4782	21.453
98.5820	22.640
98.6858	20.407
98.7895	17.536
98.8933	18.797
98.9971	22.161
99.1008	23.216
99.2046	20.539
99.3084	24.267
99.4122	26.357
99.5159	26.617
99.6197	28.226
99.7235	36.000