0.000	5.0000
0.104	5.5538
0.207	8.9211
0.311	9.0221
0.415	12.8362
0.519	14.3108
0.622	14.4007
0.726	13.9763
0.830	16.7415
0.934	16.2550
1.037	13.9737
1.141	14.8296
1.245	9.5526
1.349	8.2971
1.452	5.9565
1.556	6.1893
1.660	5.6554
1.764	3.8835
1.867	4.0692
1.971	3.8666
2.075	4.3411
2.179	4.4515
2.282	5.0223
2.386	3.9622
2.490	3.7576
2.594	3.2479
2.697	3.4761
2.801	3.3664
2.905	3.6877
3.009	4.7227
3.112	4.7125
3.216	3.2122
3.320	4.8864
3.424	9.6817
3.527	12.4257
3.631	11.6322
3.735	8.7803
3.839	10.1139
3.942	9.3411
4.046	8.7342
4.150	6.4851
4.254	5.0560
4.357	4.5564
4.461	5.3492
4.565	4.5909
4.669	4.2586
4.772	3.6559
4.876	5.6143
4.980	7.6218
5.084	8.3028
5.187	8.2849
5.291	8.6610
5.395	9.3338
5.499	10.9406
5.602	7.1863
5.706	6.7551
5.810	9.7402
5.914	4.4449
6.017	3.2322
6.121	3.1633
6.225	3.6033
6.328	3.7502
6.432	3.7249
6.536	3.1880
6.640	5.2859
6.743	4.0519
6.847	3.1575
6.951	3.5886
7.055	3.7478
7.158	4.5593
7.262	5.1293
7.366	4.8598
7.470	5.9214
7.573	7.1202
7.677	9.6953
7.781	8.5547
7.885	10.4336
7.988	12.7778
8.092	13.0258
8.196	13.3131
8.300	14.3262
8.403	14.0032
8.507	10.8931
8.611	11.4336
8.715	11.1211
8.818	8.7556
8.922	7.4285
9.026	4.6490
9.130	3.8657
9.233	4.9870
9.337	4.4769
9.441	3.8211
9.545	3.5500
9.648	3.1167
9.752	3.4345
9.856	3.7109
9.960	4.5237
10.063	3.7622
10.167	3.8313
10.271	4.1129
10.375	6.1901
10.478	3.5209
10.582	4.8818
10.686	3.9437
10.790	5.4550
10.893	5.2675
10.997	5.9588
11.101	6.3903
11.205	6.0074
11.308	6.4904
11.412	7.8040
11.516	4.5070
11.620	5.0542
11.723	4.8045
11.827	6.2469
11.931	5.2560
12.035	4.3895
12.138	3.5450
12.242	3.0000
12.346	3.0000
12.449	3.0000
12.553	3.0000
12.657	3.0000
12.761	3.0000
12.864	3.0000
12.968	3.0000
13.072	3.7643
13.176	4.3674
13.279	5.4856
13.383	4.6271
13.487	3.6693
13.591	5.3317
13.694	7.0609
13.798	4.2353
13.902	4.0000
14.006	4.4980
14.109	4.1030
14.213	3.0049
14.317	3.6853
14.421	3.6955
14.524	3.0708
14.628	3.6837
14.732	3.9173
14.836	3.0095
14.939	3.0000
15.043	3.5768
15.147	3.6029
15.251	3.0724
15.354	3.0000
15.458	4.3218
15.562	5.3419
15.666	3.8403
15.769	5.5755
15.873	5.4434
15.977	6.7717
16.081	6.8358
16.184	7.3614
16.288	6.4690
16.392	5.8307
16.496	5.0784
16.599	4.4784
16.703	4.4386
16.807	5.9183
16.911	4.3320
17.014	4.7149
17.118	5.0003
17.222	4.1398
17.326	4.5259
17.429	3.4876
17.533	3.5455
17.637	4.8549
17.741	4.4744
17.844	4.3809
17.948	3.8204
18.052	3.0683
18.155	3.7643
18.259	3.9633
18.363	3.0504
18.467	3.0000
18.570	3.0805
18.674	3.0000
18.778	3.2749
18.882	3.7767
18.985	3.0098
19.089	3.3439
19.193	3.7422
19.297	3.5328
19.400	4.7222
19.504	6.0173
19.608	5.1898
19.712	5.8294
19.815	6.2783
19.919	7.4283
20.023	6.0609
20.127	5.6099
20.230	3.8422
20.334	4.0405
20.438	5.0480
20.542	3.8225
20.645	3.0285
20.749	3.8189
20.853	3.7648
20.957	3.6607
21.060	3.0291
21.164	3.0000
21.268	3.0000
21.372	3.9661
21.475	3.9715
21.579	2.6995
21.683	3.3419
21.787	6.3023
21.890	4.1685
21.994	3.7986
22.098	7.4172
22.202	4.8560
22.305	4.2216
22.409	7.4135
22.513	6.0794
22.617	4.4824
22.720	4.9930
22.824	4.6873
22.928	3.1885
23.032	3.4053
23.135	3.0091
23.239	3.3815
23.343	3.0720
23.447	3.0305
23.550	3.6401
23.654	3.6870
23.758	3.6412
23.862	3.1235
23.965	3.3578
24.069	3.8523
24.173	5.0974
24.276	3.0000
24.380	3.0268
24.484	3.1366
24.588	3.9585
24.691	5.0886
24.795	6.3225
24.899	5.3757
25.003	4.6968
25.106	4.4679
25.210	5.8735
25.314	6.5745
25.418	4.7079
25.521	4.0000
25.625	3.9230
25.729	3.7659
25.833	3.0268
25.936	2.6322
26.040	2.9959
26.144	3.3675
26.248	3.2606
26.351	3.0000
26.455	3.2315
26.559	3.0447
26.663	3.0000
26.766	3.0000
26.870	3.4979
26.974	4.4646
27.078	3.1366
27.181	3.0270
27.285	3.0000
27.389	3.7696
27.493	2.8768
27.596	3.2124
27.700	4.1028
27.804	4.8440
27.908	4.3075
28.011	4.4475
28.115	3.6835
28.219	3.2482
28.323	4.4998
28.426	3.3517
28.530	4.7250
28.634	5.1392
28.738	4.2697
28.841	5.7429
28.945	6.6651
29.049	5.5512
29.153	3.7294
29.256	3.4018
29.360	4.1904
29.464	5.2468
29.568	3.7636
29.671	3.4932
29.775	3.1255
29.879	3.2398
29.982	3.0914
30.086	3.0000
30.190	3.7046
30.294	4.0000
30.397	4.0000
30.501	3.7390
30.605	3.4431
30.709	3.5518
30.812	3.2866
30.916	3.0837
31.020	3.9130
31.124	3.9814
31.227	3.6442
31.331	3.2280
31.435	3.0453
31.539	3.0000
31.642	3.0000
31.746	3.1251
31.850	3.4926
31.954	3.0000
32.057	3.0000
32.161	3.1694
32.265	3.8011
32.369	3.1394
32.472	5.1699
32.576	3.0705
32.680	3.0000
32.784	3.0000
32.887	4.0942
32.991	3.6662
33.095	4.0050
33.199	3.9786
33.302	3.3214
33.406	3.6684
33.510	4.4073
33.614	3.8320
33.717	4.5630
33.821	5.4983
33.925	3.1297
34.029	4.1760
34.132	4.0995
34.236	3.2485
34.340	3.0000
34.444	3.5872
34.547	3.3065
34.651	3.1626
34.755	3.3997
34.859	3.3793
34.962	3.0000
35.066	3.3280
35.170	3.9177
35.274	3.9490
35.377	3.3066
35.481	4.2645
35.585	5.6533
35.689	4.4855
35.792	3.5924
35.896	3.8891
36.000	5.0444
36.103	5.9634
36.207	6.1538
36.311	5.3556
36.415	4.7806
36.518	3.7479
36.622	4.1829
36.726	4.0156
36.830	3.9103
36.933	3.0191
37.037	3.8621
37.141	3.2694
37.245	3.0000
37.348	3.2462
37.452	3.5976
37.556	2.9035
37.660	3.0000
37.763	3.0000
37.867	2.8321
37.971	3.6224
38.075	3.0437
38.178	3.0014
38.282	3.9349
38.386	3.4666
38.490	4.7708
38.593	4.4963
38.697	4.8890
38.801	5.3884
38.905	5.5506
39.008	5.0332
39.112	4.4643
39.216	4.9157
39.320	4.1080
39.423	4.7629
39.527	3.6664
39.631	3.0110
39.735	3.1118
39.838	3.9765
39.942	3.2565
40.046	3.2530
40.150	3.9749
40.253	3.0547
40.357	3.0000
40.461	3.0000
40.565	3.0446
40.668	4.0485
40.772	3.9953
40.876	3.0000
40.980	3.0001
41.083	3.0334
41.187	3.9020
41.291	3.7831
41.395	6.6662
41.498	6.1459
41.602	3.4786
41.706	4.3280
41.810	4.8619
41.913	4.3495
42.017	4.7214
42.121	6.8054
42.224	4.2942
42.328	4.9344
42.432	3.1614
42.536	3.9083
42.639	3.7259
42.743	3.2678
42.847	3.3756
42.951	3.9979
43.054	3.9204
43.158	3.4177
43.262	3.6586
43.366	3.0000
43.469	3.1340
43.573	3.8261
43.677	3.9181
43.781	3.0708
43.884	3.2139
43.988	3.4230
44.092	3.0055
44.196	3.6509
44.299	4.0000
44.403	4.0810
44.507	4.5480
44.611	4.6373
44.714	4.1504
44.818	3.5371
44.922	4.1873
45.026	4.6324
45.129	5.3171
45.233	5.4012
45.337	5.5750
45.441	4.9899
45.544	5.6049
45.648	5.1773
45.752	4.6081
45.856	5.3801
45.959	7.2512
46.063	6.8277
46.167	4.4198
46.271	9.3839
46.374	6.9964
46.478	6.1562
46.582	5.9543
46.686	6.5303
46.789	6.5361
46.893	6.4538
46.997	6.1198
47.101	7.1143
47.204	7.7557
47.308	8.3137
47.412	6.6162
47.516	4.6378
47.619	7.7195
47.723	7.6009
47.827	7.7631
47.931	5.3570
48.034	5.8841
48.138	7.0189
48.242	7.3243
48.345	6.0646
48.449	7.5653
48.553	8.0093
48.657	8.5819
48.760	8.2724
48.864	12.0382
48.968	12.6780
49.072	10.8008
49.175	11.1738
49.279	10.7802
49.383	12.2751
49.487	14.8040
49.590	15.3173
49.694	11.5212
49.798	8.9754
49.902	8.1493
50.005	8.0729
50.109	5.4431
50.213	4.8787
50.317	4.0479
50.420	6.3036
50.524	4.2822
50.628	3.5708
50.732	4.0000
50.835	3.7379
50.939	3.3940
51.043	3.9355
51.147	3.9685
51.250	3.3844
51.354	4.4238
51.458	4.0192
51.562	5.7910
51.665	6.6205
51.769	5.5631
51.873	4.3796
51.977	4.0178
52.080	5.5251
52.184	6.7598
52.288	8.7059
52.392	7.5497
52.495	9.7509
52.599	9.2672
52.703	11.0260
52.807	12.7474
52.910	10.2283
53.014	8.5164
53.118	8.7266
53.222	5.8141
53.325	4.6657
53.429	4.7524
53.533	5.6093
53.637	4.5484
53.740	4.9298
53.844	3.6649
53.948	3.7001
54.051	3.4290
54.155	4.2823
54.259	4.9935
54.363	4.5661
54.466	4.1851
54.570	3.2360
54.674	3.5573
54.778	3.8621
54.881	3.0477
54.985	4.7474
55.089	6.7606
55.193	5.7459
55.296	7.1166
55.400	8.8631
55.504	7.5463
55.608	9.5475
55.711	10.1234
55.815	9.4744
55.919	9.0555
56.023	6.7110
56.126	5.0227
56.230	8.1218
56.334	5.8965
56.438	4.3497
56.541	3.8483
56.645	3.7156
56.749	3.5964
56.853	4.0389
56.956	5.2296
57.060	3.4109
57.164	3.7034
57.268	3.8712
57.371	3.9272
57.475	4.2608
57.579	3.6693
57.683	3.8979
57.786	4.3108
57.890	3.7225
57.994	3.6942
58.098	3.3502
58.201	3.0959
58.305	3.7178
58.409	3.2965
58.513	4.6831
58.616	5.8061
58.720	6.4150
58.824	7.4901
58.928	8.9835
59.031	10.4507
59.135	11.5183
59.239	11.6931
59.343	10.9612
59.446	11.7689
59.550	5.8887
59.654	7.2974
59.758	7.1807
59.861	4.3440
59.965	3.1125
60.069	3.6909
60.172	3.7460
60.276	3.0000
60.380	3.0980
60.484	3.8007
60.587	3.0238
60.691	3.0030
60.795	3.0000
60.899	3.0000
61.002	4.5811
61.106	4.8486
61.210	3.7602
61.314	5.0690
61.417	5.2386
61.521	9.5082
61.625	9.2656
61.729	9.4977
61.832	11.7221
61.936	9.0103
62.040	8.8202
62.144	8.5291
62.247	7.2382
62.351	6.2326
62.455	8.3058
62.559	5.7802
62.662	4.7149
62.766	3.4709
62.870	3.0074
62.974	4.0725
63.077	3.5581
63.181	4.2799
63.285	3.4915
63.389	2.7099
63.492	2.6730
63.596	3.0000
63.700	3.0950
63.804	4.2103
63.907	3.1072
64.011	3.2086
64.115	4.8585
64.219	4.9545
64.322	4.5574
64.426	5.0536
64.530	7.2814
64.634	9.9396
64.737	7.5467
64.841	9.1699
64.945	10.8255
65.049	9.5540
65.152	8.7998
65.256	7.0801
65.360	7.4997
65.464	7.1376
65.567	5.5270
65.671	5.0132
65.775	4.9849
65.878	3.5654
65.982	3.1165
66.086	3.0000
66.190	3.1322
66.293	3.4393
66.397	3.6482
66.501	4.0670
66.605	3.7221
66.708	3.0122
66.812	3.9620
66.916	5.1426
67.020	3.8050
67.123	4.4983
67.227	5.6125
67.331	5.6843
67.435	4.0730
67.538	3.6081
67.642	3.9934
67.746	5.1994
67.850	3.0744
67.953	3.7776
68.057	3.9181
68.161	3.2905
68.265	5.2069
68.368	5.7706
68.472	5.1418
68.576	7.7779
68.680	6.6209
68.783	10.4447
68.887	9.9109
68.991	12.7760
69.095	8.2455
69.198	11.8042
69.302	9.8893
69.406	11.9679
69.510	13.4532
69.613	13.1421
69.717	10.5639
69.821	6.6918
69.925	7.7871
70.028	6.0064
70.132	4.3852
70.236	4.4096
70.340	4.8662
70.443	3.9082
70.547	3.9017
70.651	3.6725
70.755	3.0419
70.858	3.1847
70.962	3.2084
71.066	4.2932
71.170	3.4877
71.273	3.5251
71.377	4.1495
71.481	6.4362
71.585	5.3601
71.688	5.7119
71.792	5.7651
71.896	7.0389
71.999	9.1059
72.103	6.1594
72.207	10.0402
72.311	9.7473
72.414	9.5289
72.518	7.6513
72.622	6.3420
72.726	6.0191
72.829	7.5151
72.933	6.1975
73.037	5.3737
73.141	4.8504
73.244	5.0834
73.348	5.2322
73.452	4.4746
73.556	3.9941
73.659	3.3703
73.763	3.3807
73.867	5.2395
73.971	3.4085
74.074	4.4079
74.178	4.7600
74.282	4.0046
74.386	4.3104
74.489	3.9731
74.593	3.8739
74.697	5.4012
74.801	7.6623
74.904	4.6380
75.008	9.2087
75.112	5.9612
75.216	5.4735
75.319	5.1482
75.423	5.4642
75.527	4.8801
75.631	4.2575
75.734	5.7657
75.838	4.1189
75.942	4.6918
76.046	4.4890
76.149	4.8262
76.253	4.7896
76.357	4.2327
76.461	5.5387
76.564	5.9696
76.668	5.2290
76.772	7.5029
76.876	6.7363
76.979	10.1426
77.083	9.1935
77.187	9.1294
77.291	9.4705
77.394	8.6927
77.498	6.1911
77.602	5.3974
77.706	7.5955
77.809	7.5195
77.913	4.4826
78.017	5.4436
78.120	4.3479
78.224	4.6476
78.328	4.1608
78.432	3.5296
78.535	3.0000
78.639	2.8373
78.743	2.5865
78.847	4.8057
78.950	4.0299
79.054	4.5285
79.158	3.5187
79.262	3.0000
79.365	3.0000
79.469	3.0000
79.573	3.0253
79.677	3.5989
79.780	3.9441
79.884	4.3764
79.988	4.5302
80.092	6.2241
80.195	8.0200
80.299	9.2198
80.403	8.8043
80.507	10.7140
80.610	15.4889
80.714	13.6258
80.818	12.5458
80.922	12.8495
81.025	14.8941
81.129	13.9011
81.233	8.6416
81.337	9.4318
81.440	7.1478
81.544	5.0079
81.648	5.0730
81.752	3.8998
81.855	3.8858
81.959	3.8553
82.063	3.1573
82.167	3.6181
82.270	3.7187
82.374	3.9156
82.478	2.9991
82.582	3.3938
82.685	3.2351
82.789	3.2691
82.893	3.4400
82.997	3.0000
83.100	3.0000
83.204	3.5716
83.308	3.8446
83.412	3.1521
83.515	3.6133
83.619	6.1323
83.723	4.6867
83.826	5.9977
83.930	5.5925
84.034	8.9665
84.138	6.9558
84.241	6.2335
84.345	8.5918
84.449	6.3834
84.553	7.9646
84.656	5.6527
84.760	6.0915
84.864	5.9569
84.968	5.7606
85.071	7.5121
85.175	7.1135
85.279	8.8716
85.383	6.5437
85.486	5.9455
85.590	5.8020
85.694	8.7155
85.798	7.5906
85.901	7.0858
86.005	6.9367
86.109	7.4203
86.213	5.0124
86.316	4.9828
86.420	5.5535
86.524	4.0203
86.628	3.5120
86.731	3.9006
86.835	4.8067
86.939	4.8353
87.043	4.5123
87.146	6.9916
87.250	5.2190
87.354	4.1304
87.458	3.6784
87.561	4.6372
87.665	5.5287
87.769	5.7070
87.873	6.9049
87.976	7.9639
88.080	7.3615
88.184	8.6513
88.288	6.5273
88.391	5.3458
88.495	7.1789
88.599	8.5103
88.703	6.4540
88.806	6.6456
88.910	4.6740
89.014	4.7677
89.118	5.7095
89.221	4.2402
89.325	3.4166
89.429	3.3681
89.533	4.3231
89.636	4.0040
89.740	3.1388
89.844	3.6196
89.947	5.5211
90.051	5.7800
90.155	4.5785
90.259	6.7313
90.362	6.6348
90.466	5.7330
90.570	4.9716
90.674	5.4937
90.777	6.0901
90.881	5.0000
90.985	5.0077
91.089	5.0000
91.192	4.9942
91.296	3.8498
91.400	3.0620
91.504	4.3637
91.607	3.9778
91.711	3.6662
91.815	4.2834
91.919	4.7613
92.022	5.8921
92.126	4.9634
92.230	4.2014
92.334	6.8526
92.437	7.2025
92.541	6.3132
92.645	7.1244
92.749	7.0173
92.852	6.4762
92.956	7.6378
93.060	8.9340
93.164	5.8564
93.267	4.0095
93.371	5.6328
93.475	5.9658
93.579	4.7349
93.682	4.0352
93.786	4.1583
93.890	3.5837
93.994	3.0858
94.097	4.4598
94.201	3.5134
94.305	3.5289
94.409	3.0714
94.512	3.6247
94.616	5.7042
94.720	5.3031
94.824	7.2394
94.927	10.9431
95.031	9.8201
95.135	10.5522
95.239	11.6745
95.342	10.8889
95.446	9.6007
95.550	9.6713
95.654	10.0025
95.757	8.7299
95.861	6.1285
95.965	8.2597
96.068	6.4217
96.172	6.0861
96.276	7.0482
96.380	7.7023
96.483	6.4809
96.587	5.1298
96.691	4.1548
96.795	3.1030
96.898	3.3685
97.002	3.4055
97.106	4.7955
97.210	4.9072
97.313	3.5633
97.417	3.2932
97.521	3.9002
97.625	3.9457
97.728	3.7586
97.832	3.5753
97.936	3.2424
98.040	3.7461
98.143	4.8542
98.247	5.1828
98.351	6.2306
98.455	7.2319
98.558	6.5343
98.662	7.0992
98.766	10.1288
98.870	11.9044
98.973	14.0195
99.077	15.4224
99.181	13.2829
99.285	15.5024
99.388	19.5211
99.492	20.2940
99.596	12.4807
99.700	11.9526
99.803	9.1634
99.907	7.8155
100.011	5.6682
100.115	5.5369
100.218	3.5623
100.322	3.2964
100.426	2.4388
100.530	3.0000
100.633	3.3175
100.737	5.4667
100.841	3.0351
100.945	3.0000
101.048	3.0671
101.152	3.0000
101.256	3.0959
101.360	3.7984
101.463	4.4402
101.567	4.0273
101.671	3.3415
101.774	5.1947
101.878	6.4958
101.982	6.0537
102.086	8.3071
102.189	9.5392
102.293	12.8745
102.397	15.9060
102.501	20.3319
102.604	15.5759
102.708	15.3306
102.812	16.4795
102.916	17.9607
103.019	12.0061
103.123	14.1778
103.227	13.8066
103.331	9.4223
103.434	8.5801
103.538	5.1445
103.642	4.4408
103.746	4.1148
103.849	3.9953
103.953	3.9119
104.057	4.8785
104.161	3.0984
104.264	3.8124
104.368	3.0360
104.472	3.0305
104.576	3.5149
104.679	4.2765
104.783	4.1555
104.887	3.1417
104.991	3.0000
105.094	3.0858
105.198	3.1326
105.302	4.4627
105.406	3.2137
105.509	3.3615
105.613	4.3781
105.717	4.0488
105.821	4.3544
105.924	6.5546
106.028	7.9496
106.132	8.1602
106.236	10.0367
106.339	9.2275
106.443	15.6806
106.547	14.0105
106.651	13.1513
106.754	10.3086
106.858	9.4482
106.962	10.7536
107.066	9.1269
107.169	5.8285
107.273	9.9819
107.377	5.4622
107.481	3.3654
107.584	3.2723
107.688	3.0722
107.792	4.5140
107.895	4.5262
107.999	3.1314
108.103	3.2405
108.207	3.0000
108.310	3.0000
108.414	3.0000
108.518	3.3627
108.622	3.5166
108.725	4.4464
108.829	3.7236
108.933	3.6535
109.037	3.8763
109.140	3.0770
109.244	3.2264
109.348	4.3877
109.452	4.6853
109.555	6.4723
109.659	6.7824
109.763	8.9958
109.867	8.8760
109.970	12.5842
110.074	13.7507
110.178	13.9188
110.282	15.7329
110.385	12.3232
110.489	6.6129
110.593	8.3829
110.697	7.1745
110.800	6.7769
110.904	6.3937
111.008	5.3363
111.112	3.1186
111.215	3.9674
111.319	4.2078
111.423	5.8659
111.527	5.6028
111.630	4.3111
111.734	3.5136
111.838	3.1374
111.942	4.8348
112.045	3.5150
112.149	3.3609
112.253	3.0897
112.357	3.6380
112.460	3.4213
112.564	4.1170
112.668	3.6936
112.772	4.7534
112.875	6.2810
112.979	4.5387
113.083	5.5286
113.187	7.8122
113.290	8.0799
113.394	8.3012
113.498	10.5992
113.602	13.0086
113.705	10.0148
113.809	12.4341
113.913	11.2541
114.016	6.3510
114.120	4.5765
114.224	5.7637
114.328	5.3525
114.431	4.9740
114.535	5.8797
114.639	4.5136
114.743	4.9229
114.846	5.2900
114.950	3.0497
115.054	3.0624
115.158	4.5898
115.261	5.9977
115.365	5.9947
115.469	7.1304
115.573	8.2126
115.676	6.3498
115.780	8.8082
115.884	8.6698
115.988	8.4360
116.091	11.0000