0.000000000	17.000000000
0.069655716	21.950576782
0.139311433	17.739978790
0.208967164	22.314823151
0.278622866	24.097366333
0.348278612	22.454492569
0.417934328	11.142395973
0.487590045	26.017105103
0.557245731	19.190973282
0.626901448	28.869550705
0.696557224	16.904371262
0.766212940	18.380847931
0.835868657	18.106069565
0.905524373	19.716659546
0.975180089	13.843208313
1.044835806	17.266719818
1.114491463	20.947883606
1.184147239	18.998510361
1.253802896	20.526634216
1.323458672	17.355375290
1.393114448	11.743919373
1.462770104	16.080652237
1.532425880	15.007511139
1.602081537	18.024028778
1.671737313	22.239128113
1.741392970	14.146179199
1.811048746	13.986567497
1.880704403	16.483644485
1.950360179	10.410451889
2.020015955	11.656510353
2.089671612	13.341458321
2.159327269	14.520617485
2.228982925	13.624834061
2.298638821	10.772430420
2.368294477	10.636108398
2.437950134	11.963536263
2.507605791	10.823331833
2.577261686	15.206077576
2.646917343	15.200841904
2.716573000	16.228385925
2.786228895	13.931505203
2.855884552	14.945175171
2.925540209	16.626611710
2.995195866	21.969213486
3.064851761	21.043645859
3.134507418	15.295491219
3.204163074	25.737968445
3.273818731	21.392173767
3.343474627	12.703983307
3.413130283	13.920724869
3.482785940	14.725227356
3.552441597	23.407411575
3.622097492	14.463109970
3.691753149	16.746440887
3.761408806	12.330198288
3.831064463	25.337202072
3.900720358	17.444234848
3.970376015	18.912755966
4.040031910	16.179128647
4.109687328	13.790127754
4.179343224	15.515231133
4.248999119	24.007066727
4.318654537	17.581560135
4.388310432	16.932508469
4.457965851	21.183034897
4.527621746	17.080850601
4.597277641	22.783437729
4.666933060	16.544490814
4.736588955	24.363668442
4.806244850	28.872510910
4.875900269	18.271244049
4.945556164	24.544155121
5.015211582	18.936534882
5.084867477	17.356801987
5.154523373	11.212682724
5.224178791	16.706428528
5.293834686	22.776386261
5.363490582	19.666185379
5.433146000	25.730854034
5.502801895	17.607683182
5.572457790	16.065166473
5.642113209	24.502971649
5.711769104	24.198989868
5.781424522	17.976474762
5.851080418	12.259424210
5.920736313	16.109775543
5.990391731	16.429765701
6.060047626	18.549936295
6.129703522	13.572179794
6.199358940	17.451946259
6.269014835	18.807065964
6.338670254	18.033124924
6.408326149	23.474725723
6.477982044	18.849632263
6.547637463	27.405101776
6.617293358	16.342781067
6.686949253	12.551423073
6.756604671	20.880626678
6.826260567	19.669960022
6.895916462	14.932997704
6.965571880	19.197986603
7.035227776	17.446691513
7.104883194	23.871549606
7.174539089	17.467309952
7.244194984	18.047033310
7.313850403	16.211202621
7.383506298	18.369762421
7.453162193	28.580148697
7.522817612	22.236173630
7.592473507	22.757181168
7.662128925	30.557760239
7.731784821	20.685651779
7.801440716	20.290451050
7.871096134	21.958230972
7.940752029	19.001390457
8.010407448	15.001789093
8.080063820	17.781082153
8.149719238	19.296278000
8.219374657	13.402742386
8.289031029	21.137821198
8.358686447	19.850595474
8.428341866	19.531019211
8.497998238	22.075872421
8.567653656	30.947805405
8.637309074	20.633846283
8.706964493	27.897922516
8.776620865	22.066429138
8.846276283	23.437082291
8.915931702	26.465274811
8.985588074	21.177158356
9.055243492	25.968050003
9.124898911	29.374675751
9.194555283	29.267780304
9.264210701	21.618173599
9.333866119	14.884463310
9.403522491	20.654262543
9.473177910	24.271751404
9.542833328	18.080942154
9.612489700	23.601503372
9.682145119	28.637453079
9.751800537	26.950603485
9.821456909	17.928283691
9.891112328	21.699859619
9.960767746	23.624702454
10.030423164	30.397462845
10.100079536	16.010255814
10.169734955	25.977256775
10.239390373	20.774044037
10.309046745	23.721212387
10.378702164	25.076759338
10.448357582	26.736772537
10.518013954	24.542211533
10.587669373	28.853855133
10.657324791	28.364618301
10.726981163	26.432886124
10.796636581	29.158416748
10.866292000	17.628177643
10.935948372	18.406757355
11.005603790	19.619098663
11.075259209	21.392457962
11.144915581	22.321674347
11.214570999	20.504400253
11.284226418	17.890623093
11.353881836	18.421913147
11.423538208	22.873350143
11.493193626	24.293804169
11.562849045	29.043275833
11.632505417	23.822900772
11.702160835	18.511163712
11.771816254	20.751321793
11.841472626	21.102428436
11.911128044	30.140508652
11.980783463	20.818668365
12.050439835	28.620775223
12.120095253	24.935054779
12.189750671	24.378837585
12.259407043	22.762865067
12.329062462	25.478715897
12.398717880	27.855504990
12.468374252	26.514783859
12.538029671	36.305034637
12.607685089	34.651042938
12.677340508	26.692958832
12.746996880	24.520080566
12.816652298	26.838205338
12.886307716	25.382699966
12.955964088	25.190362930
13.025619507	25.207517624
13.095274925	13.601687431
13.164931297	31.215948105
13.234586716	26.741342545
13.304242134	27.377992630
13.373898506	32.117675781
13.443553925	30.155166626
13.513209343	26.608461380
13.582865715	38.198860168
13.652521133	37.556613922
13.722176552	27.676359177
13.791832924	25.662696838
13.861488342	26.512449265
13.931143761	25.884809494
14.000799179	30.584808350
14.070455551	22.800874710
14.140110970	20.083694458
14.209766388	27.719627380
14.279422760	25.693883896
14.349078178	23.378343582
14.418733597	27.967588425
14.488389969	24.932826996
14.558045387	23.984462738
14.627700806	21.127559662
14.697357178	21.634153366
14.767012596	34.848293304
14.836668015	36.922931671
14.906324387	25.565216064
14.975979805	26.767684937
15.045635223	26.729871750
15.115291595	24.986347198
15.184947014	22.382410049
15.254602432	21.454135895
15.324257851	24.404516220
15.393914223	25.568254471
15.463569641	26.332788467
15.533225060	26.138818741
15.602881432	28.355974197
15.672536850	26.557989120
15.742192268	35.114315033
15.811848640	23.287183762
15.881504059	26.719156265
15.951159477	23.675365448
16.020814896	24.336908340
16.090471268	25.283971786
16.160127640	32.989093781
16.229782104	33.355571747
16.299438477	30.827753067
16.369094849	35.014366150
16.438749313	31.759582520
16.508405685	34.101272583
16.578062057	27.187017441
16.647716522	28.955669403
16.717372894	31.494798660
16.787029266	28.943511963
16.856683731	32.198764801
16.926340103	27.492952347
16.995996475	32.067146301
17.065650940	28.275917053
17.135307312	25.368793488
17.204963684	30.202999115
17.274618149	30.293622971
17.344274521	26.709762573
17.413928986	18.981592178
17.483585358	24.703187943
17.553241730	29.558872223
17.622896194	26.325284958
17.692552567	28.161081314
17.762208939	22.322763443
17.831863403	21.897424698
17.901519775	26.144947052
17.971176147	27.842668533
18.040830612	20.100925446
18.110486984	33.498859406
18.180143356	24.827919006
18.249797821	22.512912750
18.319454193	20.154598236
18.389110565	30.978666306
18.458765030	28.879240036
18.528421402	27.118059158
18.598077774	21.318344116
18.667732239	20.559604645
18.737388611	24.252103806
18.807044983	28.880855560
18.876699448	23.006675720
18.946355820	19.807422638
19.016012192	26.499021530
19.085666656	23.187561035
19.155323029	23.596340179
19.224979401	28.677324295
19.294633865	22.432123184
19.364290237	25.587804794
19.433946609	22.422094345
19.503601074	25.341913223
19.573257446	23.683019638
19.642913818	28.224071503
19.712568283	30.655179977
19.782224655	30.260122299
19.851881027	21.780460358
19.921535492	21.141174316
19.991191864	28.408987045
20.060846329	22.300203323
20.130502701	23.391893387
20.200159073	23.248680115
20.269813538	26.819976807
20.339469910	19.505760193
20.409126282	22.009817123
20.478780746	21.469503403
20.548437119	20.395301819
20.618093491	21.946128845
20.687747955	20.111660004
20.757404327	22.511625290
20.827060699	30.186716080
20.896715164	26.363779068
20.966371536	25.126085281
21.036027908	29.083850861
21.105682373	25.161846161
21.175338745	22.759731293
21.244995117	18.384550095
21.314649582	21.257081985
21.384305954	26.606878281
21.453962326	23.668924332
21.523616791	21.475406647
21.593273163	23.892942429
21.662929535	19.151971817
21.732584000	22.205236435
21.802240372	20.249311447
21.871896744	20.609706879
21.941551208	23.507955551
22.011207581	22.298032761
22.080863953	28.841901779
22.150518417	22.790309906
22.220174789	20.501676559
22.289831161	17.897314072
22.359485626	15.638844490
22.429141998	24.037578583
22.498798370	25.994903564
22.568452835	27.366670609
22.638109207	22.743692398
22.707763672	25.638027191
22.777420044	27.073017120
22.847076416	25.918029785
22.916730881	24.593751907
22.986387253	26.191799164
23.056043625	23.894710541
23.125698090	21.922344208
23.195354462	19.956766129
23.265010834	24.036525726
23.334665298	33.860443115
23.404321671	28.580768585
23.473978043	16.890693665
23.543632507	19.915010452
23.613288879	29.225975037
23.682945251	20.366138458
23.752599716	17.431507111
23.822256088	35.203975677
23.891912460	26.543123245
23.961566925	27.150697708
24.031223297	22.801326752
24.100879669	25.779718399
24.170534134	25.477991104
24.240190506	24.801383972
24.309846878	21.510215759
24.379501343	29.925428391
24.449157715	28.411598206
24.518814087	19.303750992
24.588468552	25.659025192
24.658124924	25.294897079
24.727781296	24.611085892
24.797435760	19.417943954
24.867092133	16.372150421
24.936748505	25.923337936
25.006402969	20.474161148
25.076059341	20.836679459
25.145715714	18.979953766
25.215370178	16.752672195
25.285026550	18.685415268
25.354681015	17.539608002
25.424337387	14.611363411
25.493993759	13.694807053
25.563648224	15.721368790
25.633304596	18.172534943
25.702960968	15.621543884
25.772615433	17.296037674
25.842271805	16.036886215
25.911928177	20.736734390
25.981582642	19.432626724
26.051239014	16.241432190
26.120895386	23.018493652
26.190549850	23.383831024
26.260206223	28.612316132
26.329862595	32.432601929
26.399517059	25.510459900
26.469173431	24.641860962
26.538829803	20.752628326
26.608484268	20.066780090
26.678140640	20.727767944
26.747797012	18.894412994
26.817451477	24.070543289
26.887107849	24.385829926
26.956764221	19.754529953
27.026418686	23.653188705
27.096075058	23.150817871
27.165731430	20.198265076
27.235385895	18.273696899
27.305042267	19.699584961
27.374698639	19.185100555
27.444353104	18.924768448
27.514009476	22.278772354
27.583665848	20.132013321
27.653320312	22.618459702
27.722976685	23.105775833
27.792633057	20.170108795
27.862287521	27.208751678
27.931943893	21.869667053
28.001598358	17.441120148
28.071254730	13.857817650
28.140911102	19.372920990
28.210565567	15.117532730
28.280221939	8.535076141
28.349878311	10.047699928
28.419532776	12.146038055
28.489189148	10.233764648
28.558845520	15.969530106
28.628499985	15.296487808
28.698156357	17.345230103
28.767812729	12.108161926
28.837467194	14.043657303
28.907123566	18.364412308
28.976779938	20.213579178
29.046434402	20.530235291
29.116090775	14.603977203
29.185747147	16.252981186
29.255401611	19.093582153
29.325057983	18.882905960
29.394714355	20.860940933
29.464368820	16.400087357
29.534025192	14.315101624
29.603681564	14.669548988
29.673336029	20.757194519
29.742992401	18.839200974
29.812648773	17.570444107
29.882303238	17.251636505
29.951959610	24.972888947
30.021615982	24.630859375
30.091270447	22.344699860
30.160926819	23.274168015
30.230583191	18.276510239
30.300237656	16.743492126
30.369894028	17.748891830
30.439550400	14.595687866
30.509204865	15.512861252
30.578861237	13.551135063
30.648515701	18.151899338
30.718172073	16.707492828
30.787828445	24.947549820
30.857482910	21.322439194
30.927139282	19.869913101
30.996795654	19.272602081
31.066450119	16.668317795
31.136106491	16.412302017
31.205762863	16.250551224
31.275417328	19.351345062
31.345073700	16.358879089
31.414730072	14.625797272
31.484384537	17.682970047
31.554040909	22.831226349
31.623697281	25.874111176
31.693351746	21.539342880
31.763008118	15.784749985
31.832664490	16.721679688
31.902318954	15.961037636
31.971975327	15.871645927
32.041629791	18.802770615
32.111286163	21.360523224
32.180942535	21.571750641
32.250598907	15.315607071
32.320255280	13.688295364
32.389907837	12.868254662
32.459564209	13.948503494
32.529220581	16.923540115
32.598876953	19.974960327
32.668533325	12.467790604
32.738189697	10.931609154
32.807842255	10.847019196
32.877498627	12.716231346
32.947154999	16.066965103
33.016811371	15.035199165
33.086467743	17.444028854
33.156124115	18.360406876
33.225776672	21.046985626
33.295433044	24.170129776
33.365089417	18.317913055
33.434745789	15.377391815
33.504402161	17.964574814
33.574058533	13.655401230
33.643711090	16.117710114
33.713367462	18.006586075
33.783023834	15.948431969
33.852680206	19.904170990
33.922336578	21.396316528
33.991992950	20.666082382
34.061645508	18.174575806
34.131301880	18.698881149
34.200958252	18.340990067
34.270614624	17.000219345
34.340270996	20.060192108
34.409927368	21.332603455
34.479579926	27.783870697
34.549236298	28.627689362
34.618892670	20.577196121
34.688549042	19.480836868
34.758205414	22.174053192
34.827857971	20.621959686
34.897514343	19.197750092
34.967170715	18.883779526
35.036827087	22.734544754
35.106483459	31.559629440
35.176139832	23.910556793
35.245792389	18.674362183
35.315448761	23.045665741
35.385105133	22.068349838
35.454761505	20.669620514
35.524417877	17.402454376
35.594074249	17.037403107
35.663726807	14.046282768
35.733383179	18.882320404
35.803039551	23.253202438
35.872695923	25.507034302
35.942352295	21.748798370
36.012008667	17.890069962
36.081661224	20.579086304
36.151317596	22.826349258
36.220973969	23.063112259
36.290630341	26.669435501
36.360286713	22.469007492
36.429943085	15.702660561
36.499595642	18.155550003
36.569252014	19.309907913
36.638908386	18.150939941
36.708564758	26.670707703
36.778221130	24.253412247
36.847877502	21.795886993
36.917530060	29.695953369
36.987186432	23.055931091
37.056842804	19.713418961
37.126499176	19.263423920
37.196155548	18.728965759
37.265808105	21.863277435
37.335464478	20.336778641
37.405120850	21.865364075
37.474777222	28.730348587
37.544433594	22.284183502
37.614089966	23.473434448
37.683742523	26.074790955
37.753398895	26.599161148
37.823055267	26.853431702
37.892711639	22.932960510
37.962368011	21.773786545
38.032024384	20.248548508
38.101676941	18.293451309
38.171333313	26.128475189
38.240989685	24.746849060
38.310646057	22.363712311
38.380302429	22.219873428
38.449958801	22.359498978
38.519611359	21.249372482
38.589267731	23.048122406
38.658924103	25.609100342
38.728580475	27.371648788
38.798236847	29.610483170
38.867893219	28.933078766
38.937545776	24.359434128
39.007202148	22.777172089
39.076858521	21.725051880
39.146514893	24.809795380
39.216171265	28.735376358
39.285827637	23.712041855
39.355480194	23.221529007
39.425136566	22.653083801
39.494792938	16.079990387
39.564449310	13.902809143
39.634105682	16.968454361
39.703762054	17.498987198
39.773414612	16.456178665
39.843070984	24.497894287
39.912727356	22.079450607
39.982383728	21.757804871
40.052040100	17.740732193
40.121692657	16.691785812
40.191349030	19.606876373
40.261005402	26.416776657
40.330661774	21.572044373
40.400318146	18.532909393
40.469974518	18.225538254
40.539627075	22.084035873
40.609283447	27.623640060
40.678939819	25.536640167
40.748596191	19.222385406
40.818252563	16.645942688
40.887908936	23.283582687
40.957561493	25.209238052
41.027217865	21.199993134
41.096874237	25.960262299
41.166530609	23.135833740
41.236186981	22.299194336
41.305843353	22.527864456
41.375495911	26.897764206
41.445152283	29.869235992
41.514808655	23.917606354
41.584465027	26.771699905
41.654121399	27.316162109
41.723777771	24.277454376
41.793430328	26.637390137
41.863086700	20.304843903
41.932743073	20.986244202
42.002399445	21.009059906
42.072055817	22.993232727
42.141712189	23.413372040
42.211364746	20.959224701
42.281021118	22.418256760
42.350677490	17.122858047
42.420333862	13.140032768
42.489990234	24.174602509
42.559642792	24.643556595
42.629299164	29.900917053
42.698955536	26.379545212
42.768611908	23.194204330
42.838268280	19.195037842
42.907924652	16.312734604
42.977577209	15.166356087
43.047233582	22.214605331
43.116889954	23.952999115
43.186546326	24.406280518
43.256202698	25.067455292
43.325859070	25.195779800
43.395511627	27.273824692
43.465167999	28.657604218
43.534824371	25.690914154
43.604480743	20.629764557
43.674137115	21.528196335
43.743793488	22.513608932
43.813446045	24.467571259
43.883102417	22.010074615
43.952758789	19.197908401
44.022415161	22.858724594
44.092071533	27.687294006
44.161727905	23.889387131
44.231380463	20.119869232
44.301036835	20.063793182
44.370693207	20.918025970
44.440349579	18.951057434
44.510005951	21.321956635
44.579662323	22.417284012
44.649314880	18.484506607
44.718971252	14.534139633
44.788627625	19.019886017
44.858283997	24.059541702
44.927940369	22.550607681
44.997596741	19.780570984
45.067249298	23.705123901
45.136905670	20.743446350
45.206562042	21.321432114
45.276218414	25.044195175
45.345874786	24.055562973
45.415527344	25.705638885
45.485183716	29.139867783
45.554840088	23.094743729
45.624496460	18.068470001
45.694152832	18.078889847
45.763809204	20.773212433
45.833461761	20.123897552
45.903118134	26.848169327
45.972774506	27.633359909
46.042430878	26.818664551
46.112087250	22.252214432
46.181743622	20.689723969
46.251396179	27.723955154
46.321052551	31.766748428
46.390708923	22.690317154
46.460365295	20.947153091
46.530021667	21.901210785
46.599678040	27.624094009
46.669330597	27.465158463
46.738986969	20.764898300
46.808643341	24.829296112
46.878299713	26.388631821
46.947956085	32.419364929
47.017612457	31.776584625
47.087265015	22.388231277
47.156921387	20.632467270
47.226577759	25.872598648
47.296234131	20.831943512
47.365890503	26.188865662
47.435546875	26.234781265
47.505199432	30.741136551
47.574855804	27.868551254
47.644512177	22.100400925
47.714168549	20.955926895
47.783824921	17.580369949
47.853477478	17.260232925
47.923133850	18.789752960
47.992790222	22.939960480
48.062446594	26.283370972
48.132102966	30.255096436
48.201759338	30.137704849
48.271411896	24.215808868
48.341068268	23.896099091
48.410724640	27.597095490
48.480381012	27.820713043
48.550037384	28.767114639
48.619693756	27.267524719
48.689346313	28.517213821
48.759002686	25.726823807
48.828659058	24.218101501
48.898315430	26.183969498
48.967971802	27.779569626
49.037628174	29.308443069
49.107280731	30.393898010
49.176937103	27.374540329
49.246593475	23.399585724
49.316249847	23.800765991
49.385906219	22.662252426
49.455562592	23.094051361
49.525215149	30.167699814
49.594871521	34.959171295
49.664527893	30.890827179
49.734184265	28.670339584
49.803840637	26.641525269
49.873497009	25.978610992
49.943149567	25.319005966
50.012805939	22.379865646
50.082462311	16.875925064
50.152118683	19.086696625
50.221775055	29.951026917
50.291431427	30.784847260
50.361083984	28.931053162
50.430740356	23.980482101
50.500396729	18.579959869
50.570053101	19.963533401
50.639709473	22.235391617
50.709362030	24.405780792
50.779018402	23.627529144
50.848674774	20.626337051
50.918331146	22.524253845
50.987987518	30.095415115
51.057643890	29.947679520
51.127296448	30.862882614
51.196952820	23.257366180
51.266609192	19.736063004
51.336265564	24.322586060
51.405921936	29.441452026
51.475578308	27.355514526
51.545230865	22.530069351
51.614887238	25.887697220
51.684543610	26.028707504
51.754199982	30.237089157
51.823856354	35.199298859
51.893512726	23.630802155
51.963165283	24.334112167
52.032821655	28.922870636
52.102478027	26.298070908
52.172134399	27.765726089
52.241790771	26.549888611
52.311447144	19.909101486
52.381099701	26.479564667
52.450756073	26.719829559
52.520412445	21.596378326
52.590068817	24.600275040
52.659725189	28.621103287
52.729381561	23.074338913
52.799034119	22.613939285
52.868690491	30.683986664
52.938346863	29.151927948
53.008003235	23.832260132
53.077659607	20.933835983
53.147312164	16.221666336
53.216968536	16.898735046
53.286624908	21.701133728
53.356281281	17.148166656
53.425937653	18.569478989
53.495594025	22.420219421
53.565246582	20.392221451
53.634902954	16.976640701
53.704559326	15.989679337
53.774215698	20.799379349
53.843872070	23.492620468
53.913528442	26.290510178
53.983181000	26.437286377
54.052837372	24.496953964
54.122493744	25.576900482
54.192150116	21.081727982
54.261806488	27.068634033
54.331462860	24.282089233
54.401115417	24.622852325
54.470771790	23.448642731
54.540428162	30.126173019
54.610084534	25.991931915
54.679740906	16.247798920
54.749397278	22.407257080
54.819049835	22.922437668
54.888706207	23.913969040
54.958362579	22.945148468
55.028018951	20.321502686
55.097675323	21.485467911
55.167331696	19.706197739
55.236984253	20.497159958
55.306640625	20.897857666
55.376296997	20.092357635
55.445953369	25.639247894
55.515609741	21.024120331
55.585266113	21.365787506
55.654918671	20.647968292
55.724575043	23.022460938
55.794231415	25.436298370
55.863887787	22.483743668
55.933544159	17.389028549
56.003196716	18.822629929
56.072853088	24.143562317
56.142509460	26.652063370
56.212165833	28.112230301
56.281822205	19.133743286
56.351478577	16.562366486
56.421131134	21.970415115
56.490787506	18.975004196
56.560443878	22.433988571
56.630100250	22.602535248
56.699756622	19.621541977
56.769412994	22.962678909
56.839065552	26.001348495
56.908721924	18.630657196
56.978378296	24.808469772
57.048034668	15.860648155
57.117691040	13.088266373
57.187347412	12.930690765
57.256999969	13.116086006
57.326656342	18.114744186
57.396312714	20.833986282
57.465969086	19.260839462
57.535625458	19.844478607
57.605281830	18.202161789
57.674934387	16.044960022
57.744590759	13.061826706
57.814247131	15.807638168
57.883903503	17.273189545
57.953559875	14.117757797
58.023216248	13.870363235
58.092868805	12.525941849
58.162525177	16.809314728
58.232181549	15.451119423
58.301837921	25.329631805
58.371494293	17.631864548
58.441150665	25.871320724
58.510803223	17.608476639
58.580459595	17.605560303
58.650115967	14.132313728
58.719772339	13.495914459
58.789428711	16.925203323
58.859081268	15.159962654
58.928737640	13.595901489
58.998394012	16.368696213
59.068050385	20.656810760
59.137706757	19.500852585
59.207363129	14.299135208
59.277015686	18.992685318
59.346672058	21.963012695
59.416328430	20.316354752
59.485984802	14.629925728
59.555641174	12.692610741
59.625297546	21.403333664
