0.000	255.000
0.415	186.449
0.830	128.697
1.245	48.103
1.660	68.134
2.075	96.104
2.490	161.400
2.905	147.308
3.320	184.585
3.735	131.127
4.150	124.549
4.565	90.160
4.980	34.364
5.395	23.828
5.810	37.910
6.225	112.086
6.640	189.585
7.055	199.345
7.470	157.766
7.885	138.553
8.301	137.377
8.716	135.784
9.131	134.862
9.546	81.100
9.961	60.548
10.376	120.210
10.791	225.397
11.206	254.631
11.621	226.787
12.036	72.744
12.451	47.699
12.866	36.483
13.281	35.238
13.696	54.876
14.111	65.812
14.526	98.837
14.941	251.429
15.356	254.917
15.771	150.221
16.186	74.543
16.601	95.310
17.016	105.898
17.431	39.805
17.846	63.829
18.261	106.729
18.676	167.474
19.091	202.678
19.506	163.066
19.921	52.258
20.336	50.665
20.751	52.161
21.166	45.041
21.581	68.075
21.996	149.982
22.411	249.061
22.826	201.800
23.241	142.095
23.656	172.543
24.072	89.699
24.487	41.089
24.902	51.630
25.317	60.385
25.732	93.516
26.147	190.169
26.562	224.840
26.977	187.442
27.392	182.258
27.807	195.527
28.222	107.811
28.637	54.905
29.052	39.995
29.467	46.065
29.882	88.001
30.297	159.762
30.712	212.662
31.127	143.275
31.542	75.384
31.957	36.416
32.372	45.219
32.787	63.108
33.202	182.316
33.617	246.809
34.032	124.816
34.447	116.301
34.862	112.947
35.277	47.211
35.692	38.982
36.107	36.331
36.522	50.886
36.937	94.572
37.352	168.388
37.767	223.764
38.182	171.013
38.597	93.310
39.012	60.509
39.427	49.002
39.843	87.230
40.258	131.844
40.673	115.966
41.088	58.224
41.503	59.150
41.918	45.888
42.333	43.958
42.748	52.467
43.163	67.789
43.578	109.403
43.993	99.447
44.408	110.315
44.823	79.079
45.238	63.696
45.653	69.215
46.068	75.358
46.483	170.607
46.898	225.269
47.313	164.239
47.728	76.105
48.143	29.730
48.558	33.986
48.973	38.378
49.388	139.162
49.803	171.386
50.218	178.825
50.633	83.504
51.048	45.280
51.463	38.664
51.878	55.466
52.293	127.111
52.708	138.170
53.123	150.245
53.538	154.784
53.953	106.025
54.368	111.458
54.783	96.856
55.198	98.657
55.614	50.464
56.029	31.607
56.444	38.705
56.859	78.092
57.274	100.148
57.689	110.398
58.104	124.914
58.519	146.560
58.934	104.177
59.349	44.295
59.764	25.282
60.179	27.265
60.594	48.666
61.009	154.146
61.424	200.116
61.839	171.411
62.254	128.271
62.669	87.349
63.084	51.515
63.499	55.677
63.914	97.558
64.329	199.016
64.744	193.451
65.159	136.769
65.574	68.495
65.989	31.892
66.404	30.440
66.819	82.700
67.234	216.635
67.649	196.968
68.064	93.372
68.479	45.736
68.894	36.922
69.309	32.646
69.724	38.074
70.139	53.229
70.554	98.955
70.969	213.999
71.385	195.316
71.800	158.204
72.215	104.950
72.630	41.610
73.045	34.671
73.460	37.259
73.875	44.704
74.290	71.442
74.705	116.437
75.120	221.535
75.535	220.055
75.950	124.625
76.365	64.456
76.780	39.543
77.195	37.291
77.610	56.089
78.025	78.143
78.440	145.681
78.855	196.108
79.270	133.812
79.685	105.499
80.100	76.226
80.515	64.557
80.930	39.599
81.345	46.517
81.760	61.603
82.175	83.030
82.590	109.591
83.005	143.688
83.420	130.079
83.835	104.178
84.250	81.469
84.665	55.188
85.080	37.149
85.495	27.553
85.910	28.678
86.325	47.416
86.740	109.264
87.156	162.185
87.571	168.590
87.986	117.055
88.401	60.897
88.816	43.859
89.231	43.580
89.646	62.822
90.061	69.034
90.476	69.265
90.891	97.109
91.306	144.135
91.721	128.693
92.136	84.457
92.551	61.589
92.966	33.715
93.381	25.299
93.796	29.490
94.211	24.666
94.626	40.579
95.041	85.639
95.456	145.538
95.871	194.288
96.286	140.016
96.701	71.574
97.116	35.279
97.531	36.085
97.946	43.449
98.361	50.877
98.776	57.046
99.191	66.949
99.606	91.656
100.021	87.258
100.436	57.224
100.851	42.657
101.266	64.526
101.681	76.634
102.096	93.915
102.511	104.097
102.927	81.275
103.342	66.760
103.757	50.178
104.172	52.774
104.587	73.599
105.002	77.928
105.417	78.741
105.832	66.950
106.247	40.923
106.662	33.085
107.077	39.101
107.492	69.261
107.907	87.310
108.322	62.345
108.737	72.257
109.152	83.854
109.567	56.724
109.982	34.749
110.397	23.384
110.812	25.508
111.227	37.925
111.642	50.216
112.057	103.681
112.472	146.494
112.887	100.138
113.302	40.921
113.717	38.766
114.132	47.626
114.547	60.750
114.962	93.438
115.377	122.303
115.792	104.252
116.207	72.752
116.622	66.699
117.037	57.133
117.452	56.293
117.867	32.325
118.282	56.510
118.697	98.128
119.113	146.742
119.528	154.574
119.943	116.624
120.358	67.641
120.773	55.926
121.188	41.196
121.603	35.279
122.018	23.659
122.433	25.893
122.848	37.045
123.263	50.627
123.678	94.787
124.093	99.878
124.508	147.658
124.923	166.535
125.338	95.042
125.753	51.716
126.168	40.295
126.583	28.066
126.998	27.511
127.413	34.146
127.828	41.672
128.243	78.707
128.658	169.242
129.073	137.399
129.488	147.352
129.903	90.097
130.318	50.461
130.733	28.397
131.148	41.738
131.563	59.424
131.978	78.565
132.393	70.822
132.808	51.090
133.223	60.421
133.638	83.467
134.053	74.061
134.468	68.719
134.884	50.542
135.299	52.891
135.714	66.751
136.129	102.353
136.544	145.470
136.959	119.627
137.374	75.698
137.789	57.655
138.204	54.450
138.619	50.787
139.034	28.714
139.449	36.745
139.864	35.674
140.279	35.945
140.694	54.628
141.109	90.633
141.524	155.049
141.939	155.062
142.354	137.926
142.769	106.667
143.184	53.607
143.599	38.407
144.014	23.817
144.429	26.129
144.844	30.718
145.259	55.519
145.674	122.385
146.089	126.473
146.504	158.348
146.919	98.877
147.334	67.975
147.749	42.565
148.164	23.092
148.579	24.080
148.994	34.979
149.409	68.566
149.824	69.404
150.239	100.285
150.655	150.172
151.070	175.671
151.485	116.209
151.900	47.118
152.315	35.033
152.730	36.421
153.145	45.710
153.560	48.144
153.975	79.520
154.390	91.732
154.805	62.219
155.220	78.372
155.635	126.758
156.050	119.793
156.465	80.003
156.880	68.042
157.295	94.841
157.710	110.560
158.125	60.909
158.540	44.656
158.955	52.996
159.370	89.515
159.785	161.922
160.200	117.547
160.615	76.012
161.030	65.896
161.445	55.043
161.860	46.591
162.275	54.210
162.690	83.238
163.105	116.218
163.520	142.428
163.935	129.878
164.350	79.566
164.765	45.519
165.180	29.518
165.595	44.921
166.010	89.295
166.426	100.048
166.841	79.390
167.256	100.149
167.671	109.595
168.086	98.931
168.501	99.538
168.916	93.635
169.331	42.185
169.746	40.874
170.161	41.789
170.576	43.602
170.991	65.787
171.406	103.468
171.821	179.097
172.236	151.876
172.651	125.369
173.066	119.431
173.481	85.054
173.896	47.681
174.311	32.196
174.726	23.734
175.141	33.749
175.556	31.095
175.971	49.303
176.386	83.585
176.801	164.605
177.216	239.831
177.631	239.236
178.046	118.789
178.461	66.719
178.876	66.000