0.000	13.0000
0.111	9.8471
0.222	7.6880
0.334	10.5187
0.445	7.0349
0.556	11.3200
0.667	9.0064
0.778	8.0226
0.890	5.7011
1.001	5.0187
1.112	6.7577
1.223	5.1654
1.335	5.9123
1.446	5.1377
1.557	5.2692
1.668	5.2254
1.779	5.0137
1.891	5.1310
2.002	6.4791
2.113	6.8082
2.224	6.6177
2.335	8.0350
2.447	12.2595
2.558	10.0865
2.669	14.3918
2.780	11.2824
2.892	12.0347
3.003	18.1135
3.114	16.0060
3.225	18.0876
3.336	12.3055
3.448	10.1300
3.559	15.7591
3.670	13.0519
3.781	8.9965
3.892	7.9616
4.004	8.8104
4.115	8.1549
4.226	7.3501
4.337	6.1650
4.448	6.8807
4.560	7.1276
4.671	8.9124
4.782	10.6207
4.893	10.5810
5.005	11.3787
5.116	16.1491
5.227	19.2879
5.338	15.7007
5.449	8.3521
5.561	9.1836
5.672	8.2702
5.783	9.5929
5.894	8.5890
6.005	7.3561
6.117	6.8496
6.228	8.1648
6.339	7.9250
6.450	13.7144
6.562	14.1817
6.673	17.9189
6.784	30.6144
6.895	22.0436
7.006	32.9314
7.118	33.5804
7.229	36.7293
7.340	32.9541
7.451	34.3267
7.562	23.8928
7.674	25.5081
7.785	17.9177
7.896	11.8070
8.007	11.7928
8.118	11.2103
8.230	11.0439
8.341	7.1463
8.452	7.4960
8.563	7.7403
8.675	7.0084
8.786	6.7314
8.897	6.2802
9.008	6.7263
9.119	5.7577
9.231	5.1017
9.342	6.0640
9.453	7.9452
9.564	9.1884
9.675	9.8681
9.787	11.1413
9.898	13.6889
10.009	18.2106
10.120	26.7537
10.231	31.1088
10.343	32.7554
10.454	47.4464
10.565	44.5044
10.676	46.9694
10.788	45.4141
10.899	39.6274
11.010	29.7501
11.121	22.5265
11.232	16.1228
11.344	16.0102
11.455	12.6089
11.566	10.5915
11.677	10.0908
11.788	11.1089
11.900	10.8372
12.011	9.6206
12.122	8.4704
12.233	9.2799
12.345	13.1186
12.456	18.1068
12.567	25.8770
12.678	27.2381
12.789	27.3209
12.901	23.6897
13.012	17.6497
13.123	14.7015
13.234	11.7825
13.345	9.0688
13.457	8.9895
13.568	11.1494
13.679	12.2708
13.790	11.1545
13.901	10.6476
14.013	11.7583
14.124	12.5509
14.235	12.7320
14.346	16.3841
14.458	20.8191
14.569	22.9535
14.680	27.3833
14.791	29.3809
14.902	28.2029
15.014	26.9714
15.125	20.3355
15.236	14.8180
15.347	15.9379
15.458	12.1384
15.570	7.5173
15.681	8.0349
15.792	7.1446
15.903	7.2664
16.015	5.4924
16.126	5.7861
16.237	6.8583
16.348	5.6455
16.459	4.9349
16.571	4.9646
16.682	6.3947
16.793	6.5533
16.904	7.4137
17.015	6.3537
17.127	7.5379
17.238	9.0154
17.349	8.8094
17.460	9.3314
17.571	13.9818
17.683	22.5955
17.794	21.6610
17.905	20.6677
18.016	23.2004
18.128	19.2542
18.239	14.3759
18.350	12.5092
18.461	10.3730
18.572	11.0599
18.684	8.2742
18.795	9.2860
18.906	7.4566
19.017	7.1944
19.128	6.1051
19.240	5.2285
19.351	6.3644
19.462	8.9649
19.573	12.6324
19.685	11.1074
19.796	13.6353
19.907	13.1761
20.018	24.8391
20.129	16.0043
20.241	17.2203
20.352	19.0121
20.463	15.9703
20.574	10.5079
20.685	11.2943
20.797	7.3626
20.908	8.8314
21.019	8.4048
21.130	7.7388
21.241	6.1352
21.353	5.4323
21.464	4.3050
21.575	6.0975
21.686	5.2267
21.798	5.0488
21.909	7.8733
22.020	8.8456
22.131	6.6449
22.242	7.3893
22.354	7.7221
22.465	8.7813
22.576	10.3491
22.687	11.0301
22.798	12.8568
22.910	14.2276
23.021	11.2671
23.132	13.0263
23.243	16.3745
23.355	18.6206
23.466	19.8488
23.577	20.7771
23.688	18.1864
23.799	13.8102
23.911	17.0656
24.022	12.7676
24.133	10.6666
24.244	10.8414
24.355	9.4328
24.467	6.7223
24.578	6.6222
24.689	9.2843
24.800	8.6200
24.911	6.5281
25.023	6.3074
25.134	6.3760
25.245	7.1840
25.356	7.3218
25.468	6.2130
25.579	6.7686
25.690	7.5134
25.801	8.7248
25.912	9.6400
26.024	10.7569
26.135	12.9337
26.246	14.6721
26.357	16.4822
26.468	18.2608
26.580	18.5495
26.691	19.4001
26.802	20.9839
26.913	17.9197
27.024	16.7091
27.136	12.1567
27.247	10.3379
27.358	10.3021
27.469	8.3606
27.581	7.9901
27.692	8.1189
27.803	7.7424
27.914	6.4083
28.025	6.6058
28.137	8.7195
28.248	10.1728
28.359	11.1813
28.470	10.0569
28.581	11.5586
28.693	12.0246
28.804	12.5922
28.915	14.2538
29.026	14.6648
29.138	14.1393
29.249	10.9296
29.360	15.7594
29.471	15.3817
29.582	16.8236
29.694	19.0208
29.805	15.0594
29.916	22.0889
30.027	11.1476
30.138	10.7708
30.250	11.1690
30.361	9.9376
30.472	8.3478
30.583	7.9324
30.694	7.6314
30.806	8.0049
30.917	8.9639
31.028	6.7693
31.139	6.8645
31.251	8.7041
31.362	9.7341
31.473	9.5303
31.584	10.1786
31.695	10.8704
31.807	13.3642
31.918	16.4335
32.029	14.4527
32.140	22.8646
32.251	26.1162
32.363	22.7093
32.474	21.3507
32.585	18.2463
32.696	22.4557
32.808	17.6775
32.919	13.9132
33.030	11.5491
33.141	9.7073
33.252	9.3030
33.364	9.5139
33.475	7.7953
33.586	7.0744
33.697	6.9641
33.808	6.9285
33.920	8.2237
34.031	7.8955
34.142	7.6879
34.253	7.9703
34.364	6.7236
34.476	7.1178
34.587	8.4235
34.698	9.6367
34.809	11.1661
34.921	15.1658
35.032	17.4417
35.143	15.3131
35.254	21.0510
35.365	22.8483
35.477	20.7976
35.588	23.9401
35.699	26.5755
35.810	30.7160
35.921	28.7315
36.033	22.6677
36.144	20.8068
36.255	20.9914
36.366	19.2812
36.478	15.6937
36.589	12.9678
36.700	12.0515
36.811	11.6955
36.922	10.3557
37.034	9.2909
37.145	8.5433
37.256	8.4781
37.367	8.2349
37.478	8.6174
37.590	10.2142
37.701	9.9418
37.812	12.3556
37.923	11.5267
38.034	9.6001
38.146	9.3794
38.257	9.8100
38.368	10.5226
38.479	10.0101
38.591	8.5685
38.702	7.7987
38.813	8.3691
38.924	7.8219
39.035	9.4258
39.147	10.3885
39.258	9.3090
39.369	10.6473
39.480	12.4925
39.591	15.3831
39.703	18.2683
39.814	18.6679
39.925	19.8481
40.036	22.0534
40.147	31.2832
40.259	32.9366
40.370	30.4188
40.481	27.5923
40.592	35.3369
40.704	31.6410
40.815	26.1164
40.926	25.3549
41.037	19.9635
41.148	18.2905
41.260	16.8071
41.371	15.1131
41.482	13.2974
41.593	14.3776
41.704	16.6539
41.816	14.2072
41.927	18.6491
42.038	20.7827
42.149	23.0116
42.261	29.9050
42.372	24.8869
42.483	27.7643
42.594	31.7908
42.705	27.1125
42.817	22.5549
42.928	18.7272
43.039	24.6935
43.150	17.3579
43.261	19.2834
43.373	15.5931
43.484	23.2596
43.595	17.3953
43.706	17.9890
43.817	17.1800
43.929	18.1315
44.040	16.6511
44.151	19.2107
44.262	19.2948
44.374	16.0574
44.485	16.0617
44.596	15.8981
44.707	18.1487
44.818	17.2464
44.930	15.9111
45.041	19.1806
45.152	18.4307
45.263	18.7610
45.374	19.0365
45.486	14.6447
45.597	19.0091
45.708	19.0277
45.819	17.5116
45.931	15.2172
46.042	17.1517
46.153	15.9915
46.264	13.1011
46.375	14.4467
46.487	12.1562
46.598	11.8248
46.709	19.7206
46.820	13.7658
46.931	15.1645
47.043	15.3282
47.154	15.4260
47.265	15.9424
47.376	13.6176
47.487	15.1188
47.599	13.6150
47.710	16.6436
47.821	14.0445
47.932	11.2839
48.044	8.4031
48.155	9.0047
48.266	8.5206
48.377	7.7420
48.488	9.8107
48.600	8.6688
48.711	8.5766
48.822	10.1385
48.933	8.8552
49.044	8.8139
49.156	12.4678
49.267	16.7338
49.378	14.4514
49.489	15.2784
49.601	16.9094
49.712	20.8352
49.823	20.0537
49.934	21.5873
50.045	19.9955
50.157	17.4964
50.268	20.2963
50.379	15.7268
50.490	13.3430
50.601	11.9735
50.713	10.8968
50.824	10.8926
50.935	9.6256
51.046	7.9721
51.157	6.4035
51.269	6.0000
51.380	7.1703
51.491	7.2611
51.602	7.1651
51.714	8.2744
51.825	7.6315
51.936	7.6980
52.047	7.5063
52.158	11.3914
52.270	12.2218
52.381	13.3870
52.492	11.4112
52.603	10.6853
52.714	11.0658
52.826	13.5899
52.937	13.6941
53.048	12.0103
53.159	14.3196
53.271	15.4180
53.382	13.7165
53.493	17.1682
53.604	15.0961
53.715	13.5125
53.827	14.5300
53.938	15.8414
54.049	15.8280
54.160	15.0625
54.271	11.2928
54.383	8.8973
54.494	9.1474
54.605	8.1182
54.716	8.8908
54.827	9.3060
54.939	9.0380
55.050	11.9990
55.161	13.3465
55.272	14.4730
55.384	20.3501
55.495	21.4972
55.606	24.6554
55.717	23.3140
55.828	21.3516
55.940	18.0598
56.051	16.7053
56.162	15.7477
56.273	12.0753
56.384	11.3346
56.496	10.1710
56.607	10.2612
56.718	12.3043
56.829	11.7682
56.940	10.4065
57.052	9.9990
57.163	9.3323
57.274	8.5487
57.385	9.1166
57.497	10.3475
57.608	14.0778
57.719	15.4104
57.830	15.2284
57.941	17.5848
58.053	19.2939
58.164	18.4854
58.275	16.8917
58.386	17.3324
58.497	15.8294
58.609	15.0952
58.720	14.7688
58.831	12.3479
58.942	11.2139
59.054	12.1474
59.165	13.0147
59.276	12.2444
59.387	13.0097
59.498	14.0015
59.610	11.7526
59.721	8.2947
59.832	7.9518
59.943	9.6283
60.054	10.1361
60.166	10.5523
60.277	11.9481
60.388	11.5439
60.499	11.5646
60.610	13.1189
60.722	15.2807
60.833	15.5669
60.944	13.2668
61.055	13.8929
61.167	12.6587
61.278	9.4560
61.389	11.1167
61.500	11.1627
61.611	9.6926
61.723	10.0394
61.834	10.6366
61.945	11.0102
62.056	10.2333
62.167	12.6818
62.279	13.7775
62.390	12.2469
62.501	13.0454
62.612	12.6144
62.724	13.3226
62.835	15.4211
62.946	12.4372
63.057	9.2876
63.168	10.0481
63.280	8.1774
63.391	7.0597
63.502	7.4945
63.613	8.7069
63.724	8.7980
63.836	8.7274
63.947	8.3068
64.058	8.0489
64.169	7.9619
64.280	9.3625
64.392	9.6990
64.503	9.5486
64.614	11.2685
64.725	11.0670
64.837	10.8504
64.948	11.9335
65.059	12.4992
65.170	12.3744
65.281	11.4655
65.393	9.3213
65.504	11.0435
65.615	11.2877
65.726	7.9703
65.837	7.1409
65.949	7.0000
66.060	7.3812
66.171	8.3856
66.282	10.0942
66.394	10.3356
66.505	11.6012
66.616	13.9041
66.727	12.5443
66.838	13.0318
66.950	15.3209
67.061	13.4203
67.172	12.8486
67.283	11.0929
67.394	10.0591
67.506	10.9616
67.617	8.6020
67.728	8.2995
67.839	7.1365
67.950	5.4960
68.062	6.3139
68.173	6.8010
68.284	7.4995
68.395	8.2383
68.507	8.8653
68.618	10.3133
68.729	11.0917
68.840	10.8973
68.951	11.8284
69.063	12.4344
69.174	12.9310
69.285	13.4798
69.396	14.0231
69.507	17.2103
69.619	19.3416
69.730	20.9127
69.841	20.0297
69.952	15.8173
70.064	16.3778
70.175	15.2583
70.286	13.5620
70.397	13.7866
70.508	9.6604
70.620	6.8945
70.731	7.6055
70.842	7.1897
70.953	7.0000
71.064	7.9445
71.176	8.6920
71.287	8.4898
71.398	8.7257
71.509	9.7990
71.620	12.2167
71.732	15.8142
71.843	16.2042
71.954	14.3898
72.065	16.9649
72.177	15.1552
72.288	14.0590
72.399	13.7585
72.510	11.5461
72.621	9.4995
72.733	9.3186
72.844	11.0427
72.955	11.0479
73.066	13.7758
73.177	15.8392
73.289	15.0174
73.400	19.2598
73.511	15.6483
73.622	17.5619
73.733	18.5881
73.845	15.5716
73.956	13.5178
74.067	10.5053
74.178	9.5703
74.290	10.0939
74.401	9.1458
74.512	8.0505
74.623	7.2822
74.734	5.9164
74.846	6.6667
74.957	6.3549
75.068	6.0269
75.179	5.7321
75.290	5.3769
75.402	5.6140
75.513	7.2548
75.624	7.4029
75.735	7.0690
75.847	10.4528
75.958	11.6419
76.069	8.8331
76.180	9.0449
76.291	12.3418
76.403	11.2439
76.514	17.6206
76.625	26.8007
76.736	20.7525
76.847	27.5137
76.959	36.4709
77.070	38.2030
77.181	31.0336
77.292	27.1534
77.403	22.3520
77.515	15.5249
77.626	14.4016
77.737	12.3408
77.848	13.2098
77.960	10.2714
78.071	9.2300
78.182	10.1154
78.293	8.1826
78.404	7.9646
78.516	10.5336
78.627	8.4547
78.738	10.7783
78.849	10.0330
78.960	14.2713
79.072	12.7287
79.183	13.7344
79.294	17.6869
79.405	16.5128
79.517	17.0558
79.628	12.9416
79.739	12.4550
79.850	10.6042
79.961	8.4632
80.073	9.5480
80.184	7.6424
80.295	6.6955
80.406	6.8177
80.517	7.0171
80.629	8.0006
80.740	8.1840
80.851	10.7161
80.962	10.4032
81.073	8.5463
81.185	13.3781
81.296	14.7759
81.407	17.5559
81.518	20.8806
81.630	27.1603
81.741	27.4933
81.852	24.8294
81.963	22.2179
82.074	22.1911
82.186	16.9886
82.297	12.1435
82.408	9.3577
82.519	12.2769
82.630	9.1532
82.742	5.6987
82.853	5.9315
82.964	6.0000
83.075	8.9195
83.187	7.2659
83.298	6.1215
83.409	6.0171
83.520	7.3646
83.631	7.4190
83.743	7.8941
83.854	7.6073
83.965	8.5796
84.076	9.0341
84.187	9.5373
84.299	13.1518
84.410	15.0743
84.521	18.5280
84.632	16.0915
84.743	17.2459
84.855	17.0490
84.966	18.9701
85.077	18.8208
85.188	15.2148
85.300	12.2868
85.411	12.3791
85.522	11.7641
85.633	10.1611
85.744	8.4685
85.856	8.2566
85.967	8.0559
86.078	7.9756
86.189	7.4264
86.300	8.8393
86.412	8.6835
86.523	9.1134
86.634	14.6229
86.745	16.7662
86.856	16.9245
86.968	16.0067
87.079	13.1751
87.190	15.1619
87.301	21.6134
87.413	20.7307
87.524	18.5082
87.635	18.5915
87.746	15.1886
87.857	13.4490
87.969	13.0913
88.080	10.1436
88.191	7.8279
88.302	8.0546
88.413	8.0412
88.525	6.6568
88.636	6.4734
88.747	6.5814
88.858	6.2023
88.970	6.5412
89.081	6.4520
89.192	6.7530
89.303	7.9769
89.414	10.3715
89.526	10.5290
89.637	10.5815
89.748	11.2786
89.859	15.5384
89.970	20.3174
90.082	21.6879
90.193	29.3134
90.304	35.3940
90.415	35.9628
90.526	32.2136
90.638	32.2890
90.749	30.1579
90.860	23.6164
90.971	15.6273
91.083	11.4514
91.194	12.7862
91.305	11.2234
91.416	9.4629
91.527	8.7926
91.639	7.8789
91.750	8.3918
91.861	7.9440
91.972	7.0241
92.083	8.3613
92.195	9.8807
92.306	8.7354
92.417	11.0849
92.528	13.6319
92.640	13.8226
92.751	16.6966
92.862	20.1930
92.973	17.3698
93.084	16.8973
93.196	18.2898
93.307	19.4499
93.418	16.7466
93.529	11.8774
93.640	9.0601
93.752	8.0353
93.863	8.9589
93.974	8.3124
94.085	7.6576
94.196	8.6963
94.308	5.7262
94.419	7.0069
94.530	7.0281
94.641	7.8351
94.753	9.2738
94.864	9.5790
94.975	12.1149
95.086	16.3884
95.197	18.5378
95.309	16.4233
95.420	20.2368
95.531	21.8958
95.642	27.5155
95.753	33.5940
95.865	27.5302
95.976	26.7586
96.087	23.8771
96.198	26.1345
96.310	19.8418
96.421	15.5575
96.532	17.0559
96.643	15.0240
96.754	10.9820
96.866	11.4778
96.977	12.8620
97.088	9.0603
97.199	9.2432
97.310	9.5212
97.422	7.8516
97.533	6.8703
97.644	6.9998
97.755	7.1011
97.866	6.5275
97.978	8.6599
98.089	8.3212
98.200	9.8752
98.311	11.1475
98.423	11.2160
98.534	9.9874
98.645	15.7385
98.756	17.1778
98.867	18.2746
98.979	18.8248
99.090	20.8986
99.201	29.2129
99.312	27.3389
99.423	27.8541
99.535	20.8081
99.646	16.3743
99.757	19.2210
99.868	13.8506
99.980	10.5219
100.091	10.0001
100.202	8.2895
100.313	7.8093
100.424	11.0806
100.536	8.8857
100.647	10.0527
100.758	11.1258
100.869	11.8123
100.980	15.4437
101.092	17.8147
101.203	19.5750
101.314	16.9723
101.425	25.1622
101.536	25.8041
101.648	35.2234
101.759	34.2596
101.870	28.7635
101.981	24.9637
102.093	23.7628
102.204	25.7454
102.315	17.8901
102.426	14.2850
102.537	12.1787
102.649	12.4994
102.760	12.3821
102.871	10.3134
102.982	8.4928
103.093	7.8294
103.205	7.0975
103.316	12.0000