0.000	14.0000
0.138	14.0308
0.277	15.0275
0.415	15.1698
0.554	17.3115
0.692	19.5352
0.830	20.3576
0.969	21.7857
1.107	24.6568
1.246	26.6326
1.384	26.5167
1.522	27.6725
1.661	26.6075
1.799	25.7995
1.938	23.3164
2.076	21.9271
2.215	19.5371
2.353	17.0995
2.491	16.1478
2.630	16.0907
2.768	15.1164
2.907	14.1907
3.045	13.2222
3.183	13.4208
3.322	14.6415
3.460	14.2787
3.599	14.2695
3.737	16.7457
3.875	17.7256
4.014	19.9911
4.152	22.4760
4.291	23.6901
4.429	25.9048
4.567	28.1311
4.706	29.0225
4.844	28.7629
4.983	26.1845
5.121	26.2183
5.259	21.3630
5.398	18.5502
5.536	16.7054
5.675	15.7667
5.813	14.0833
5.952	13.7667
6.090	13.9260
6.228	13.7965
6.367	13.6135
6.505	14.2759
6.644	15.1204
6.782	15.1191
6.920	15.5581
7.059	16.8422
7.197	17.2755
7.336	18.7598
7.474	20.3413
7.612	22.6950
7.751	22.7193
7.889	22.3333
8.028	22.8817
8.166	21.6269
8.304	19.1849
8.443	17.9635
8.581	16.3291
8.720	16.5311
8.858	15.1418
8.997	16.1703
9.135	18.1063
9.273	18.9648
9.412	19.2931
9.550	18.2383
9.689	18.9086
9.827	22.2276
9.965	25.8215
10.104	27.2530
10.242	28.3101
10.381	29.4823
10.519	30.2618
10.657	31.0015
10.796	26.9212
10.934	25.2464
11.073	21.8075
11.211	18.2684
11.349	16.0269
11.488	14.8994
11.626	13.6269
11.765	12.7464
11.903	12.4143
12.041	12.0000
12.180	12.0000
12.318	12.0000
12.457	12.0000
12.595	12.0000
12.734	12.0000
12.872	12.2557
13.010	12.6454
13.149	13.9771
13.287	14.5138
13.426	14.7161
13.564	14.9035
13.702	16.9022
13.841	18.8934
13.979	19.2060
14.118	22.4231
14.256	23.4740
14.394	27.7471
14.533	30.4176
14.671	33.3043
14.810	36.4039
14.948	36.4858
15.086	35.2826
15.225	34.1436
15.363	31.6336
15.502	28.3847
15.640	25.5551
15.778	22.0964
15.917	19.1616
16.055	16.8329
16.194	15.6467
16.332	13.2304
16.471	13.1435
16.609	13.1050
16.747	12.9122
16.886	13.0000
17.024	13.3016
17.163	14.5532
17.301	15.6791
17.439	16.0152
17.578	16.9840
17.716	18.6435
17.855	21.8130
17.993	22.4179
18.131	25.1614
18.270	28.1876
18.408	28.9144
18.547	31.1232
18.685	30.8015
18.823	27.7165
18.962	25.3045
19.100	22.1964
19.239	19.8165
19.377	18.3653
19.515	16.2725
19.654	16.6009
19.792	15.0166
19.931	13.4236
20.069	13.2153
20.208	13.0532
20.346	12.4203
20.484	12.2256
20.623	13.0153
20.761	13.3676
20.900	13.0847
21.038	14.0227
21.176	14.9442
21.315	15.8663
21.453	17.5746
21.592	19.8165
21.730	20.4897
21.868	23.2690
22.007	24.5453
22.145	26.6075
22.284	28.5234
22.422	29.9589
22.560	30.6944
22.699	26.8270
22.837	25.4416
22.976	23.7352
23.114	21.0662
23.253	18.5732
23.391	18.0230
23.529	16.7765
23.668	15.4665
23.806	15.0000
23.945	15.2412
24.083	15.0000
24.221	14.8156
24.360	14.6157
24.498	14.9397
24.637	15.6324
24.775	17.3111
24.913	17.9163
25.052	19.2441
25.190	19.5289
25.329	20.7339
25.467	21.3395
25.605	20.3014
25.744	18.5159
25.882	16.5925
26.021	16.9574
26.159	16.4805
26.297	17.0493
26.436	17.2624
26.574	16.7006
26.713	19.0790
26.851	20.0654
26.990	19.9744
27.128	22.0994
27.266	21.4481
27.405	22.8407
27.543	25.1165
27.682	23.9731
27.820	23.6578
27.958	23.2207
28.097	18.9924
28.235	18.4570
28.374	15.8141
28.512	16.3637
28.650	14.5090
28.789	13.3485
28.927	13.3330
29.066	13.1367
29.204	13.9388
29.342	14.1744
29.481	14.3563
29.619	15.6886
29.758	18.4057
29.896	20.0117
30.034	23.0792
30.173	23.6970
30.311	26.5282
30.450	29.9679
30.588	31.8365
30.727	31.0834
30.865	28.9998
31.003	26.2288
31.142	23.2807
31.280	19.8486
31.419	18.1592
31.557	16.1580
31.695	14.9455
31.834	14.3910
31.972	14.2899
32.111	14.6907
32.249	14.4755
32.387	13.8852
32.526	14.4170
32.664	14.8269
32.803	16.0062
32.941	17.6650
33.079	19.7691
33.218	22.5606
33.356	24.4174
33.495	26.7033
33.633	28.6168
33.771	27.2288
33.910	27.2080
34.048	22.3624
34.187	21.1001
34.325	18.3961
34.464	16.5536
34.602	16.0783
34.740	15.9418
34.879	15.1090
35.017	15.3087
35.156	15.6522
35.294	15.3572
35.432	15.6872
35.571	16.9593
35.709	16.1619
35.848	16.3027
35.986	16.8533
36.124	17.6260
36.263	18.7697
36.401	21.2041
36.540	22.4333
36.678	23.6390
36.816	24.7150
36.955	24.0000
37.093	24.0000
37.232	23.2173
37.370	22.2655
37.508	22.8837
37.647	20.8262
37.785	22.3558
37.924	22.4865
38.062	22.1982
38.201	24.1706
38.339	24.9964
38.477	23.4671
38.616	22.3818
38.754	22.7111
38.893	21.5134
39.031	20.5101
39.169	18.2538
39.308	17.7007
39.446	18.7174
39.585	16.3790
39.723	17.9480
39.861	16.1872
40.000	16.5733
40.138	16.2728
40.277	15.2643
40.415	16.6728
40.553	18.6388
40.692	20.1383
40.830	21.1833
40.969	24.6127
41.107	27.5371
41.246	28.3520
41.384	30.8251
41.522	31.2558
41.661	29.4275
41.799	28.8062
41.938	23.9364
42.076	20.6869
42.214	18.8075
42.353	14.4840
42.491	14.6311
42.630	14.0796
42.768	13.2967
42.906	13.1016
43.045	13.2551
43.183	13.5382
43.322	13.8436
43.460	13.4784
43.598	14.3668
43.737	15.4185
43.875	17.0966
44.014	19.0000
44.152	19.1858
44.290	20.9769
44.429	25.0138
44.567	26.5553
44.706	28.8378
44.844	30.8804
44.983	32.6978
45.121	29.8513
45.259	26.5610
45.398	27.3411
45.536	24.8072
45.675	21.9736
45.813	20.0499
45.951	20.0740
46.090	19.4385
46.228	18.0465
46.367	19.2206
46.505	18.2596
46.643	18.9992
46.782	18.2977
46.920	18.7458
47.059	19.4044
47.197	20.6151
47.335	18.7577
47.474	19.0308
47.612	18.8125
47.751	19.2849
47.889	19.5009
48.027	18.1417
48.166	17.0000
48.304	16.9024
48.443	16.2822
48.581	15.2432
48.720	17.6491
48.858	17.3119
48.996	18.8739
49.135	21.4372
49.273	24.8170
49.412	26.7951
49.550	28.7630
49.688	30.1519
49.827	32.9349
49.965	31.6150
50.104	29.9230
50.242	27.7542
50.380	25.0410
50.519	22.8721
50.657	19.7240
50.796	18.8539
50.934	18.0000
51.072	17.9831
51.211	17.3022
51.349	19.7593
51.488	17.5582
51.626	17.8514
51.764	19.2520
51.903	19.8923
52.041	18.5073
52.180	18.9553
52.318	20.7816
52.457	20.5521
52.595	18.2358
52.733	17.2697
52.872	17.3899
53.010	16.2093
53.149	16.5962
53.287	16.5189
53.425	17.0489
53.564	17.1751
53.702	17.4262
53.841	18.3092
53.979	17.4780
54.117	18.7066
54.256	19.5153
54.394	18.3755
54.533	19.2261
54.671	19.0413
54.809	18.6106
54.948	20.9759
55.086	21.0071
55.225	20.5844
55.363	19.2177
55.502	19.5250
55.640	18.5548
55.778	17.2649
55.917	17.0000
56.055	16.9721
56.194	15.9194
56.332	15.2638
56.470	15.9344
56.609	15.6648
56.747	15.9692
56.886	16.0749
57.024	16.4796
57.162	18.7840
57.301	17.7749
57.439	16.0105
57.578	15.3636
57.716	16.6927
57.854	16.3693
57.993	17.5184
58.131	19.0388
58.270	20.9850
58.408	21.9633
58.546	23.6607
58.685	23.4758
58.823	25.6074
58.962	26.1545
59.100	24.8677
59.239	25.0880
59.377	24.7065
59.515	21.3172
59.654	19.3817
59.792	16.6078
59.931	14.2735
60.069	13.9376
60.207	14.5069
60.346	14.1549
60.484	15.0000
60.623	15.1468
60.761	16.2292
60.899	17.2720
61.038	21.2483
61.176	22.4042
61.315	23.4686
61.453	25.0825
61.591	25.5148
61.730	24.3424
61.868	22.8093
62.007	21.8002
62.145	18.6366
62.283	18.9960
62.422	18.8993
62.560	17.9708
62.699	16.7373
62.837	15.9128
62.976	14.4047
63.114	15.6999
63.252	15.5524
63.391	15.0883
63.529	15.2457
63.668	15.7543
63.806	17.2459
63.944	17.6813
64.083	18.4694
64.221	16.5603
64.360	17.9876
64.498	16.7107
64.636	15.1194
64.775	15.0000
64.913	15.0000
65.052	14.3761
65.190	14.2030
65.328	15.0028
65.467	14.8858
65.605	16.2257
65.744	16.7952
65.882	18.1271
66.021	18.0939
66.159	18.1336
66.297	21.9714
66.436	24.3110
66.574	25.7305
66.713	26.4355
66.851	26.5026
66.989	26.4329
67.128	26.7385
67.266	24.9341
67.405	23.8934
67.543	22.1199
67.681	21.0590
67.820	20.2309
67.958	17.1834
68.097	16.7400
68.235	15.2557
68.373	14.9066
68.512	14.4766
68.650	15.0574
68.789	15.0509
68.927	14.2960
69.065	14.2788
69.204	15.1422
69.342	14.1537
69.481	14.6557
69.619	15.0181
69.758	14.1653
69.896	14.0000
70.034	15.7106
70.173	16.6682
70.311	18.1743
70.450	19.0663
70.588	22.0678
70.726	26.2084
70.865	28.4475
71.003	26.2972
71.142	25.1964
71.280	25.9464
71.418	23.1911
71.557	22.6222
71.695	21.4990
71.834	19.2320
71.972	17.3577
72.110	16.6129
72.249	16.7010
72.387	16.4107
72.526	16.2843
72.664	15.9397
72.802	15.5351
72.941	15.5978
73.079	15.1366
73.218	15.1212
73.356	15.4193
73.495	17.5692
73.633	18.6478
73.771	17.9627
73.910	17.9793
74.048	18.0664
74.187	19.6864
74.325	20.2227
74.463	21.8379
74.602	23.1851
74.740	26.5343
74.879	26.9122
75.017	26.5455
75.155	21.9903
75.294	18.8900
75.432	17.0000
75.571	16.5310
75.709	15.7018
75.847	15.4420
75.986	16.0454
76.124	16.1375
76.263	17.0806
76.401	18.6672
76.539	19.2889
76.678	19.8173
76.816	20.8163
76.955	23.0547
77.093	24.3215
77.232	23.1257
77.370	23.0197
77.508	20.9460
77.647	18.4552
77.785	18.4811
77.924	16.4767
78.062	15.1121
78.200	15.3752
78.339	14.9694
78.477	15.6235
78.616	16.5886
78.754	17.3289
78.892	16.3296
79.031	16.7555
79.169	16.8075
79.308	18.0000
79.446	17.9919
79.584	18.4362
79.723	21.1598
79.861	18.4135
80.000	18.8765
80.138	20.7700
80.277	21.4712
80.415	22.3010
80.553	21.7270
80.692	21.2342
80.830	20.7319
80.969	19.9106
81.107	18.6489
81.245	17.8480
81.384	17.4470
81.522	17.0460
81.661	18.4408
81.799	19.6870
81.937	19.2511
82.076	18.4496
82.214	17.5141
82.353	16.6400
82.491	15.5688
82.629	14.2729
82.768	13.8904
82.906	14.0000
83.045	14.3522
83.183	14.2972
83.321	16.1926
83.460	15.9609
83.598	17.8699
83.737	18.8242
83.875	19.9076
84.014	21.7884
84.152	24.5183
84.290	26.0204
84.429	26.0238
84.567	23.1359
84.706	21.1001
84.844	18.3695
84.982	16.4475
85.121	15.9511
85.259	15.2197
85.398	16.0847
85.536	17.1919
85.674	17.0044
85.813	17.7633
85.951	19.4243
86.090	19.8804
86.228	20.7786
86.366	19.9874
86.505	20.1870
86.643	21.0753
86.782	21.7073
86.920	21.8515
87.058	22.4291
87.197	19.9276
87.335	18.9465
87.474	19.4725
87.612	17.4270
87.751	16.8688
87.889	16.8268
88.027	17.9820
88.166	17.7880
88.304	16.4813
88.443	16.4267
88.581	17.6200
88.719	17.4257
88.858	18.3060
88.996	19.8641
89.135	21.4086
89.273	20.5139
89.411	21.2985
89.550	23.4780
89.688	22.0944
89.827	20.8897
89.965	19.8669
90.103	19.2237
90.242	18.6598
90.380	18.8373
90.519	18.0686
90.657	17.1428
90.795	17.8402
90.934	18.0472
91.072	18.4501
91.211	19.0187
91.349	18.8991
91.488	17.9678
91.626	19.3224
91.764	19.6083
91.903	19.7311
92.041	22.3083
92.180	22.7388
92.318	23.1740
92.456	23.7806
92.595	21.0774
92.733	20.4779
92.872	22.5367
93.010	17.6046
93.148	17.6789
93.287	16.3416
93.425	16.7217
93.564	16.0158
93.702	15.7065
93.840	17.0071
93.979	16.1697
94.117	16.1006
94.256	17.3066
94.394	16.9419
94.533	17.5362
94.671	16.5171
94.809	19.4795
94.948	20.1826
95.086	20.2375
95.225	20.8293
95.363	22.0297
95.501	22.4876
95.640	22.9226
95.778	24.0180
95.917	22.7022
96.055	20.9413
96.193	20.0225
96.332	19.7462
96.470	18.1175
96.609	17.8592
96.747	17.3139
96.885	17.4878
97.024	17.6175
97.162	16.4597
97.301	15.4915
97.439	15.6997
97.577	14.1418
97.716	14.6460
97.854	15.0119
97.993	14.9743
98.131	14.2924
98.270	16.3983
98.408	15.0044
98.546	16.4363
98.685	16.8117
98.823	16.3337
98.962	16.4513
99.100	16.0049
99.238	15.5919
99.377	15.4508
99.515	16.2065
99.654	16.8528
99.792	16.5277
99.930	18.9316
100.069	20.0532
100.207	20.9194
100.346	23.1426
100.484	24.0000
100.622	25.4423
100.761	25.7317
100.899	25.0411
101.038	24.0683
101.176	23.3701
101.314	19.0821
101.453	16.0247
101.591	17.3662
101.730	16.0109
101.868	14.4503
102.007	14.6373
102.145	14.2650
102.283	13.4778
102.422	13.9121
102.560	14.5748
102.699	14.8343
102.837	14.9985
102.975	15.3577
103.114	16.4263
103.252	20.8140
103.391	20.9664
103.529	24.3941
103.667	24.2249
103.806	27.0428
103.944	30.1673
104.083	29.5098
104.221	28.3514
104.359	28.3449
104.498	24.4635
104.636	20.3967
104.775	17.8422
104.913	16.2133
105.051	15.8260
105.190	15.4388
105.328	14.0913
105.467	13.1646
105.605	14.3052
105.744	13.6398
105.882	13.5980
106.020	15.2911
106.159	15.9715
106.297	16.0442
106.436	15.6582
106.574	17.5824
106.712	17.5040
106.851	18.8721
106.989	21.3405
107.128	21.1166
107.266	19.0855
107.404	17.7500
107.543	15.8476
107.681	15.3839
107.820	15.4823
107.958	15.1645
108.096	15.2468
108.235	16.2856
108.373	16.9058
108.512	16.4240
108.650	18.3857
108.789	21.5399
108.927	21.9963
109.065	22.3823
109.204	21.0517
109.342	20.0512
109.481	19.7757
109.619	19.7515
109.757	18.4165
109.896	16.6904
110.034	15.6585
110.173	14.9041
110.311	14.2353
110.449	14.7334
110.588	14.6197
110.726	15.0000
110.865	15.3258
111.003	16.9459
111.141	16.6134
111.280	16.7514
111.418	17.5574
111.557	18.8322
111.695	18.5258
111.833	19.5523
111.972	18.4057
112.110	18.7559
112.249	18.7562
112.387	18.9805
112.526	16.3744
112.664	20.3704
112.802	19.5155
112.941	19.8955
113.079	19.5483
113.218	19.4602
113.356	18.4777
113.494	18.9451
113.633	19.9265
113.771	18.0000
113.910	18.0793
114.048	18.3493
114.186	16.0582
114.325	14.3043
114.463	14.8630
114.602	15.0359
114.740	15.5923
114.878	15.5142
115.017	15.4990
115.155	16.2059
115.294	16.4904
115.432	17.0320
115.570	17.9627
115.709	18.1340
115.847	19.3870
115.986	20.2423
116.124	23.3133
116.263	23.0169
116.401	24.1116
116.539	23.5549
116.678	22.0292
116.816	20.9915
116.955	19.2969
117.093	17.1385
117.231	15.3396
117.370	15.3643
117.508	14.9942
117.647	15.3557
117.785	15.5711
117.923	14.1175
118.062	14.3994
118.200	15.2912
118.339	15.7291
118.477	15.1513
118.615	16.3870
118.754	16.6265
118.892	16.7622
119.031	17.7856
119.169	19.0261
119.308	20.9845
119.446	21.3806
119.584	21.7699
119.723	22.7622
119.861	21.8307
120.000	22.2084
120.138	20.0335
120.276	19.1507
120.415	18.5543
120.553	17.8740
120.692	19.1549
120.830	16.2180
120.968	15.9529
121.107	15.0596
121.245	15.9803
121.384	16.6165
121.522	16.6165
121.660	15.9356
121.799	16.0055
121.937	17.0581
122.076	17.9965
122.214	17.8757
122.352	19.0174
122.491	20.4511
122.629	20.7579
122.768	20.9189
122.906	22.3690
123.045	21.4154
123.183	19.3343
123.321	19.9278
123.460	17.7663
123.598	16.1685
123.737	15.9587
123.875	15.0484
124.013	15.0000
124.152	15.2681
124.290	15.0000
124.429	15.2045
124.567	16.0611
124.705	15.2920
124.844	15.3866
124.982	17.4737
125.121	16.5028
125.259	16.9519
125.397	17.5655
125.536	17.3500
125.674	17.8679
125.813	20.0618
125.951	19.4073
126.089	17.8821
126.228	17.6682
126.366	17.9610
126.505	17.9604
126.643	15.5187
126.782	15.6901
126.920	15.7867
127.058	15.3905
127.197	14.9973
127.335	15.4132
127.474	15.2564
127.612	15.2815
127.750	15.0041
127.889	15.4368
128.027	15.1764
128.166	14.8511
128.304	15.2092
128.442	15.0360
128.581	16.5750
128.719	17.2097
128.858	18.8860
128.996	19.8943
129.134	20.6588
129.273	20.3220
129.411	19.7551
129.550	18.6995
129.688	18.3724
129.826	16.2063
129.965	16.4364
130.103	16.3346
130.242	15.9229
130.380	15.5217
130.519	15.5085
130.657	15.5896
130.795	16.8511
130.934	16.8065
131.072	17.1535
131.211	18.1125
131.349	17.6224
131.487	17.0587
131.626	19.1024
131.764	19.6349
131.903	18.2974
132.041	19.7800
132.179	20.3988
132.318	18.3194
132.456	17.0001
132.595	15.9602
132.733	15.4378
132.871	15.0831
133.010	16.9487
133.148	15.4912
133.287	15.7915
133.425	16.0000
133.564	16.6202
133.702	17.1924
133.840	17.8101
133.979	18.6792
134.117	18.0275
134.256	20.1634
134.394	21.0122
134.532	22.3324
134.671	22.2145
134.809	20.0506
134.948	20.0011
135.086	19.0557
135.224	18.4451
135.363	17.1052
135.501	16.0000
135.640	15.3526
135.778	14.3332
135.916	14.0238
136.055	13.9823
136.193	13.3489
136.332	13.8964
136.470	14.3869
136.608	14.8856
136.747	14.4437
136.885	14.8655
137.024	15.8321
137.162	15.4599
137.301	15.5876
137.439	16.8656
137.577	16.7429
137.716	17.7724
137.854	19.1603
137.993	21.6183
138.131	21.9120
138.269	20.3971
138.408	20.4595
138.546	20.6885
138.685	19.0359
138.823	18.8637
138.961	16.8287
139.100	17.5693
139.238	15.6945
139.377	16.8662
139.515	16.0067
139.653	15.1935
139.792	14.5685
139.930	15.3287
140.069	16.0094
140.207	16.0598
140.345	15.8987
140.484	16.9911
140.622	18.3496
140.761	19.0656
140.899	19.1492
141.038	20.8815
141.176	19.5673
141.314	19.6114
141.453	19.0579
141.591	18.1265
141.730	18.4550
141.868	17.3605
142.006	17.2040
142.145	15.9144
142.283	15.9983
142.422	15.8740
142.560	15.0175
142.698	15.0000
142.837	13.5975
142.975	14.1146
143.114	14.1768
143.252	15.3084
143.390	15.1672
143.529	15.5192
143.667	17.1218
143.806	17.6191
143.944	18.0675
144.082	20.0000