0.000	14.000
0.115	15.413
0.231	15.984
0.346	15.432
0.461	21.944
0.577	25.306
0.692	29.415
0.807	32.298
0.923	30.414
1.038	28.613
1.153	32.482
1.269	28.121
1.384	25.320
1.499	22.390
1.615	19.405
1.730	15.716
1.845	14.827
1.961	12.790
2.076	12.766
2.191	12.843
2.307	13.813
2.422	13.522
2.537	14.046
2.653	12.080
2.768	11.834
2.883	12.415
2.999	12.905
3.114	13.850
3.229	12.309
3.345	12.244
3.460	12.199
3.575	13.638
3.691	12.996
3.806	13.159
3.921	14.913
4.037	15.923
4.152	15.726
4.267	18.818
4.383	21.224
4.498	23.620
4.613	30.370
4.729	35.319
4.844	40.629
4.959	38.942
5.075	35.925
5.190	33.420
5.305	27.607
5.421	22.590
5.536	18.498
5.651	16.529
5.767	16.082
5.882	13.307
5.997	13.436
6.113	13.159
6.228	13.411
6.343	12.069
6.459	12.305
6.574	12.298
6.689	11.961
6.805	12.746
6.920	13.297
7.035	13.002
7.151	13.000
7.266	13.453
7.381	16.247
7.497	19.677
7.612	25.289
7.727	28.996
7.843	31.334
7.958	34.695
8.073	25.842
8.189	23.736
8.304	21.082
8.419	16.112
8.535	15.683
8.650	14.410
8.765	13.417
8.881	12.008
8.996	12.096
9.111	12.098
9.227	13.339
9.342	13.003
9.457	11.581
9.573	11.616
9.688	11.574
9.803	12.122
9.919	12.800
10.034	14.118
10.149	15.584
10.265	14.950
10.380	20.473
10.495	23.842
10.611	29.589
10.726	35.412
10.841	39.703
10.957	44.483
11.072	42.744
11.187	39.593
11.303	37.486
11.418	29.933
11.533	25.839
11.649	18.881
11.764	17.750
11.879	16.387
11.995	12.236
12.110	13.031
12.225	12.376
12.341	12.449
12.456	11.589
12.571	12.683
12.687	12.072
12.802	12.087
12.917	12.000
13.033	12.000
13.148	11.654
13.263	12.545
13.379	13.033
13.494	12.368
13.609	12.280
13.725	12.163
13.840	13.034
13.955	13.120
14.071	14.456
14.186	14.730
14.301	18.909
14.417	21.619
14.532	27.603
14.647	32.468
14.763	36.228
14.878	43.690
14.993	47.744
15.109	54.392
15.224	45.563
15.339	36.334
15.455	28.923
15.570	20.946
15.685	17.403
15.801	17.385
15.916	15.253
16.031	14.846
16.147	13.760
16.262	12.575
16.377	12.490
16.493	11.270
16.608	12.186
16.723	12.223
16.839	12.230
16.954	12.275
17.069	12.799
17.185	12.547
17.300	12.195
17.415	14.728
17.531	18.901
17.646	24.652
17.761	27.722
17.877	32.918
17.992	30.252
18.107	31.524
18.223	27.493
18.338	23.261
18.453	21.208
18.569	18.883
18.684	16.134
18.799	14.852
18.915	12.838
19.030	13.627
19.145	12.481
19.261	12.771
19.376	13.043
19.491	12.895
19.607	12.984
19.722	14.559
19.837	15.346
19.953	17.084
20.068	20.562
20.183	22.887
20.299	26.381
20.414	30.401
20.529	33.018
20.645	35.111
20.760	31.083
20.875	28.864
20.991	21.886
21.106	19.356
21.221	16.432
21.337	15.940
21.452	13.228
21.567	13.321
21.683	12.316
21.798	12.000
21.913	12.000
22.029	11.988
22.144	12.755
22.259	12.011
22.375	12.445
22.490	12.512
22.605	13.768
22.721	14.082
22.836	16.698
22.951	20.430
23.067	23.519
23.182	28.440
23.297	31.021
23.413	36.540
23.528	36.923
23.643	38.044
23.759	37.184
23.874	36.885
23.989	40.163
24.105	30.978
24.220	26.111
24.335	24.396
24.451	21.131
24.566	17.160
24.681	16.311
24.797	13.801
24.912	13.012
25.027	13.268
25.143	12.752
25.258	12.873
25.373	12.976
25.489	12.784
25.604	11.820
25.719	11.177
25.835	11.523
25.950	12.000
26.065	12.000
26.181	12.000
26.296	12.000
26.411	12.000
26.527	11.828
26.642	12.225
26.757	12.897
26.873	12.656
26.988	12.586
27.103	13.942
27.219	13.718
27.334	15.802
27.449	18.606
27.565	25.192
27.680	26.099
27.795	30.688
27.911	33.724
28.026	37.240
28.141	39.692
28.257	40.672
28.372	35.439
28.487	26.246
28.603	24.142
28.718	18.058
28.833	15.008
28.949	13.173
29.064	12.797
29.179	11.853
29.295	12.440
29.410	12.972
29.525	12.984
29.641	11.921
29.756	11.180
29.871	12.728
29.987	12.298
30.102	12.579
30.217	13.090
30.333	14.434
30.448	16.131
30.563	19.327
30.679	22.348
30.794	22.897
30.909	29.106
31.025	34.151
31.140	37.483
31.255	36.019
31.371	37.098
31.486	33.142
31.601	29.929
31.717	26.698
31.832	22.264
31.947	17.873
32.063	14.226
32.178	13.515
32.293	13.364
32.409	13.781
32.524	12.558
32.639	12.337
32.755	12.404
32.870	12.436
32.985	12.000
33.101	12.838
33.216	13.135
33.331	13.247
33.447	13.256
33.562	13.497
33.677	13.505
33.793	14.667
33.908	14.086
34.023	13.796
34.139	13.125
34.254	13.041
34.369	14.313
34.485	15.894
34.600	16.709
34.715	17.992
34.831	18.530
34.946	17.105
35.061	17.416
35.177	19.128
35.292	18.963
35.407	19.063
35.523	20.247
35.638	17.548
35.753	19.890
35.868	20.557
35.984	18.445
36.099	17.725
36.215	18.692
36.330	17.429
36.445	17.256
36.561	19.070
36.676	18.066
36.791	16.685
36.906	15.921
37.022	15.057
37.137	15.140
37.252	15.000
37.368	15.691
37.483	16.320
37.598	16.075
37.714	15.556
37.829	15.006
37.944	15.290
38.060	15.608
38.175	15.149
38.290	14.108
38.406	16.156
38.521	17.695
38.636	18.066
38.752	23.035
38.867	27.045
38.982	29.944
39.098	32.965
39.213	38.710
39.328	38.108
39.444	35.889
39.559	32.518
39.674	30.462
39.790	23.205
39.905	21.175
40.020	18.959
40.136	15.748
40.251	15.134
40.366	13.880
40.482	13.192
40.597	13.298
40.712	13.244
40.828	12.934
40.943	13.977
41.058	12.326
41.174	13.445
41.289	13.790
41.404	13.152
41.520	14.958
41.635	15.997
41.750	15.261
41.866	18.784
41.981	18.582
42.096	21.246
42.212	24.332
42.327	21.609
42.442	19.996
42.558	19.137
42.673	18.000
42.788	18.193
42.904	19.037
43.019	18.617
43.134	18.086
43.250	16.049
43.365	16.705
43.480	16.713
43.596	17.533
43.711	18.925
43.826	20.909
43.942	21.335
44.057	29.358
44.172	30.339
44.288	36.863
44.403	38.921
44.518	41.326
44.634	42.574
44.749	35.393
44.864	30.249
44.980	28.958
45.095	23.027
45.210	21.059
45.326	20.002
45.441	16.240
45.556	15.715
45.672	14.126
45.787	12.482
45.902	13.571
46.018	12.931
46.133	12.145
46.248	12.115
46.364	12.000
46.479	13.098
46.594	12.789
46.710	12.188
46.825	14.942
46.940	16.449
47.056	17.624
47.171	17.214
47.286	24.810
47.402	32.524
47.517	39.080
47.632	44.424
47.748	49.119
47.863	55.430
47.978	56.634
48.094	53.940
48.209	52.074
48.324	42.411
48.440	30.934
48.555	32.886
48.670	24.308
48.786	19.652
48.901	17.764
49.016	17.013
49.132	14.654
49.247	12.872
49.362	12.000
49.478	12.000
49.593	12.148
49.708	12.234
49.824	11.933
49.939	11.157
50.054	12.428
50.170	13.549
50.285	12.191
50.400	12.423
50.516	14.755
50.631	14.600
50.746	16.435
50.862	19.198
50.977	23.589
51.092	29.861
51.208	37.177
51.323	41.333
51.438	48.182
51.554	52.611
51.669	48.390
51.784	50.975
51.900	45.089
52.015	40.411
52.130	33.041
52.246	26.682
52.361	24.547
52.476	19.689
52.592	17.812
52.707	16.243
52.822	13.961
52.938	13.704
53.053	14.719
53.168	13.266
53.284	13.296
53.399	12.861
53.514	13.120
53.630	12.613
53.745	13.092
53.860	15.434
53.976	14.600
54.091	14.340
54.206	18.871
54.322	24.820
54.437	26.825
54.552	39.905
54.668	48.386
54.783	53.494
54.898	50.524
55.014	51.535
55.129	48.737
55.244	42.160
55.360	36.895
55.475	30.489
55.590	27.082
55.706	21.628
55.821	17.472
55.936	15.647
56.052	14.727
56.167	14.085
56.282	14.243
56.398	13.930
56.513	12.213
56.628	12.308
56.744	12.933
56.859	13.000
56.974	13.170
57.090	15.124
57.205	16.312
57.320	14.181
57.436	14.836
57.551	14.839
57.666	19.246
57.782	20.953
57.897	25.101
58.012	30.698
58.128	33.807
58.243	36.216
58.358	34.329
58.474	30.234
58.589	25.421
58.704	22.128
58.820	20.482
58.935	16.934
59.050	17.232
59.166	16.380
59.281	15.979
59.396	17.007
59.512	16.219
59.627	16.215
59.742	16.229
59.858	19.089
59.973	22.640
60.088	24.419
60.204	23.747
60.319	24.637
60.434	20.198
60.550	20.221
60.665	21.045
60.780	17.310
60.896	16.197
61.011	14.433
61.126	13.828
61.242	13.895
61.357	13.162
61.472	14.964
61.588	14.637
61.703	15.194
61.818	12.447
61.934	15.922
62.049	15.951
62.164	15.877
62.280	16.951
62.395	18.358
62.510	19.475
62.626	24.496
62.741	27.265
62.856	30.648
62.972	29.625
63.087	35.973
63.202	40.210
63.318	35.133
63.433	34.021
63.548	29.817
63.664	30.583
63.779	27.046
63.894	23.278
64.010	20.070
64.125	19.540
64.240	16.209
64.356	14.798
64.471	14.800
64.586	14.761
64.702	14.138
64.817	13.773
64.932	13.069
65.048	14.596
65.163	13.317
65.278	14.117
65.394	18.148
65.509	16.333
65.624	17.914
65.740	18.940
65.855	22.479
65.970	17.938
66.086	20.606
66.201	23.035
66.316	24.972
66.432	19.262
66.547	19.188
66.662	16.861
66.778	14.074
66.893	16.248
67.008	15.743
67.124	17.249
67.239	17.371
67.354	18.153
67.470	19.750
67.585	22.055
67.700	26.668
67.816	35.905
67.931	37.037
68.046	33.166
68.162	36.661
68.277	40.721
68.392	39.297
68.508	40.624
68.623	35.800
68.738	35.329
68.854	32.092
68.969	34.208
69.084	29.025
69.200	24.856
69.315	22.138
69.430	22.469
69.546	21.873
69.661	19.275
69.776	19.589
69.892	18.113
70.007	18.843
70.122	19.550
70.238	18.306
70.353	16.972
70.468	15.158
70.584	14.583
70.699	13.089
70.814	13.922
70.930	14.217
71.045	13.951
71.160	14.648
71.276	14.269
71.391	14.373
71.506	15.821
71.622	15.937
71.737	16.631
71.852	18.505
71.968	23.794
72.083	29.919
72.198	32.132
72.314	38.964
72.429	42.966
72.544	51.391
72.660	51.512
72.775	55.996
72.890	51.617
73.006	48.867
73.121	45.288
73.236	43.569
73.352	30.188
73.467	25.860
73.582	22.867
73.698	17.471
73.813	14.991
73.928	13.067
74.044	13.885
74.159	13.582
74.274	12.920
74.390	12.111
74.505	12.300
74.620	14.014
74.736	14.275
74.851	14.094
74.966	15.816
75.082	20.107
75.197	19.648
75.312	20.980
75.428	22.172
75.543	27.636
75.658	34.313
75.774	39.795
75.889	46.483
76.004	45.368
76.120	48.273
76.235	50.626
76.350	44.420
76.466	46.471
76.581	45.087
76.696	36.187
76.812	32.017
76.927	26.689
77.042	21.991
77.158	18.989
77.273	18.163
77.388	14.970
77.504	13.891
77.619	14.808
77.734	14.226
77.850	14.452
77.965	13.427
78.080	16.180
78.196	16.107
78.311	17.328
78.426	18.401
78.542	24.094
78.657	30.346
78.772	34.727
78.888	35.604
79.003	38.434
79.118	36.279
79.234	34.665
79.349	31.710
79.464	29.436
79.580	25.415
79.695	22.384
79.810	20.937
79.926	17.789
80.041	15.966
80.156	13.989
80.272	13.861
80.387	14.462
80.502	16.373
80.618	15.353
80.733	14.029
80.848	17.012
80.964	21.237
81.079	28.045
81.194	34.227
81.310	40.179
81.425	47.259
81.540	61.326
81.656	66.383
81.771	66.493
81.886	63.377
82.002	62.753
82.117	49.128
82.232	34.609
82.348	25.302
82.463	20.147
82.578	18.192
82.694	17.170
82.809	16.165
82.924	13.451
83.040	12.197
83.155	12.936
83.270	13.130
83.386	12.643
83.501	12.000
83.616	12.000
83.732	12.669
83.847	13.049
83.962	13.631
84.078	16.758
84.193	19.191
84.308	19.883
84.424	22.607
84.539	35.661
84.654	50.283
84.770	62.094
84.885	68.487
85.000	78.541
85.116	81.551
85.231	88.390
85.346	71.736
85.462	56.919
85.577	44.169
85.692	32.320
85.808	24.105
85.923	17.966
86.038	19.418
86.154	16.367
86.269	16.054
86.384	15.028
86.500	14.198
86.615	13.867
86.730	13.982
86.846	15.433
86.961	14.816
87.076	15.412
87.192	17.043
87.307	17.526
87.422	21.953
87.538	22.257
87.653	24.952
87.768	31.816
87.884	39.082
87.999	47.333
88.114	53.956
88.230	54.298
88.345	46.732
88.460	40.854
88.576	36.350
88.691	23.990
88.806	20.445
88.922	13.699
89.037	13.742
89.152	13.125
89.268	13.065
89.383	13.458
89.498	14.451
89.614	14.509
89.729	17.199
89.844	19.508
89.960	20.848
90.075	28.372
90.190	38.115
90.306	50.305
90.421	59.334
90.536	76.223
90.652	85.679
90.767	108.786
90.882	97.364
90.998	93.580
91.113	93.842
91.228	72.479
91.344	54.632
91.459	40.632
91.574	26.429
91.690	24.958
91.805	20.245
91.920	14.946
92.036	16.291
92.151	15.142
92.266	13.017
92.382	13.655
92.497	13.100
92.612	12.521
92.728	13.153
92.843	12.450
92.958	13.072
93.074	14.541
93.189	16.709
93.304	15.550
93.420	18.713
93.535	25.869
93.650	30.860
93.766	36.065
93.881	42.974
93.996	55.264
94.112	68.139
94.227	75.947
94.342	80.729
94.458	85.216
94.573	91.598
94.688	83.139
94.804	81.352
94.919	69.872
95.034	60.658
95.150	47.934
95.265	36.090
95.380	28.586
95.496	20.888
95.611	18.587
95.726	17.326
95.842	14.595
95.957	14.412
96.072	15.167
96.188	12.679
96.303	14.203
96.418	13.187
96.534	13.334
96.649	14.135
96.764	13.669
96.880	15.245
96.995	18.064
97.110	17.619
97.226	22.190
97.341	27.190
97.456	33.809
97.572	33.366
97.687	42.145
97.802	52.818
97.918	63.582
98.033	69.619
98.148	70.184
98.264	64.917
98.379	64.957
98.494	68.600
98.610	61.751
98.725	56.376
98.840	46.064
98.956	39.603
99.071	33.922
99.186	26.815
99.302	21.139
99.417	19.816
99.532	16.792
99.648	14.510
99.763	15.249
99.878	14.589
99.994	14.919
100.109	13.332
100.224	14.444
100.340	15.821
100.455	15.616
100.570	17.932
100.686	19.701
100.801	19.810
100.916	22.763
101.032	22.306
101.147	29.045
101.262	30.734
101.378	35.884
101.493	37.347
101.608	43.688
101.724	43.853
101.839	50.729
101.954	45.763
102.070	43.837
102.185	43.533
102.300	45.182
102.416	39.834
102.531	37.543
102.646	46.126
102.762	39.796
102.877	34.735
102.992	33.710
103.108	31.436
103.223	27.047
103.338	22.171
103.454	18.903
103.569	17.656
103.684	18.044
103.800	14.449
103.915	14.440
104.030	13.402
104.146	12.477
104.261	12.433
104.376	12.214
104.492	12.605
104.607	13.061
104.722	12.482
104.838	13.489
104.953	14.082
105.068	15.333
105.184	15.995
105.299	16.270
105.414	21.358
105.530	29.752
105.645	34.888
105.760	44.642
105.876	60.487
105.991	62.085
106.106	71.201
106.222	78.799
106.337	89.695
106.452	86.655
106.568	76.307
106.683	70.061
106.798	53.107
106.914	45.611
107.029	37.010
107.144	32.652
107.259	22.969
107.375	19.200
107.490	17.435
107.606	14.557
107.721	13.343
107.836	13.095
107.951	13.484
108.067	13.891
108.182	13.050
108.297	14.559
108.413	14.991
108.528	18.491
108.643	24.032
108.759	31.442
108.874	43.952
108.989	54.907
109.105	68.434
109.220	68.597
109.335	68.491
109.451	73.895
109.566	65.535
109.681	68.318
109.797	55.440
109.912	42.881
110.027	38.184
110.143	28.364
110.258	25.064
110.373	22.261
110.489	19.719
110.604	15.115
110.719	14.523
110.835	14.868
110.950	14.228
111.065	15.812
111.181	14.524
111.296	13.317
111.411	12.094
111.527	12.942
111.642	13.000
111.757	13.276
111.873	12.489
111.988	14.185
112.103	16.131
112.219	17.426
112.334	21.673
112.449	28.257
112.565	36.871
112.680	48.882
112.795	70.848
112.911	79.502
113.026	82.669
113.141	81.426
113.257	83.430
113.372	77.445
113.487	68.817
113.603	60.752
113.718	50.324
113.833	40.372
113.949	33.485
114.064	26.630
114.179	20.877
114.295	17.888
114.410	14.355
114.525	15.057
114.641	12.041
114.756	12.344
114.871	12.930
114.987	12.000
115.102	12.051
115.217	12.101
115.333	13.388
115.448	14.865
115.563	15.615
115.679	16.005
115.794	19.147
115.909	20.940
116.025	30.203
116.140	41.842
116.255	59.437
116.371	73.946
116.486	91.201
116.601	105.884
116.717	106.015
116.832	97.083
116.947	72.550
117.063	59.988
117.178	45.543
117.293	28.876
117.409	22.368
117.524	19.433
117.639	16.359
117.755	14.760
117.870	13.763
117.985	13.083
118.101	12.583
118.216	12.943
118.331	12.996
118.447	15.211
118.562	16.297
118.677	19.757
118.793	24.419
118.908	35.390
119.023	48.842
119.139	56.140
119.254	78.325
119.369	93.501
119.485	103.211
119.600	116.545
119.715	120.722
119.831	101.842
119.946	90.944
120.061	86.538
120.177	76.290
120.292	59.391
120.407	39.648
120.523	37.211
120.638	25.864
120.753	19.090
120.869	17.490
120.984	14.982
121.099	14.685
121.215	14.104
121.330	12.609
121.445	13.186
121.561	13.037
121.676	13.051
121.791	13.985
121.907	15.447
122.022	17.348
122.137	17.696
122.253	17.936
122.368	22.768
122.483	28.703
122.599	29.400
122.714	57.910
122.829	67.482
122.945	72.754
123.060	90.036
123.175	92.666
123.291	89.947
123.406	84.923
123.521	69.923
123.637	54.054
123.752	42.867
123.867	31.286
123.983	26.279
124.098	18.419
124.213	16.957
124.329	16.059
124.444	17.028
124.559	13.890
124.675	13.289
124.790	14.140
124.905	13.874
125.021	13.000
125.136	13.653
125.251	13.903
125.367	13.267
125.482	13.422
125.597	15.349
125.713	17.346
125.828	16.932
125.943	20.724
126.059	23.447
126.174	23.134
126.289	24.865
126.405	22.282
126.520	21.510
126.635	22.019
126.751	19.901
126.866	22.510
126.981	24.658
127.097	27.213
127.212	34.606
127.327	43.322
127.443	49.255
127.558	66.407
127.673	75.901
127.789	81.352
127.904	82.307
128.019	77.815
128.135	64.123
128.250	49.290
128.365	37.592
128.481	26.784
128.596	19.374
128.711	15.233
128.827	14.991
128.942	13.131
129.057	13.131
129.173	13.210
129.288	12.145
129.403	12.952
129.519	12.793
129.634	12.884
129.749	12.020
129.865	12.764
129.980	14.130
130.095	14.891
130.211	15.901
130.326	17.861
130.441	22.645
130.557	31.358
130.672	34.485
130.787	53.971
130.903	69.799
131.018	84.306
131.133	97.937
131.249	98.668
131.364	93.756
131.479	95.608
131.595	86.529
131.710	74.397
131.825	62.868
131.941	46.784
132.056	34.174
132.171	28.252
132.287	22.153
132.402	17.730
132.517	14.327
132.633	14.046
132.748	13.666
132.863	14.313
132.979	13.099
133.094	13.059
133.209	14.163
133.325	15.039
133.440	16.806
133.555	17.802
133.671	20.082
133.786	23.355
133.901	34.469
134.017	48.435
134.132	59.809
134.247	79.611
134.363	98.725
134.478	123.745
134.593	113.277
134.709	108.138
134.824	101.400
134.939	71.370
135.055	54.384
135.170	34.573
135.285	24.556
135.401	19.154
135.516	14.198
135.631	13.312
135.747	13.031
135.862	12.303
135.977	12.373
136.093	12.349
136.208	12.132
136.323	12.079
136.439	12.529
136.554	12.000
136.669	12.521
136.785	13.091
136.900	12.505
137.015	12.240
137.131	11.295
137.246	15.325
137.361	18.081
137.477	22.249
137.592	21.177
137.707	27.993
137.823	39.844
137.938	50.515
138.053	72.760
138.169	90.508
138.284	110.335
138.399	111.664
138.515	102.220
138.630	89.970
138.745	76.895
138.861	70.867
138.976	48.779
139.091	35.496
139.207	25.073
139.322	21.979
139.437	18.666
139.553	15.437
139.668	13.832
139.783	13.470
139.899	13.478
140.014	13.640
140.129	13.002
140.245	13.080
140.360	12.903
140.475	12.253
140.591	13.234
140.706	12.779
140.821	13.944
140.937	14.419
141.052	17.538
141.167	16.285
141.283	15.314
141.398	18.133
141.513	22.483
141.629	27.681
141.744	29.737
141.859	36.779
141.975	38.772
142.090	47.791
142.205	44.284
142.321	42.231
142.436	34.206
142.551	30.980
142.667	31.317
142.782	29.098
142.897	26.261
143.013	25.131
143.128	27.022
143.243	30.458
143.359	27.770
143.474	33.927
143.589	37.723
143.705	37.175
143.820	43.621
143.935	49.294
144.051	51.313
144.166	56.444
144.281	56.781
144.397	55.537
144.512	54.846
144.627	50.621
144.743	47.910
144.858	36.692
144.973	29.245
145.089	26.640
145.204	20.982
145.319	18.790
145.435	18.886
145.550	15.355
145.665	16.414
145.781	15.289
145.896	13.990
146.011	13.632
146.127	14.005
146.242	15.201
146.357	15.514
146.473	14.765
146.588	16.904
146.703	19.030
146.819	20.330
146.934	22.508
147.049	28.634
147.165	29.434
147.280	30.981
147.395	32.535
147.511	30.128
147.626	27.261
147.741	23.637
147.857	19.486
147.972	17.912
148.087	17.113
148.203	14.530
148.318	16.890
148.433	16.250
148.549	16.346
148.664	14.233
148.779	15.041
148.895	16.441
149.010	17.661
149.125	18.427
149.241	21.101
149.356	26.068
149.471	29.695
149.587	36.365
149.702	42.920
149.817	47.333
149.933	48.722
150.048	53.636
150.163	46.976
150.279	38.757
150.394	28.248
150.509	21.657
150.625	20.001
150.740	17.227
150.855	16.109
150.971	15.681
151.086	13.634
151.201	13.612
151.317	14.188
151.432	14.923
151.547	13.201
151.663	16.613
151.778	16.254
151.893	17.387
152.009	20.905
152.124	28.000