0.000	19.0000
0.115	20.7619
0.231	23.1240
0.346	22.8916
0.461	29.1945
0.576	28.6436
0.692	30.9213
0.807	33.2323
0.922	31.1095
1.038	31.6163
1.153	29.4194
1.268	25.0000
1.384	24.6170
1.499	20.8882
1.614	18.7895
1.729	15.7828
1.845	16.5186
1.960	14.9769
2.075	13.6973
2.191	14.7128
2.306	14.1479
2.421	13.4382
2.537	13.0008
2.652	13.1235
2.767	14.4138
2.882	14.0856
2.998	16.9067
3.113	17.2558
3.228	18.1784
3.344	20.3803
3.459	18.1919
3.574	22.7581
3.689	27.3904
3.805	30.4981
3.920	31.5822
4.035	29.1901
4.151	31.7933
4.266	32.9089
4.381	27.8309
4.497	27.7564
4.612	22.9450
4.727	20.8828
4.842	18.1567
4.958	17.9850
5.073	16.2922
5.188	15.1628
5.304	14.9966
5.419	14.0573
5.534	14.0745
5.650	15.7876
5.765	16.4978
5.880	17.4771
5.995	16.6506
6.111	16.5413
6.226	19.4784
6.341	21.5531
6.457	29.9003
6.572	40.1421
6.687	44.4818
6.802	55.6333
6.918	62.7155
7.033	74.6491
7.148	82.2698
7.264	70.6653
7.379	68.1238
7.494	68.9555
7.610	58.9807
7.725	54.1038
7.840	40.9803
7.955	30.5814
8.071	25.3026
8.186	20.3624
8.301	16.6818
8.417	16.8582
8.532	15.8469
8.647	14.1280
8.763	14.0000
8.878	13.3463
8.993	13.2228
9.108	14.6359
9.224	14.2649
9.339	14.5379
9.454	13.1248
9.570	14.7474
9.685	15.7934
9.800	17.0690
9.915	17.4606
10.031	20.0648
10.146	22.7141
10.261	25.0889
10.377	31.6060
10.492	33.1649
10.607	34.3574
10.723	48.5804
10.838	57.8260
10.953	67.8446
11.068	81.7594
11.184	87.7103
11.299	99.5212
11.414	100.4901
11.530	96.2347
11.645	106.6034
11.760	103.7376
11.875	100.3132
11.991	88.9728
12.106	83.2055
12.221	80.2715
12.337	73.4613
12.452	61.4036
12.567	58.3768
12.683	57.5586
12.798	50.8925
12.913	39.7357
13.028	38.9167
13.144	32.1357
13.259	29.0093
13.374	26.7314
13.490	22.6626
13.605	21.4597
13.720	19.6444
13.836	17.1395
13.951	14.5286
14.066	13.6481
14.181	13.3652
14.297	13.3497
14.412	13.0853
14.527	13.7164
14.643	12.9906
14.758	13.0834
14.873	13.3430
14.988	13.3613
15.104	13.5078
15.219	14.3912
15.334	14.9975
15.450	14.7096
15.565	17.5357
15.680	20.8795
15.796	23.4864
15.911	26.1303
16.026	32.2863
16.141	44.8528
16.257	59.5919
16.372	72.8448
16.487	85.6369
16.603	97.7100
16.718	102.3541
16.833	99.8001
16.949	91.5611
17.064	82.2277
17.179	69.5117
17.294	57.2355
17.410	44.2367
17.525	32.3465
17.640	24.6773
17.756	21.7692
17.871	16.9708
17.986	16.3099
18.101	15.2808
18.217	15.0635
18.332	14.1177
18.447	13.0010
18.563	13.5636
18.678	14.4769
18.793	13.8486
18.909	14.5465
19.024	15.1834
19.139	15.6646
19.254	17.8057
19.370	18.6174
19.485	20.3372
19.600	24.0440
19.716	25.1752
19.831	26.3927
19.946	34.7021
20.062	40.9387
20.177	50.2025
20.292	50.2876
20.407	58.3569
20.523	62.6941
20.638	75.3190
20.753	63.6419
20.869	58.0585
20.984	53.0831
21.099	43.0920
21.214	33.3073
21.330	27.3743
21.445	25.5702
21.560	22.6861
21.676	19.3852
21.791	19.5749
21.906	17.7698
22.022	18.3043
22.137	17.2117
22.252	17.1224
22.367	18.2619
22.483	17.9657
22.598	21.2463
22.713	28.3620
22.829	28.6055
22.944	39.7397
23.059	46.1842
23.174	47.0239
23.290	45.6785
23.405	41.8945
23.520	42.5210
23.636	47.5735
23.751	41.1332
23.866	37.4532
23.982	33.7891
24.097	27.1953
24.212	26.0280
24.327	23.2741
24.443	18.7355
24.558	20.7579
24.673	17.5032
24.789	16.1669
24.904	16.1321
25.019	15.5653
25.135	16.2432
25.250	16.6577
25.365	19.2094
25.480	19.7509
25.596	22.8155
25.711	24.5412
25.826	27.6614
25.942	31.5947
26.057	37.6553
26.172	42.1502
26.287	48.8504
26.403	51.8516
26.518	53.1664
26.633	50.8824
26.749	39.6292
26.864	41.9642
26.979	36.4167
27.095	29.9496
27.210	26.3717
27.325	23.8819
27.440	20.0884
27.556	17.2224
27.671	14.8776
27.786	13.0055
27.902	14.1731
28.017	14.3495
28.132	14.9920
28.248	15.0000
28.363	14.7512
28.478	14.1166
28.593	16.5298
28.709	19.7564
28.824	23.6146
28.939	28.4038
29.055	32.2342
29.170	38.3101
29.285	45.1596
29.400	48.6618
29.516	51.3401
29.631	48.6432
29.746	48.6494
29.862	50.6377
29.977	43.8730
30.092	41.2266
30.208	34.9966
30.323	28.6722
30.438	27.2358
30.553	24.7969
30.669	22.2422
30.784	18.9031
30.899	16.9249
31.015	15.9031
31.130	17.5215
31.245	16.4165
31.361	15.4834
31.476	16.9463
31.591	18.8939
31.706	21.2805
31.822	23.6463
31.937	29.0485
32.052	33.7029
32.168	38.8020
32.283	45.1879
32.398	50.6222
32.513	54.7806
32.629	54.5209
32.744	53.5354
32.859	55.6611
32.975	55.1025
33.090	44.4910
33.205	45.6116
33.321	33.3591
33.436	28.5013
33.551	26.6394
33.666	27.0404
33.782	21.1832
33.897	17.5729
34.012	17.0263
34.128	14.9611
34.243	14.2914
34.358	13.6218
34.474	14.1876
34.589	13.1117
34.704	13.2453
34.819	13.9803
34.935	13.8937
35.050	13.1875
35.165	12.9326
35.281	13.4471
35.396	13.9376
35.511	15.6766
35.626	14.0816
35.742	13.7629
35.857	14.1212
35.972	16.8843
36.088	17.0000
36.203	22.0193
36.318	23.2934
36.434	28.9377
36.549	36.3654
36.664	43.1057
36.779	46.4704
36.895	57.8631
37.010	69.8070
37.125	67.0229
37.241	72.3352
37.356	65.7479
37.471	62.6152
37.587	61.2804
37.702	53.9693
37.817	42.4592
37.932	39.7671
38.048	32.3533
38.163	27.5248
38.278	27.6653
38.394	22.1611
38.509	20.3824
38.624	17.2837
38.739	20.7822
38.855	17.0679
38.970	17.9893
39.085	17.8646
39.201	18.7401
39.316	21.2554
39.431	20.5212
39.547	20.4026
39.662	22.9809
39.777	22.3456
39.892	22.9343
40.008	25.6756
40.123	25.6416
40.238	24.7458
40.354	23.0332
40.469	22.1877
40.584	20.8943
40.700	16.8921
40.815	16.2999
40.930	15.1225
41.045	14.1736
41.161	17.0499
41.276	18.6210
41.391	20.9211
41.507	19.0398
41.622	20.8968
41.737	23.7662
41.852	25.1583
41.968	27.8117
42.083	33.9472
42.198	37.2858
42.314	42.4601
42.429	59.9424
42.544	61.2286
42.660	69.2863
42.775	69.1456
42.890	66.2821
43.005	57.0798
43.121	49.9592
43.236	39.8307
43.351	31.9889
43.467	29.1017
43.582	21.6478
43.697	18.0077
43.812	19.9051
43.928	14.7598
44.043	15.3271
44.158	13.5613
44.274	14.7064
44.389	15.1550
44.504	14.7145
44.620	15.4787
44.735	17.4056
44.850	16.0903
44.965	16.8022
45.081	18.2922
45.196	19.2490
45.311	20.8112
45.427	20.4603
45.542	22.9964
45.657	23.1563
45.773	25.2048
45.888	26.9566
46.003	28.1303
46.118	28.5971
46.234	30.0545
46.349	39.7661
46.464	45.5446
46.580	51.5181
46.695	63.6419
46.810	62.7169
46.925	71.6761
47.041	77.4275
47.156	74.8166
47.271	63.0719
47.387	67.2708
47.502	64.9333
47.617	52.6735
47.733	42.2940
47.848	33.9098
47.963	28.0054
48.078	23.9796
48.194	20.9053
48.309	20.1095
48.424	15.6156
48.540	14.3983
48.655	15.6813
48.770	16.3741
48.886	15.0673
49.001	15.3038
49.116	14.5595
49.231	14.8335
49.347	14.9391
49.462	15.1784
49.577	14.4796
49.693	15.9693
49.808	16.1187
49.923	18.0540
50.038	21.4196
50.154	24.8832
50.269	27.0188
50.384	34.9272
50.500	43.3806
50.615	46.6524
50.730	56.4266
50.846	62.1010
50.961	64.8517
51.076	65.2536
51.191	66.6944
51.307	63.4985
51.422	51.2636
51.537	37.8813
51.653	31.8543
51.768	30.0573
51.883	25.1302
51.999	22.7447
52.114	25.8536
52.229	27.5823
52.344	28.2773
52.460	29.7941
52.575	28.1641
52.690	27.0958
52.806	28.2256
52.921	26.6689
53.036	26.4359
53.151	29.6345
53.267	29.2571
53.382	32.0363
53.497	32.9371
53.613	34.8003
53.728	33.3058
53.843	31.4251
53.959	33.2794
54.074	30.8471
54.189	28.5331
54.304	29.4499
54.420	25.0305
54.535	21.7653
54.650	19.4005
54.766	16.3915
54.881	15.0688
54.996	15.2496
55.112	13.8039
55.227	12.8952
55.342	12.9442
55.457	12.1547
55.573	11.5401
55.688	12.0959
55.803	12.0072
55.919	12.6285
56.034	12.7505
56.149	12.1298
56.264	12.7936
56.380	14.3670
56.495	15.2942
56.610	16.0164
56.726	17.2995
56.841	24.3570
56.956	29.9171
57.072	37.8912
57.187	46.3778
57.302	51.6397
57.417	57.0631
57.533	60.2757
57.648	57.4347
57.763	55.3550
57.879	46.5128
57.994	45.2241
58.109	34.0696
58.224	33.3724
58.340	29.9527
58.455	28.0267
58.570	23.2163
58.686	21.2523
58.801	22.2055
58.916	19.0816
59.032	17.2458
59.147	16.2363
59.262	15.4954
59.377	14.5878
59.493	12.9488
59.608	12.9408
59.723	13.8283
59.839	12.9021
59.954	12.4543
60.069	12.0000
60.185	12.6332
60.300	12.1414
60.415	12.4647
60.530	12.7029
60.646	13.5455
60.761	14.2812
60.876	15.1057
60.992	17.1897
61.107	23.0273
61.222	30.5660
61.337	34.6731
61.453	38.2377
61.568	50.9003
61.683	56.8660
61.799	58.1102
61.914	52.0136
62.029	54.4442
62.145	48.5428
62.260	42.8971
62.375	39.0751
62.490	37.4205
62.606	33.3319
62.721	25.3892
62.836	23.5094
62.952	22.9358
63.067	17.3629
63.182	18.5028
63.298	16.7560
63.413	15.1328
63.528	16.0282
63.643	15.5988
63.759	13.9989
63.874	14.4213
63.989	14.5994
64.105	14.9192
64.220	14.7712
64.335	13.1779
64.450	16.1082
64.566	15.7277
64.681	16.2548
64.796	16.8176
64.912	22.5907
65.027	19.9082
65.142	20.9651
65.258	23.9384
65.373	25.7091
65.488	29.4470
65.603	33.9622
65.719	40.8661
65.834	41.5678
65.949	50.7186
66.065	51.2715
66.180	50.8067
66.295	49.7733
66.411	41.4536
66.526	35.8544
66.641	33.3122
66.756	25.0150
66.872	19.9375
66.987	17.7068
67.102	15.6462
67.218	14.5617
67.333	15.4256
67.448	13.6991
67.563	13.4781
67.679	14.6017
67.794	14.0885
67.909	13.8880
68.025	14.3296
68.140	15.7105
68.255	16.5814
68.371	17.1891
68.486	18.4809
68.601	21.7704
68.716	22.0529
68.832	23.4727
68.947	28.6865
69.062	32.8167
69.178	41.5194
69.293	47.2756
69.408	51.1781
69.524	55.3341
69.639	56.2932
69.754	51.2578
69.869	43.4766
69.985	40.2595
70.100	31.6848
70.215	25.8853
70.331	20.9807
70.446	20.1766
70.561	18.0766
70.676	17.3396
70.792	15.2492
70.907	13.4657
71.022	14.6051
71.138	14.9824
71.253	13.5020
71.368	13.3904
71.484	13.9619
71.599	14.6454
71.714	15.8006
71.829	16.3747
71.945	17.7615
72.060	16.7579
72.175	19.0917
72.291	20.6733
72.406	20.0569
72.521	18.0668
72.636	19.4097
72.752	19.3186
72.867	21.6408
72.982	21.0035
73.098	19.7829
73.213	24.5910
73.328	26.5797
73.444	32.1618
73.559	36.8535
73.674	38.6282
73.789	42.1482
73.905	48.5781
74.020	45.2061
74.135	43.6196
74.251	38.5047
74.366	33.7263
74.481	30.0697
74.597	27.2652
74.712	23.2545
74.827	19.2448
74.942	16.9003
75.058	15.4955
75.173	14.4653
75.288	14.1444
75.404	14.4956
75.519	13.0952
75.634	15.6551
75.749	16.3417
75.865	17.4075
75.980	17.5597
76.095	18.7057
76.211	22.0561
76.326	27.3942
76.441	29.7911
76.557	34.9487
76.672	46.3943
76.787	56.3304
76.902	65.0354
77.018	71.5380
77.133	77.8513
77.248	79.4365
77.364	73.8680
77.479	71.0366
77.594	61.1288
77.710	49.7425
77.825	38.7468
77.940	29.1143
78.055	26.9851
78.171	20.8867
78.286	16.7596
78.401	15.4233
78.517	14.7828
78.632	14.5880
78.747	13.7579
78.862	12.9163
78.978	12.9111
79.093	13.9870
79.208	13.4680
79.324	14.5206
79.439	15.8908
79.554	18.6725
79.670	21.4351
79.785	25.2801
79.900	32.4730
80.015	37.9404
80.131	46.3017
80.246	54.4462
80.361	61.6159
80.477	64.9063
80.592	56.1651
80.707	51.8714
80.823	46.1358
80.938	36.8992
81.053	28.1427
81.168	24.9189
81.284	20.8827
81.399	17.9077
81.514	17.1136
81.630	14.1025
81.745	13.9814
81.860	14.1413
81.975	15.7582
82.091	17.1283
82.206	18.7267
82.321	21.4535
82.437	25.4680
82.552	32.3019
82.667	35.0675
82.783	45.8249
82.898	49.2394
83.013	53.0959
83.128	54.4009
83.244	51.6469
83.359	50.3809
83.474	42.4378
83.590	39.1213
83.705	30.7605
83.820	24.6811
83.936	21.3441
84.051	18.9775
84.166	15.2967
84.281	14.4997
84.397	13.7047
84.512	14.5361
84.627	14.8317
84.743	14.0252
84.858	13.5963
84.973	12.7500
85.088	13.0364
85.204	14.4266
85.319	13.4677
85.434	13.5927
85.550	15.2139
85.665	16.3286
85.780	16.2275
85.896	15.6852
86.011	17.2574
86.126	19.0198
86.241	20.0070
86.357	23.1557
86.472	28.6982
86.587	32.7688
86.703	39.4287
86.818	41.7359
86.933	45.7847
87.049	45.2390
87.164	46.9442
87.279	47.9484
87.394	46.8729
87.510	40.5717
87.625	35.4055
87.740	30.9889
87.856	29.1500
87.971	21.0581
88.086	17.4021
88.201	15.8002
88.317	17.3638
88.432	15.5199
88.547	13.5324
88.663	14.5087
88.778	14.5643
88.893	14.1048
89.009	12.6837
89.124	13.3736
89.239	13.1403
89.354	12.1277
89.470	13.4856
89.585	13.0607
89.700	13.9152
89.816	15.2643
89.931	14.0076
90.046	16.0676
90.161	18.6557
90.277	19.8221
90.392	25.1745
90.507	27.3128
90.623	30.6118
90.738	36.1542
90.853	35.0948
90.969	36.2189
91.084	33.8982
91.199	32.8399
91.314	31.1233
91.430	27.0344
91.545	26.3492
91.660	25.1156
91.776	29.2807
91.891	25.9455
92.006	23.0121
92.122	23.2735
92.237	22.8404
92.352	21.4517
92.467	23.3642
92.583	23.4214
92.698	25.8966
92.813	22.9031
92.929	22.7850
93.044	24.3300
93.159	22.2636
93.274	21.5716
93.390	24.2942
93.505	26.2812
93.620	25.8909
93.736	24.1341
93.851	24.4976
93.966	26.0293
94.082	24.3529
94.197	24.4265
94.312	24.6738
94.427	22.8721
94.543	21.1559
94.658	21.7101
94.773	25.3109
94.889	25.9442
95.004	25.7407
95.119	25.7016
95.235	27.7072
95.350	31.7693
95.465	31.6462
95.580	37.0470
95.696	38.3648
95.811	35.6887
95.926	36.0179
96.042	35.5896
96.157	28.2587
96.272	24.6804
96.387	20.2554
96.503	17.7600
96.618	16.7315
96.733	15.9057
96.849	13.6949
96.964	13.5290
97.079	12.5160
97.195	12.4088
97.310	12.3760
97.425	13.3770
97.540	13.9132
97.656	12.8076
97.771	13.2335
97.886	14.5630
98.002	16.5552
98.117	17.5681
98.232	20.9884
98.348	25.1333
98.463	34.2909
98.578	52.0967
98.693	65.2618
98.809	80.2376
98.924	81.9961
99.039	92.0768
99.155	89.5402
99.270	78.7162
99.385	76.6382
99.500	57.5908
99.616	46.8005
99.731	35.0941
99.846	26.7652
99.962	23.1010
100.077	23.0700
100.192	17.2780
100.308	14.5748
100.423	13.7711
100.538	13.6636
100.653	13.7645
100.769	13.2174
100.884	13.0000
100.999	12.9078
101.115	12.1191
101.230	12.1293
101.345	12.5374
101.461	12.3955
101.576	13.0007
101.691	13.4966
101.806	15.0598
101.922	17.2470
102.037	19.4871
102.152	22.5574
102.268	30.6821
102.383	39.8711
102.498	44.8984
102.613	46.2449
102.729	51.9030
102.844	56.3504
102.959	51.0785
103.075	50.0841
103.190	48.5926
103.305	41.3559
103.421	37.3467
103.536	29.2985
103.651	25.7776
103.766	23.6486
103.882	21.4255
103.997	19.0036
104.112	16.1559
104.228	15.3182
104.343	15.5103
104.458	14.7278
104.574	14.5519
104.689	13.4325
104.804	12.7740
104.919	13.2606
105.035	13.0194
105.150	14.3656
105.265	14.5704
105.381	15.4829
105.496	15.1900
105.611	18.1456
105.726	21.1906
105.842	27.6768
105.957	32.4612
106.072	35.6026
106.188	47.1860
106.303	48.1122
106.418	44.2061
106.534	40.2700
106.649	37.7662
106.764	35.7199
106.879	32.3562
106.995	32.7408
107.110	28.8644
107.225	25.7247
107.341	25.2898
107.456	21.7379
107.571	20.3210
107.686	18.2738
107.802	14.6297
107.917	14.7782
108.032	13.3226
108.148	14.0764
108.263	14.9728
108.378	13.1080
108.494	14.3167
108.609	14.3185
108.724	14.7615
108.839	14.0936
108.955	14.0000
109.070	14.6225
109.185	16.1243
109.301	16.7193
109.416	16.4610
109.531	19.9172
109.647	22.8037
109.762	27.0318
109.877	29.0155
109.992	39.5089
110.108	50.8125
110.223	58.8746
110.338	66.6268
110.454	65.1216
110.569	63.9065
110.684	55.9589
110.799	50.4032
110.915	41.1126
111.030	32.8914
111.145	25.1373
111.261	20.1539
111.376	18.6141
111.491	15.8612
111.607	14.8890
111.722	13.3012
111.837	12.5476
111.952	12.0000
112.068	12.0000
112.183	11.5013
112.298	11.9980
112.414	12.0000
112.529	12.7959
112.644	13.6258
112.760	13.0072
112.875	13.7312
112.990	12.7173
113.105	12.1347
113.221	13.7056
113.336	15.3868
113.451	18.1068
113.567	19.5718
113.682	20.5786
113.797	25.2880
113.912	29.2157
114.028	38.6687
114.143	43.9326
114.258	37.1429
114.374	42.8849
114.489	48.6409
114.604	46.4170
114.720	43.6579
114.835	46.5401
114.950	40.1702
115.065	32.4516
115.181	25.9127
115.296	29.5226
115.411	19.1882
115.527	17.3419
115.642	14.7877
115.757	14.7434
115.873	14.0178
115.988	13.7928
116.103	13.0994
116.218	13.2608
116.334	12.8163
116.449	12.9193
116.564	13.2832
116.680	13.1234
116.795	12.9656
116.910	13.6979
117.025	14.6769
117.141	15.9742
117.256	17.9336
117.371	23.9512
117.487	29.1154
117.602	36.5603
117.717	43.3891
117.833	50.7192
117.948	59.9070
118.063	60.4409
118.178	56.3322
118.294	54.9949
118.409	55.7998
118.524	49.3284
118.640	40.9321
118.755	34.8052
118.870	30.1816
118.986	25.9909
119.101	21.5224
119.216	19.0361
119.331	19.5671
119.447	17.1860
119.562	15.3310
119.677	14.7323
119.793	15.2228
119.908	13.7124
120.023	14.0572
120.138	14.7165
120.254	14.7311
120.369	14.0508
120.484	14.8178
120.600	17.4663
120.715	16.1833
120.830	17.3543
120.946	16.4211
121.061	21.7967
121.176	20.4346
121.291	21.6879
121.407	21.4215
121.522	26.3639
121.637	29.6983
121.753	41.4807
121.868	43.2645
121.983	45.7429
122.098	51.1042
122.214	56.5754
122.329	49.8611
122.444	43.8344
122.560	36.0000