Distance_(microns)	Gray_Value
0.000	106.000
0.104	118.616
0.208	140.041
0.311	158.030
0.415	187.661
0.519	201.729
0.623	210.874
0.726	215.142
0.830	206.609
0.934	204.600
1.038	180.209
1.142	149.363
1.245	127.932
1.349	96.055
1.453	93.069
1.557	92.231
1.661	104.318
1.764	94.459
1.868	93.268
1.972	92.828
2.076	97.120
2.179	122.853
2.283	134.554
2.387	157.918
2.491	162.810
2.595	179.753
2.698	193.996
2.802	201.368
2.906	204.651
3.010	223.381
3.113	197.229
3.217	184.069
3.321	172.576
3.425	146.403
3.529	123.725
3.632	93.714
3.736	85.155
3.840	89.172
3.944	81.111
4.048	93.039
4.151	107.215
4.255	115.203
4.359	122.266
4.463	112.271
4.566	121.511
4.670	154.592
4.774	181.025
4.878	214.030
4.982	222.295
5.085	236.172
5.189	234.881
5.293	238.083
5.397	211.972
5.501	203.040
5.604	209.106
5.708	182.015
5.812	140.189
5.916	135.274
6.019	92.968
6.123	85.025
6.227	72.113
6.331	68.352
6.435	92.733
6.538	89.860
6.642	87.014
6.746	111.894
6.850	138.565
6.953	139.176
7.057	161.711
7.161	182.527
7.265	197.553
7.369	212.489
7.472	210.901
7.576	204.084
7.680	200.973
7.784	170.032
7.888	162.471
7.991	133.226
8.095	122.420
8.199	111.402
8.303	99.852
8.406	96.182
8.510	103.055
8.614	113.156
8.718	121.941
8.822	122.030
8.925	153.014
9.029	121.770
9.133	109.400
9.237	104.317
9.340	96.678
9.444	106.419
9.548	96.287
9.652	94.925
9.756	105.845
9.859	93.793
9.963	113.065
10.067	115.151
10.171	122.897
10.275	144.159
10.378	173.899
10.482	160.503
10.586	197.083
10.690	220.811
10.793	206.659
10.897	197.422
11.001	200.450
11.105	190.117
11.209	160.581
11.312	153.532
11.416	143.194
11.520	115.612
11.624	92.995
11.728	78.835
11.831	63.761
11.935	68.121
12.039	59.016
12.143	60.387
12.246	67.895
12.350	80.400
12.454	88.296
12.558	102.003
12.662	110.051
12.765	126.706
12.869	145.639
12.973	169.337
13.077	183.091
13.180	211.091
13.284	206.000
13.388	221.505
13.492	229.720
13.596	237.146
13.699	241.649
13.803	243.166
13.907	236.214
14.011	231.726
14.115	231.856
14.218	218.730
14.322	192.803
14.426	157.274
14.530	148.665
14.633	124.638
14.737	96.173
14.841	71.824
14.945	58.425
15.049	55.091
15.152	57.644
15.256	48.380
15.360	57.776
15.464	63.252
15.567	75.414
15.671	93.812
15.775	124.435
15.879	151.458
15.983	176.524
16.086	206.071
16.190	216.033
16.294	211.759
16.398	224.891
16.502	222.712
16.605	211.406
16.709	196.829
16.813	171.637
16.917	139.657
17.020	130.227
17.124	122.585
17.228	110.812
17.332	106.200
17.436	92.680
17.539	101.690
17.643	106.233
17.747	114.660
17.851	129.560
17.954	166.817
18.058	157.821
18.162	167.334
18.266	168.623
18.370	155.509
18.473	147.491
18.577	137.303
18.681	137.378
18.785	130.403
18.889	139.869
18.992	130.205
19.096	159.200
19.200	171.164
19.304	194.573
19.407	203.436
19.511	230.611
19.615	229.162
19.719	223.744
19.823	233.139
19.926	222.573
20.030	198.693
20.134	168.563
20.238	126.646
20.342	93.087
20.445	97.056
20.549	73.812
20.653	67.100
20.757	64.341
20.860	73.267
20.964	69.295
21.068	85.212
21.172	99.366
21.276	130.533
21.379	178.021
21.483	195.544
21.587	231.300
21.691	241.476
21.794	246.305
21.898	254.907
22.002	254.430
22.106	251.450
22.210	247.233
22.313	238.864
22.417	229.562
22.521	205.061
22.625	172.543
22.729	141.427
22.832	110.505
22.936	75.540
23.040	81.222
23.144	64.780
23.247	77.384
23.351	97.229
23.455	125.158
23.559	143.261
23.663	175.883
23.766	207.429
23.870	237.216
23.974	248.388
24.078	252.683
24.181	253.915
24.285	251.564
24.389	250.168
24.493	240.255
24.597	217.253
24.700	202.992
24.804	161.518
24.908	127.846
25.012	111.831
25.116	109.440
25.219	99.143
25.323	91.354
25.427	77.671
25.531	86.371
25.634	107.002
25.738	122.491
25.842	140.338
25.946	156.156
26.050	163.435
26.153	184.177
26.257	202.030
26.361	212.872
26.465	192.055
26.569	201.753
26.672	190.895
26.776	197.390
26.880	199.574
26.984	192.791
27.087	185.525
27.191	165.255
27.295	170.714
27.399	161.516
27.503	130.949
27.606	121.630
27.710	117.536
27.814	124.296
27.918	132.110
28.021	125.407
28.125	124.556
28.229	109.049
28.333	108.169
28.437	105.645
28.540	92.346
28.644	103.613
28.748	111.618
28.852	130.174
28.956	141.883
29.059	177.706
29.163	191.633
29.267	201.329
29.371	217.416
29.474	235.234
29.578	227.878
29.682	234.164
29.786	235.848
29.890	235.158
29.993	225.948
30.097	196.904
30.201	173.950
30.305	160.211
30.408	141.423
30.512	109.151
30.616	102.369
30.720	87.419
30.824	70.446
30.927	76.065
31.031	86.254
31.135	92.045
31.239	100.995
31.343	115.788
31.446	137.045
31.550	154.289
31.654	162.066
31.758	183.815
31.861	195.293
31.965	216.411
32.069	243.315
32.173	232.300
32.277	227.383
32.380	213.642
32.484	195.016
32.588	190.860
32.692	166.160
32.796	127.731
32.899	110.015
33.003	88.464
33.107	61.348
33.211	60.304
33.314	66.432
33.418	77.667
33.522	91.370
33.626	121.900
33.730	138.008
33.833	168.397
33.937	190.958
34.041	213.778
34.145	191.667
34.248	194.068
34.352	193.282
34.456	186.559
34.560	165.595
34.664	134.721
34.767	121.001
34.871	112.963
34.975	98.264
35.079	79.219
35.183	68.908
35.286	66.513
35.390	65.242
35.494	73.877
35.598	73.177
35.701	80.032
35.805	97.955
35.909	123.474
36.013	147.641
36.117	170.315
36.220	203.646
36.324	207.454
36.428	221.979
36.532	231.540
36.635	215.414
36.739	211.244
36.843	203.497
36.947	184.603
37.051	150.467
37.154	130.021
37.258	100.654
37.362	99.203
37.466	81.071
37.570	74.779
37.673	86.034
37.777	85.846
37.881	90.319
37.985	99.623
38.088	117.962
38.192	131.427
38.296	141.946
38.400	158.529
38.504	150.331
38.607	171.799
38.711	169.144
38.815	169.795
38.919	165.760
39.022	151.161
39.126	117.481
39.230	100.186
39.334	96.723
39.438	79.101
39.541	61.719
39.645	75.335
39.749	76.941
39.853	80.338
39.957	89.047
40.060	99.740
40.164	104.697
40.268	126.765
40.372	141.694
40.475	149.179
40.579	139.943
40.683	157.169
40.787	159.188
40.891	145.117
40.994	145.804
41.098	127.185
41.202	101.649
41.306	107.765
41.410	87.860
41.513	63.305
41.617	60.334
41.721	56.711
41.825	63.462
41.928	64.974
42.032	71.187
42.136	79.464
42.240	83.498
42.344	96.218
42.447	92.144
42.551	110.173
42.655	111.886
42.759	111.834
42.862	124.363
42.966	126.032
43.070	141.908
43.174	140.546
43.278	164.453
43.381	168.436
43.485	152.216
43.589	171.712
43.693	158.968
43.797	152.771
43.900	146.783
44.004	131.013
44.108	137.497
44.212	138.104
44.315	129.394
44.419	123.934
44.523	107.203
44.627	112.854
44.731	113.490
44.834	113.447
44.938	87.087
45.042	69.141
45.146	61.444
45.249	59.921
45.353	57.960
45.457	58.181
45.561	61.530
45.665	77.387
45.768	76.457
45.872	84.808
45.976	106.051
46.080	119.714
46.184	149.554
46.287	164.522
46.391	179.536
46.495	209.506
46.599	191.587
46.702	191.610
46.806	176.761
46.910	165.399
47.014	139.356
47.118	131.964
47.221	113.443
47.325	86.622
47.429	75.711
47.533	68.780
47.637	59.159
47.740	52.996
47.844	52.191
47.948	64.579
48.052	67.910
48.155	108.792
48.259	135.353
48.363	147.567
48.467	152.964
48.571	162.955
48.674	158.652
48.778	144.944
48.882	155.650
48.986	158.816
49.089	174.263
49.193	170.115
49.297	147.957
49.401	154.707
49.505	144.061
49.608	127.855
49.712	118.732
49.816	110.420
49.920	138.227
50.024	141.146
50.127	148.226
50.231	125.794
50.335	160.940
50.439	140.349
50.542	126.432
50.646	120.566
50.750	117.094
50.854	130.747
50.958	123.937
51.061	148.131
51.165	128.744
51.269	129.226
51.373	142.558
51.476	165.857
51.580	171.221
51.684	159.639
51.788	151.543
51.892	127.662
51.995	122.408
52.099	101.066
52.203	100.217
52.307	113.210
52.411	106.902
52.514	96.546
52.618	103.882
52.722	91.066
52.826	76.719
52.929	75.490
53.033	83.313
53.137	82.164
53.241	81.211
53.345	96.197
53.448	117.014
53.552	136.287
53.656	137.630
53.760	121.332
53.863	125.927
53.967	134.353
54.071	147.652
54.175	164.491
54.279	154.913
54.382	160.555
54.486	149.390
54.590	143.528
54.694	147.742
54.798	124.358
54.901	123.108
55.005	121.333
55.109	108.657
55.213	93.176
55.316	97.330
55.420	100.040
55.524	84.515
55.628	91.164
55.732	98.058
55.835	107.279
55.939	97.984
56.043	107.076
56.147	130.726
56.251	137.047
56.354	162.004
56.458	184.325
56.562	172.920
56.666	143.715
56.769	144.533
56.873	117.841
56.977	116.539
57.081	117.714
57.185	130.350
57.288	144.557
57.392	149.550
57.496	155.152
57.600	174.037
57.703	146.727
57.807	173.690
57.911	148.198
58.015	140.655
58.119	142.002
58.222	126.036
58.326	101.387
58.430	108.101
58.534	93.584
58.638	74.497
58.741	73.449
58.845	70.940
58.949	78.465
59.053	84.330
59.156	91.246
59.260	103.929
59.364	99.974
59.468	115.619
59.572	133.635
59.675	142.724
59.779	158.154
59.883	159.956
59.987	160.794
60.090	166.088
60.194	158.370
60.298	172.417
60.402	157.051
60.506	141.568
60.609	128.642
60.713	102.033
60.817	94.999
60.921	87.630
61.025	82.627
61.128	72.394
61.232	77.243
61.336	94.460
61.440	101.542
61.543	118.996
61.647	136.828
61.751	183.736
61.855	192.660
61.959	210.673
62.062	234.374
62.166	237.054
62.270	235.374
62.374	234.428
62.478	213.453
62.581	212.979
62.685	193.142
62.789	172.966
62.893	152.046
62.996	102.424
63.100	84.443
63.204	83.440
63.308	74.056
63.412	58.666
63.515	67.063
63.619	84.284
63.723	105.153
63.827	110.896
63.930	145.759
64.034	183.852
64.138	201.029
64.242	214.230
64.346	219.734
64.449	229.260
64.553	229.728
64.657	245.216
64.761	245.755
64.865	251.036
64.968	245.158
65.072	241.659
65.176	229.943
65.280	209.785
65.383	194.114
65.487	154.418
65.591	141.507
65.695	124.671
65.799	99.016
65.902	86.702
66.006	73.856
66.110	50.772
66.214	55.717
66.317	54.008
66.421	58.141
66.525	79.757
66.629	99.596
66.733	133.474
66.836	157.799
66.940	184.230
67.044	201.757
67.148	221.023
67.252	213.555
67.355	214.804
67.459	213.861
67.563	223.879
67.667	226.391
67.770	212.851
67.874	207.718
67.978	206.664
68.082	218.301
68.186	230.176
68.289	218.150
68.393	220.501
68.497	214.392
68.601	188.237
68.704	161.270
68.808	150.716
68.912	127.390
69.016	101.015
69.120	88.242
69.223	81.496
69.327	84.632
69.431	84.976
69.535	97.018
69.639	110.692
69.742	130.112
69.846	137.853
69.950	154.333
70.054	141.807
70.157	148.851
70.261	176.670
70.365	200.527
70.469	213.591
70.573	215.624
70.676	225.789
70.780	203.385
70.884	202.326
70.988	206.298
71.092	193.058
71.195	152.169
71.299	117.187
71.403	118.397
71.507	94.857
71.610	88.098
71.714	87.500
71.818	86.909
71.922	97.424
72.026	130.973
72.129	158.096
72.233	187.756
72.337	210.455
72.441	203.138
72.544	194.071
72.648	206.836
72.752	205.581
72.856	197.146
72.960	220.703
73.063	196.302
73.167	183.348
73.271	183.976
73.375	161.322
73.479	138.123
73.582	99.929
73.686	99.667
73.790	78.383
73.894	61.043
73.997	50.071
74.101	53.488
74.205	41.964
74.309	58.087
74.413	73.255
74.516	93.041
74.620	106.518
74.724	131.173
74.828	159.173
74.931	183.633
75.035	207.829
75.139	227.198
75.243	204.170
75.347	205.934
75.450	212.847
75.554	205.768
75.658	206.377
75.762	184.394
75.866	176.201
75.969	151.881
76.073	144.019
76.177	140.556
76.281	126.652
76.384	120.086
76.488	113.922
76.592	118.951
76.696	130.015
76.800	125.312
76.903	139.109
77.007	153.803
77.111	161.014
77.215	166.823
77.319	167.890
77.422	175.885
77.526	177.713
77.630	176.917
77.734	187.976
77.837	188.606
77.941	170.471
78.045	161.004
78.149	158.482
78.253	167.116
78.356	130.638
78.460	121.788
78.564	104.979
78.668	92.533
78.771	84.138
78.875	63.694
78.979	78.754
79.083	67.793
79.187	60.186
79.290	61.687
79.394	68.408
79.498	101.168
79.602	110.012
79.706	132.406
79.809	147.551
79.913	143.387
80.017	161.624
80.121	184.544
80.224	184.780
80.328	173.397
80.432	173.028
80.536	153.831
80.640	144.839
80.743	154.629
80.847	145.057
80.951	130.325
81.055	128.029
81.158	138.017
81.262	143.869
81.366	158.482
81.470	163.736
81.574	174.416
81.677	198.786
81.781	192.751
81.885	198.533
81.989	200.789
82.093	213.216
82.196	190.117
82.300	168.236
82.404	152.970
82.508	126.159
82.611	100.808
82.715	75.893
82.819	67.812
82.923	61.790
83.027	64.021
83.130	65.768
83.234	80.905
83.338	92.511
83.442	111.657
83.546	117.685
83.649	164.782
83.753	197.416
83.857	223.270
83.961	230.102
84.064	233.063
84.168	223.151
84.272	228.865
84.376	224.566
84.480	218.041
84.583	209.485
84.687	189.422
84.791	157.405
84.895	121.458
84.998	111.060
85.102	80.837
85.206	69.358
85.310	58.231
85.414	65.930
85.517	61.074
85.621	59.763
85.725	72.081
85.829	87.089
85.933	105.441
86.036	120.704
86.140	119.208
86.244	153.197
86.348	179.450
86.451	200.435
86.555	212.917
86.659	229.125
86.763	236.832
86.867	248.953
86.970	252.383
87.074	249.156
87.178	245.461
87.282	247.511
87.385	225.587
87.489	200.614
87.593	188.553
87.697	163.119
87.801	142.759
87.904	109.897
88.008	93.811
88.112	78.178
88.216	70.563
88.320	67.465
88.423	88.335
88.527	117.964
88.631	131.853
88.735	156.717
88.838	189.199
88.942	215.975
89.046	242.230
89.150	245.480
89.254	244.723
89.357	244.757
89.461	237.039
89.565	208.744
89.669	204.406
89.772	186.304
89.876	155.241
89.980	114.977
90.084	108.304
90.188	101.942
90.291	94.227
90.395	98.585
90.499	119.667
90.603	115.931
90.707	128.263
90.810	169.085
90.914	200.928
91.018	217.740
91.122	226.064
91.225	221.549
91.329	204.018
91.433	203.577
91.537	166.352
91.641	149.193
91.744	130.674
91.848	102.076
91.952	93.560
92.056	89.609
92.160	87.109
92.263	94.916
92.367	99.632
92.471	117.076
92.575	135.423
92.678	149.344
92.782	172.095
92.886	169.863
92.990	182.363
93.094	168.193
93.197	181.437
93.301	177.359
93.405	189.867
93.509	204.957
93.612	214.808
93.716	211.415
93.820	207.908
93.924	204.438
94.028	205.115
94.131	203.616
94.235	186.134
94.339	187.909
94.443	191.143
94.547	179.906
94.650	180.949
94.754	177.068
94.858	159.950
94.962	147.512
95.065	153.807
95.169	141.825
95.273	136.048
95.377	117.720
95.481	104.362
95.584	99.174
95.688	85.844
95.792	69.659
95.896	57.230
95.999	51.801
96.103	44.755
96.207	42.680
96.311	42.712
96.415	38.338
96.518	38.646
96.622	46.807
96.726	47.239
96.830	45.574
96.934	48.658
97.037	48.248
97.141	64.026
97.245	75.204
97.349	89.272
97.452	93.476
97.556	90.204
97.660	99.108
97.764	97.662
97.868	106.525
97.971	96.879
98.075	91.756
98.179	83.079
98.283	79.185
98.387	77.009
98.490	90.425
98.594	88.209
98.698	87.947
98.802	85.990
98.905	88.845
99.009	75.470
99.113	69.174
99.217	56.021
99.321	49.205
99.424	50.639
99.528	67.168
99.632	74.096
99.736	81.393
99.839	97.372
99.943	99.878
100.047	109.508
100.151	112.258
100.255	128.006
100.358	126.270
100.462	122.630
100.566	140.479
100.670	139.210
100.774	114.082
100.877	104.804
100.981	103.126
101.085	67.055
101.189	61.005
101.292	47.728
101.396	38.083
101.500	34.652
101.604	29.536
101.708	33.702
101.811	29.902
101.915	28.942
102.019	31.470
102.123	40.342
102.226	46.805
102.330	57.843
102.434	68.708
102.538	89.881
102.642	100.095
102.745	126.605
102.849	134.625
102.953	147.939
103.057	168.302
103.161	156.791
103.264	136.848
103.368	130.980
103.472	105.301
103.576	81.436
103.679	67.923
103.783	54.285
103.887	45.597
103.991	38.206
104.095	34.447
104.198	46.670
104.302	54.657
104.406	67.278
104.510	81.241
104.613	92.425
104.717	100.079
104.821	117.517
104.925	103.885
105.029	100.526
105.132	84.449
105.236	73.639
105.340	56.288
105.444	66.338
105.548	65.245
105.651	64.853
105.755	75.933
105.859	86.637
105.963	93.528
106.066	97.212
106.170	93.719
106.274	89.963
106.378	77.186
106.482	83.990
106.585	87.708
106.689	83.694
106.793	98.024
106.897	98.662
107.001	93.865
107.104	93.907
107.208	95.407
107.312	72.642
107.416	68.615
107.519	71.235
107.623	78.904
107.727	86.511
107.831	83.208
107.935	76.872
108.038	68.171
108.142	68.697
108.246	67.465
108.350	50.333
108.453	51.046
108.557	38.050
108.661	38.550
108.765	35.288
108.869	42.358
108.972	56.892
109.076	58.509
109.180	67.196
109.284	72.161
109.388	87.788
109.491	97.505
109.595	117.601
109.699	133.830
109.803	127.237
109.906	131.175
110.010	110.372
110.114	88.676
110.218	82.120
110.322	71.320
110.425	62.757
110.529	48.120
110.633	50.331
110.737	47.154
110.840	49.435
110.944	44.956
111.048	40.897
111.152	56.583
111.256	72.371
111.359	78.747
111.463	88.615
111.567	85.997
111.671	98.012
111.775	125.345
111.878	138.136
111.982	136.193
112.086	117.051
112.190	98.025
112.293	75.368
112.397	67.266
112.501	40.600
112.605	36.102
112.709	37.896
112.812	32.756
112.916	30.714
113.020	30.772
113.124	44.747
113.228	36.759
113.331	40.100
113.435	42.185
113.539	45.329
113.643	69.837
113.746	85.850
113.850	93.369
113.954	129.335
114.058	147.278
114.162	154.983
114.265	135.961
114.369	143.491
114.473	133.130
114.577	125.695
114.680	101.499
114.784	89.374
114.888	61.801
114.992	49.530
115.096	43.607
115.199	41.224
115.303	33.413
115.407	30.235
115.511	30.448
115.615	29.609
115.718	29.019
115.822	33.848
115.926	30.263
116.030	32.657
116.133	33.942
116.237	35.572
116.341	40.959
116.445	48.588
116.549	50.516
116.652	49.242
116.756	46.847
116.860	58.728
116.964	75.963
117.067	73.723
117.171	73.953
117.275	60.850
117.379	73.760
117.483	66.346
117.586	55.185
117.690	50.456
117.794	44.637
117.898	39.213
118.002	39.222
118.105	37.511
118.209	37.654
118.313	43.393
118.417	46.735
118.520	54.397
118.624	64.160
118.728	74.493
118.832	79.087
118.936	85.779
119.039	85.092
119.143	98.675
119.247	89.993
119.351	96.238
119.454	78.154
119.558	67.898
119.662	59.587
119.766	50.196
119.870	40.782
119.973	38.562
120.077	34.849
120.181	31.735
120.285	27.605
120.389	28.613
120.492	27.802
120.596	31.370
120.700	37.719
120.804	40.947
120.907	38.715
121.011	44.086
121.115	65.639
121.219	65.724
121.323	62.689
121.426	78.409
121.530	83.132
121.634	75.407
121.738	76.890
121.842	75.837
121.945	73.395
122.049	84.955
122.153	64.073
122.257	68.637
122.360	67.391
122.464	69.262
122.568	62.014
122.672	59.038
122.776	57.345
122.879	60.580
122.983	54.119
123.087	50.884
123.191	40.047
123.294	37.013
123.398	38.943
123.502	41.063
123.606	45.398
123.710	43.211
123.813	49.157
123.917	55.106
124.021	61.229
124.125	75.424
124.229	83.242
124.332	94.785
124.436	97.934
124.540	90.964
124.644	98.382
124.747	93.394
124.851	75.635
124.955	72.173
125.059	76.440
125.163	75.437
125.266	65.562
125.370	68.309
125.474	59.982
125.578	70.200
125.681	77.579
125.785	63.825
125.889	75.559
125.993	73.270
126.097	74.525
126.200	85.010
126.304	86.260
126.408	76.676
126.512	64.905
126.616	73.313
126.719	75.542
126.823	72.605
126.927	85.824
127.031	93.876
127.134	95.716
127.238	86.396
127.342	81.796
127.446	74.830
127.550	62.190
127.653	53.331
127.757	51.702
127.861	41.016
127.965	42.086
128.069	47.746
128.172	42.204
128.276	46.689
128.380	52.114
128.484	53.941
128.587	63.120
128.691	73.310
128.795	81.253
128.899	90.236
129.003	88.408
129.106	83.711
129.210	79.034
129.314	80.358
129.418	102.454
