0.000	5.0000
0.104	7.8257
0.208	9.3100
0.311	6.9102
0.415	9.4310
0.519	6.5376
0.623	6.9233
0.727	5.6811
0.831	4.9382
0.934	4.2223
1.038	3.5926
1.142	3.2460
1.246	3.4754
1.350	3.9675
1.454	4.7339
1.557	4.3041
1.661	4.0543
1.765	6.2956
1.869	6.2135
1.973	4.2389
2.077	3.9573
2.180	3.6581
2.284	4.3415
2.388	5.9240
2.492	5.8550
2.596	7.8630
2.700	11.1910
2.803	12.9536
2.907	15.7165
3.011	17.6414
3.115	16.9263
3.219	22.6868
3.323	24.0045
3.426	16.2995
3.530	13.1134
3.634	7.8473
3.738	6.0037
3.842	6.2523
3.946	4.0548
4.049	5.0510
4.153	6.9439
4.257	4.8569
4.361	4.9813
4.465	3.7278
4.569	3.2136
4.672	3.0200
4.776	4.4414
4.880	6.2321
4.984	5.4548
5.088	9.6043
5.192	7.8955
5.295	9.3753
5.399	12.1803
5.503	9.0579
5.607	8.7112
5.711	8.9258
5.815	7.9543
5.918	5.3751
6.022	3.9804
6.126	3.7355
6.230	3.9983
6.334	3.8128
6.438	3.8628
6.541	4.4813
6.645	4.4571
6.749	5.0529
6.853	5.3316
6.957	4.1590
7.061	5.8388
7.164	8.4806
7.268	10.1492
7.372	13.3850
7.476	12.5566
7.580	18.3503
7.683	20.1233
7.787	21.6961
7.891	18.3900
7.995	24.6279
8.099	13.0106
8.203	10.6847
8.306	16.1935
8.410	10.6377
8.514	6.6800
8.618	4.9535
8.722	4.8273
8.826	5.8478
8.929	6.9964
9.033	4.9793
9.137	4.0139
9.241	8.0638
9.345	7.0474
9.449	5.2184
9.552	8.7514
9.656	9.4702
9.760	8.9393
9.864	7.1472
9.968	6.8546
10.072	9.3988
10.175	10.0041
10.279	7.2831
10.383	4.9758
10.487	5.5775
10.591	4.7241
10.695	4.3181
10.798	3.5732
10.902	4.5263
11.006	5.1691
11.110	3.9857
11.214	4.4441
11.318	4.2420
11.421	4.9526
11.525	4.0376
11.629	3.0714
11.733	3.9573
11.837	3.0277
11.941	4.9699
12.044	4.0440
12.148	4.0000
12.252	5.6037
12.356	5.0397
12.460	4.1603
12.564	6.2953
12.667	7.6650
12.771	10.1352
12.875	17.1408
12.979	19.2095
13.083	16.3764
13.187	21.9010
13.290	22.2885
13.394	19.9216
13.498	18.9578
13.602	18.5588
13.706	14.7580
13.810	11.2264
13.913	7.1509
14.017	5.9449
14.121	4.9347
14.225	4.3344
14.329	5.0054
14.433	4.2864
14.536	3.2556
14.640	3.7101
14.744	4.0369
14.848	4.2695
14.952	4.0730
15.055	3.6158
15.159	3.9426
15.263	3.0290
15.367	3.9981
15.471	3.8903
15.575	3.9451
15.678	4.7411
15.782	4.8590
15.886	4.1323
15.990	3.8391
16.094	4.8303
16.198	5.2438
16.301	4.8239
16.405	6.6772
16.509	5.8880
16.613	5.1717
16.717	5.5913
16.821	7.7487
16.924	9.2302
17.028	12.8971
17.132	16.7544
17.236	19.0258
17.340	17.7462
17.444	25.0163
17.547	24.1761
17.651	19.3258
17.755	15.0727
17.859	15.5267
17.963	9.5483
18.067	7.4778
18.170	5.7363
18.274	4.6664
18.378	5.9024
18.482	4.9459
18.586	4.2672
18.690	5.0268
18.793	3.8646
18.897	5.8107
19.001	4.8336
19.105	3.6110
19.209	3.8554
19.313	3.9894
19.416	4.9178
19.520	5.3484
19.624	4.3131
19.728	5.9174
19.832	7.5852
19.936	7.1973
20.039	9.3656
20.143	11.1861
20.247	12.8146
20.351	12.6364
20.455	10.5919
20.559	13.6866
20.662	13.2202
20.766	11.5390
20.870	11.1297
20.974	6.5618
21.078	7.8080
21.182	7.0005
21.285	6.5612
21.389	5.1674
21.493	6.7664
21.597	7.3927
21.701	7.8092
21.805	4.2387
21.908	5.3696
22.012	7.3597
22.116	9.7017
22.220	5.2919
22.324	4.0892
22.427	5.5010
22.531	3.7295
22.635	3.8008
22.739	3.6776
22.843	4.5870
22.947	4.9875
23.050	5.0563
23.154	4.4516
23.258	4.3496
23.362	5.0000
23.466	5.0000
23.570	5.0000
23.673	4.9451
23.777	4.7694
23.881	4.6846
23.985	4.2701
24.089	4.5858
24.193	4.0678
24.296	5.0781
24.400	5.9216
24.504	8.4484
24.608	11.1559
24.712	8.2033
24.816	6.3915
24.919	5.0968
25.023	6.4847
25.127	7.9154
25.231	8.9717
25.335	4.8829
25.439	5.2648
25.542	4.6366
25.646	3.5746
25.750	3.7466
25.854	3.8002
25.958	3.8085
26.062	4.1183
26.165	5.1467
26.269	4.4252
26.373	4.7535
26.477	5.0316
26.581	4.7997
26.685	7.8088
26.788	7.7892
26.892	6.5235
26.996	8.2176
27.100	8.1217
27.204	9.0985
27.308	9.1096
27.411	6.9552
27.515	5.8724
27.619	4.6659
27.723	4.3112
27.827	5.5186
27.931	3.9928
28.034	3.2951
28.138	3.9270
28.242	4.4472
28.346	3.2334
28.450	3.0000
28.554	3.8100
28.657	4.5179
28.761	4.5441
28.865	4.9386
28.969	4.9729
29.073	5.2516
29.177	5.3843
29.280	5.5161
29.384	9.2127
29.488	8.9739
29.592	7.5255
29.696	7.1216
29.799	7.2133
29.903	7.6489
30.007	6.5519
30.111	5.5772
30.215	6.8733
30.319	7.6455
30.422	5.6985
30.526	6.9046
30.630	8.2472
30.734	5.3651
30.838	6.2518
30.942	5.7318
31.045	4.0000
31.149	4.0000
31.253	4.3054
31.357	7.5244
31.461	8.1464
31.565	7.3221
31.668	6.6123
31.772	7.5963
31.876	7.5770
31.980	11.3902
32.084	12.1094
32.188	11.9917
32.291	10.5353
32.395	7.5775
32.499	6.4168
32.603	7.5293
32.707	6.6283
32.811	5.7354
32.914	6.4333
33.018	6.4068
33.122	6.6745
33.226	6.7109
33.330	7.8920
33.434	4.2979
33.537	4.8624
33.641	5.3091
33.745	4.6340
33.849	4.0000
33.953	4.1374
34.057	4.3732
34.160	4.0974
34.264	5.9569
34.368	6.7043
34.472	5.5045
34.576	3.7531
34.680	12.6448
34.783	7.7893
34.887	6.3865
34.991	8.5073
35.095	5.1709
35.199	4.8151
35.303	4.6715
35.406	4.5430
35.510	4.6472
35.614	4.7339
35.718	4.1300
35.822	4.3967
35.926	4.9249
36.029	4.2196
36.133	3.5110
36.237	3.4315
36.341	4.0353
36.445	4.5433
36.549	5.3131
36.652	5.5667
36.756	5.9920
36.860	5.3743
36.964	5.7742
37.068	5.5403
37.171	5.9747
37.275	10.3803
37.379	7.4615
37.483	7.9679
37.587	8.9232
37.691	7.4052
37.794	6.3950
37.898	6.3416
38.002	4.2179
38.106	4.0599
38.210	5.2289
38.314	6.5006
38.417	5.3030
38.521	4.1916
38.625	4.1604
38.729	3.6617
38.833	4.6479
38.937	4.2637
39.040	4.1844
39.144	3.9257
39.248	4.7649
39.352	4.5006
39.456	6.7567
39.560	7.4151
39.663	7.4595
39.767	6.7063
39.871	7.1278
39.975	8.8639
40.079	9.9242
40.183	8.2543
40.286	12.0988
40.390	10.5547
40.494	11.5093
40.598	10.8409
40.702	9.7521
40.806	11.0032
40.909	7.4956
41.013	7.3502
41.117	6.1244
41.221	5.7278
41.325	6.4649
41.429	3.2527
41.532	9.7499
41.636	4.9993
41.740	4.7832
41.844	3.9018
41.948	4.8527
42.052	3.5045
42.155	3.1349
42.259	3.9729
42.363	5.8444
42.467	4.5547
42.571	5.1228
42.675	4.9926
42.778	6.1853
42.882	4.9277
42.986	6.1507
43.090	6.5480
43.194	6.5704
43.298	7.8524
43.401	7.9467
43.505	8.6931
43.609	9.5352
43.713	8.4819
43.817	7.8460
43.920	8.8466
44.024	7.4679
44.128	6.7908
44.232	6.9051
44.336	4.9970
44.440	5.2186
44.543	4.6952
44.647	4.0726
44.751	4.1013
44.855	4.4153
44.959	5.5470
45.063	6.1822
45.166	4.2099
45.270	4.1740
45.374	5.9470
45.478	5.3920
45.582	5.0075
45.686	5.1606
45.789	4.0787
45.893	4.7102
45.997	4.9312
46.101	6.5730
46.205	5.4641
46.309	8.3401
46.412	8.6695
46.516	9.0178
46.620	9.0357
46.724	12.2106
46.828	11.4115
46.932	9.7454
47.035	10.3395
47.139	8.3696
47.243	8.9658
47.347	8.0886
47.451	5.4393
47.555	5.8714
47.658	6.0936
47.762	5.6811
47.866	5.4745
47.970	4.5199
48.074	4.5979
48.178	4.5851
48.281	4.3663
48.385	4.6762
48.489	4.4835
48.593	3.7907
48.697	5.3314
48.801	5.9481
48.904	6.4871
49.008	6.4923
49.112	5.8331
49.216	5.9166
49.320	6.8214
49.424	7.3078
49.527	6.7209
49.631	6.8207
49.735	6.7076
49.839	9.0843
49.943	7.5695
50.047	7.3941
50.150	10.8508
50.254	7.7665
50.358	7.0107
50.462	6.0428
50.566	4.2423
50.670	3.0990
50.773	4.1694
50.877	4.1404
50.981	5.7872
51.085	4.5401
51.189	4.6335
51.292	5.5447
51.396	5.5973
51.500	5.5596
51.604	5.9142
51.708	6.1526
51.812	5.9766
51.915	5.8323
52.019	7.3931
52.123	9.0621
52.227	9.0604
52.331	8.1334
52.435	7.3411
52.538	6.4185
52.642	4.9451
52.746	5.2517
52.850	6.2361
52.954	5.9593
53.058	5.3306
53.161	6.8475
53.265	7.4882
53.369	6.9847
53.473	6.2998
53.577	6.3051
53.681	7.1603
53.784	7.2604
53.888	11.3928
53.992	15.8042
54.096	20.5680
54.200	20.0177
54.304	29.1383
54.407	32.7106
54.511	30.4565
54.615	21.5525
54.719	13.8985
54.823	9.0418
54.927	6.5297
55.030	5.7618
55.134	6.2379
55.238	6.0386
55.342	5.8173
55.446	6.4492
55.550	5.2907
55.653	4.9554
55.757	4.7334
55.861	5.0000
55.965	7.0938
56.069	10.2194
56.173	11.6714
56.276	16.9152
56.380	22.3003
56.484	21.0235
56.588	19.8870
56.692	16.1289
56.796	11.0768
56.899	9.7336
57.003	10.5285
57.107	6.7621
57.211	5.3291
57.315	5.3984
57.419	4.8485
57.522	3.0752
57.626	3.3648
57.730	4.2483
57.834	4.8083
57.938	3.9675
58.042	5.7648
58.145	4.2990
58.249	5.2683
58.353	4.7299
58.457	5.0019
58.561	4.4479
58.664	5.4359
58.768	5.5110
58.872	5.2181
58.976	4.7023
59.080	4.8178
59.184	5.7142
59.287	7.3919
59.391	6.5381
59.495	5.9913
59.599	5.3657
59.703	4.9729
59.807	5.2275
59.910	4.4995
60.014	5.8845
60.118	5.3047
60.222	5.0757
60.326	5.5588
60.430	4.6938
60.533	4.9954
60.637	6.7840
60.741	5.4436
60.845	4.4428
60.949	4.5925
61.053	4.4844
61.156	4.3996
61.260	4.9096
61.364	4.8940
61.468	5.4458
61.572	5.6489
61.676	4.9088
61.779	5.7316
61.883	7.2987
61.987	5.6185
62.091	10.9552
62.195	12.6516
62.299	14.7780
62.402	13.3716
62.506	19.8036
62.610	27.7598
62.714	25.4630
62.818	23.2934
62.922	20.6730
63.025	14.0830
63.129	13.3721
63.233	13.1944
63.337	9.5408
63.441	6.3501
63.545	6.1514
63.648	6.4098
63.752	5.6626
63.856	6.0055
63.960	4.9125
64.064	6.9652
64.168	7.2014
64.271	3.7181
64.375	3.9401
64.479	4.0916
64.583	5.6193
64.687	8.2714
64.791	7.3291
64.894	7.9012
64.998	11.2363
65.102	12.2183
65.206	12.1782
65.310	10.9884
65.414	9.7683
65.517	8.7784
65.621	6.5276
65.725	6.2175
65.829	6.6078
65.933	5.0000
66.036	4.8739
66.140	4.9961
66.244	4.5015
66.348	5.6788
66.452	6.7748
66.556	6.8486
66.659	8.4079
66.763	9.1648
66.867	10.6673
66.971	11.6812
67.075	11.1083
67.179	12.8956
67.282	12.2757
67.386	16.2636
67.490	21.3717
67.594	20.2155
67.698	24.8204
67.802	28.5675
67.905	26.4262
68.009	16.1294
68.113	20.8529
68.217	13.6419
68.321	15.5796
68.425	10.0154
68.528	8.0495
68.632	6.3704
68.736	5.3348
68.840	5.9475
68.944	4.6164
69.048	4.3701
69.151	4.0000
69.255	4.2301
69.359	3.9107
69.463	3.0162
69.567	4.0458
69.671	4.0869
69.774	4.0958
69.878	5.7226
69.982	7.9740
70.086	8.9888
70.190	9.4662
70.294	5.3905
70.397	8.4723
70.501	12.0581
70.605	11.7812
70.709	10.4161
70.813	12.1170
70.917	11.9572
71.020	15.5398
71.124	15.5668
71.228	11.9182
71.332	8.7745
71.436	9.9806
71.540	10.6155
71.643	6.9250
71.747	6.0261
71.851	8.4162
71.955	8.9908
72.059	9.8513
72.163	10.4749
72.266	11.5917
72.370	11.3950
72.474	11.8482
72.578	12.5512
72.682	16.4456
72.786	19.5672
72.889	21.4761
72.993	19.9981
73.097	18.9494
73.201	18.2428
73.305	18.6076
73.409	13.3877
73.512	10.8784
73.616	11.9649
73.720	10.4956
73.824	6.5681
73.928	6.7204
74.031	6.0087
74.135	6.1895
74.239	4.7873
74.343	4.9747
74.447	4.9452
74.551	4.5277
74.654	5.0059
74.758	5.1105
74.862	6.2976
74.966	8.4135
75.070	10.0461
75.174	8.5749
75.277	10.9298
75.381	10.8089
75.485	16.8695
75.589	9.0400
75.693	12.6487
75.797	15.3724
75.900	14.2655
76.004	11.5791
76.108	11.7429
76.212	10.4799
76.316	8.8713
76.420	5.3666
76.523	5.4462
76.627	5.5343
76.731	5.7515
76.835	5.8690
76.939	3.6748
77.043	3.3055
77.146	4.2219
77.250	5.0818
77.354	5.1816
77.458	4.8446
77.562	4.5513
77.666	5.9378
77.769	5.9022
77.873	6.4396
77.977	7.2511
78.081	7.9572
78.185	10.8352
78.289	9.2830
78.392	14.7090
78.496	14.8669
78.600	20.0887
78.704	27.2087
78.808	27.3604
78.912	30.5515
79.015	30.5991
79.119	34.5361
79.223	39.3993
79.327	33.2537
79.431	28.9643
79.535	29.2904
79.638	17.4925
79.742	18.3831
79.846	14.7982
79.950	15.5556
80.054	11.0623
80.158	7.8982
80.261	8.2710
80.365	6.3382
80.469	6.3314
80.573	7.3216
80.677	7.4215
80.780	6.5297
80.884	5.7831
80.988	5.9587
81.092	5.3030
81.196	5.9734
81.300	6.5355
81.403	11.9861
81.507	12.0177
81.611	17.2732
81.715	19.5269
81.819	16.8194
81.923	15.1630
82.026	14.7349
82.130	19.4358
82.234	16.3253
82.338	12.9958
82.442	10.9626
82.546	9.3456
82.649	7.1749
82.753	6.0136
82.857	4.9592
82.961	4.7798
83.065	5.0099
83.169	4.8190
83.272	4.2609
83.376	4.7631
83.480	4.8280
83.584	5.2846
83.688	6.2050
83.792	5.9907
83.895	8.1499
83.999	10.0118
84.103	10.0943
84.207	11.4739
84.311	19.3514
84.415	19.1447
84.518	22.3765
84.622	24.6746
84.726	24.9217
84.830	22.5041
84.934	25.7343
85.038	22.3620
85.141	18.1394
85.245	14.1712
85.349	12.3584
85.453	8.8661
85.557	10.0137
85.661	8.4954
85.764	6.4700
85.868	5.9882
85.972	7.2214
86.076	4.9741
86.180	4.9843
86.284	5.0023
86.387	4.2953
86.491	6.4260
86.595	4.6830
86.699	3.7531
86.803	4.8881
86.907	4.2580
87.010	4.7490
87.114	5.5778
87.218	5.5597
87.322	5.9039
87.426	5.0034
87.530	5.9272
87.633	9.1482
87.737	10.0121
87.841	11.4899
87.945	12.9356
88.049	16.1908
88.152	20.3076
88.256	22.4764
88.360	28.6387
88.464	28.3111
88.568	30.8813
88.672	40.0888
88.775	33.0452
88.879	37.8616
88.983	33.9033
89.087	32.9116
89.191	30.5955
89.295	31.7045
89.398	27.0937
89.502	23.8875
89.606	17.4315
89.710	17.3770
89.814	13.6900
89.918	7.8214
90.021	6.7847
90.125	6.4099
90.229	6.9884
90.333	6.9132
90.437	5.4609
90.541	5.8128
90.644	6.1905
90.748	5.9450
90.852	5.4955
90.956	5.3052
91.060	4.2933
91.164	4.9230
91.267	5.0000
91.371	5.8369
91.475	5.2021
91.579	6.2279
91.683	5.0168
91.787	8.7228
91.890	11.0592
91.994	15.2815
92.098	15.0044
92.202	15.2366
92.306	17.7486
92.410	21.4343
92.513	27.5516
92.617	26.0859
92.721	26.4826
92.825	24.0934
92.929	15.9830
93.033	14.3757
93.136	13.8972
93.240	15.5049
93.344	9.0477
93.448	9.7907
93.552	9.7366
93.656	7.6424
93.759	10.8794
93.863	5.4775
93.967	9.3793
94.071	7.1516
94.175	7.0359
94.279	5.9831
94.382	6.6032
94.486	6.5558
94.590	6.5075
94.694	8.4578
94.798	10.6291
94.902	14.7692
95.005	17.9088
95.109	17.4023
95.213	16.6890
95.317	12.5970
95.421	11.0743
95.524	13.1173
95.628	14.9820
95.732	14.5948
95.836	12.9725
95.940	9.0793
96.044	9.9273
96.147	8.9464
96.251	7.4433
96.355	6.9073
96.459	5.4492
96.563	5.8703
96.667	6.5017
96.770	4.5842
96.874	6.4764
96.978	6.7089
97.082	5.1401
97.186	5.5227
97.290	5.5077
97.393	5.8174
97.497	5.8871
97.601	6.4152
97.705	6.3466
97.809	7.4455
97.913	7.1172
98.016	7.4287
98.120	11.7497
98.224	10.4745
98.328	15.3548
98.432	7.9450
98.536	6.7872
98.639	9.5275
98.743	5.7026
98.847	4.5365
98.951	4.8012
99.055	5.7046
99.159	5.0406
99.262	4.7036
99.366	4.4460
99.470	4.0812
99.574	4.4989
99.678	5.3603
99.782	5.2586
99.885	6.3402
99.989	6.4208
100.093	6.0228
100.197	7.8475
100.301	6.6957
100.405	8.0029
100.508	11.8246
100.612	12.8167
100.716	14.2596
100.820	15.5353
100.924	19.9208
101.028	20.4773
101.131	26.8761
101.235	24.8900
101.339	26.0054
101.443	26.5051
101.547	27.2237
101.651	21.7377
101.754	16.6031
101.858	13.0521
101.962	11.5551
102.066	9.9128
102.170	8.5010
102.274	7.6538
102.377	5.9694
102.481	7.6974
102.585	9.8017
102.689	4.8458
102.793	4.0610
102.896	3.9468
103.000	5.0091
103.104	4.7170
103.208	6.0750
103.312	6.3284
103.416	4.1706
103.519	5.0792
103.623	5.4021
103.727	5.8809
103.831	5.0273
103.935	8.3655
104.039	6.8937
104.142	5.4678
104.246	5.1200
104.350	5.0128
104.454	4.4703
104.558	6.2548
104.662	6.2640
104.765	6.1034
104.869	6.4762
104.973	6.8074
105.077	6.5063
105.181	5.2398
105.285	4.9483
105.388	4.6316
105.492	4.4251
105.596	4.4457
105.700	6.6573
105.804	8.4162
105.908	6.9043
106.011	6.6267
106.115	6.1136
106.219	4.9980
106.323	5.0555
106.427	5.8734
106.531	7.0764
106.634	7.5906
106.738	8.1952
106.842	10.0349
106.946	9.6297
107.050	8.7411
107.154	8.5785
107.257	9.3619
107.361	9.9198
107.465	11.1888
107.569	12.6203
107.673	12.4539
107.777	14.8205
107.880	12.8767
107.984	14.6505
108.088	14.2402
108.192	13.6736
108.296	13.1496
108.400	12.3757
108.503	14.0000