0.0000	38.000
0.1037	56.671
0.2075	64.709
0.3112	79.039
0.4150	90.910
0.5187	82.259
0.6225	80.632
0.7262	78.473
0.8300	65.475
0.9337	68.434
1.0375	55.170
1.1412	31.876
1.2450	21.301
1.3487	14.215
1.4525	12.709
1.5562	9.952
1.6600	7.241
1.7637	6.654
1.8675	5.461
1.9712	5.133
2.0750	5.582
2.1787	5.264
2.2824	5.000
2.3862	5.430
2.4899	5.903
2.5937	5.493
2.6974	6.247
2.8012	6.555
2.9049	6.571
3.0087	7.906
3.1124	11.891
3.2162	13.069
3.3199	16.285
3.4237	22.446
3.5274	30.223
3.6312	42.799
3.7349	43.399
3.8387	60.311
3.9424	61.635
4.0462	71.197
4.1499	69.173
4.2537	61.880
4.3574	57.441
4.4611	53.459
4.5649	37.126
4.6686	27.289
4.7724	21.362
4.8761	17.842
4.9799	11.537
5.0836	9.195
5.1874	8.498
5.2911	7.753
5.3949	7.994
5.4986	10.197
5.6024	12.211
5.7061	13.124
5.8099	16.422
5.9136	21.781
6.0174	27.451
6.1211	32.209
6.2249	36.721
6.3286	42.089
6.4324	46.928
6.5361	54.797
6.6398	57.569
6.7436	49.282
6.8473	46.564
6.9511	47.574
7.0548	43.618
7.1586	39.564
7.2623	35.832
7.3661	35.324
7.4698	28.774
7.5736	18.234
7.6773	20.164
7.7811	16.098
7.8848	13.560
7.9886	18.742
8.0923	22.260
8.1961	18.450
8.2998	20.475
8.4036	13.778
8.5073	13.413
8.6111	15.280
8.7148	15.760
8.8185	16.680
8.9223	23.151
9.0260	27.677
9.1298	31.521
9.2335	32.470
9.3373	38.447
9.4410	38.457
9.5448	44.424
9.6485	53.531
9.7523	57.450
9.8560	62.654
9.9598	63.767
10.0635	62.442
10.1673	62.537
10.2710	56.871
10.3748	52.936
10.4785	43.470
10.5823	37.092
10.6860	34.590
10.7898	28.971
10.8935	22.669
10.9972	22.239
11.1010	17.212
11.2047	12.515
11.3085	13.984
11.4122	12.346
11.5160	8.126
11.6197	6.295
11.7235	6.229
11.8272	7.745
11.9310	6.016
12.0347	5.549
12.1385	4.969
12.2422	4.808
12.3460	4.384
12.4497	4.526
12.5535	4.238
12.6572	4.479
12.7610	5.499
12.8647	6.644
12.9685	6.909
13.0722	8.723
13.1759	13.227
13.2797	15.474
13.3834	21.110
13.4872	28.833
13.5909	44.634
13.6947	65.998
13.7984	69.595
13.9022	76.305
14.0059	92.035
14.1097	101.764
14.2134	110.361
14.3172	104.382
14.4209	99.465
14.5247	95.621
14.6284	80.612
14.7322	75.080
14.8359	62.127
14.9397	49.934
15.0434	32.822
15.1472	20.279
15.2509	14.921
15.3546	11.493
15.4584	7.594
15.5621	6.607
15.6659	5.444
15.7696	3.956
15.8734	4.599
15.9771	4.212
16.0809	4.036
16.1846	3.432
16.2884	4.803
16.3921	4.099
16.4959	4.597
16.5996	6.320
16.7034	9.031
16.8071	13.465
16.9109	15.130
17.0146	25.307
17.1184	31.362
17.2221	37.274
17.3259	48.819
17.4296	53.499
17.5333	66.660
17.6371	68.690
17.7408	69.415
17.8446	63.605
17.9483	53.258
18.0521	44.995
18.1558	37.289
18.2596	28.315
18.3633	25.096
18.4671	23.924
18.5708	21.673
18.6746	19.139
18.7783	19.723
18.8821	21.254
18.9858	21.727
19.0896	35.800
19.1933	41.439
19.2971	48.482
19.4008	65.412
19.5046	72.763
19.6083	80.831
19.7120	79.168
19.8158	74.588
19.9195	63.159
20.0233	49.754
20.1270	47.871
20.2308	36.611
20.3345	22.818
20.4383	18.543
20.5420	14.888
20.6458	8.835
20.7495	7.747
20.8533	7.627
20.9570	6.406
21.0608	6.528
21.1645	6.685
21.2683	6.187
21.3720	5.850
21.4758	7.160
21.5795	8.976
21.6833	9.519
21.7870	12.152
21.8907	12.482
21.9945	13.304
22.0982	17.901
22.2020	18.343
22.3057	22.168
22.4095	28.626
22.5132	32.119
22.6170	42.209
22.7207	41.103
22.8245	56.172
22.9282	66.385
23.0320	68.850
23.1357	68.816
23.2395	71.008
23.3432	76.567
23.4470	72.860
23.5507	71.426
23.6545	68.661
23.7582	65.244
23.8620	52.856
23.9657	39.488
24.0695	32.940
24.1732	28.699
24.2769	21.610
24.3807	16.813
24.4844	16.466
24.5882	12.429
24.6919	7.217
24.7957	8.608
24.8994	7.884
25.0032	11.418
25.1069	8.602
25.2107	11.693
25.3144	13.134
25.4182	11.567
25.5219	13.707
25.6257	15.443
25.7294	14.398
25.8332	12.786
25.9369	15.439
26.0407	17.631
26.1444	17.583
26.2481	20.177
26.3519	23.718
26.4556	27.410
26.5594	30.978
26.6631	35.620
26.7669	36.697
26.8706	40.541
26.9744	37.969
27.0781	38.185
27.1819	39.724
27.2856	42.788
27.3894	35.775
27.4931	45.133
27.5969	50.752
27.7006	60.917
27.8044	58.052
27.9081	68.099
28.0119	76.680
28.1156	74.228
28.2194	76.866
28.3231	75.991
28.4268	70.624
28.5306	63.726
28.6343	46.731
28.7381	35.436
28.8418	26.105
28.9456	20.488
29.0493	15.582
29.1531	9.346
29.2568	10.095
29.3606	10.076
29.4643	10.444
29.5681	7.333
29.6718	5.696
29.7756	4.905
29.8793	4.307
29.9831	5.439
30.0868	3.020
30.1906	4.777
30.2943	3.704
30.3981	3.611
30.5018	4.800
30.6056	4.237
30.7093	4.789
30.8130	4.761
30.9168	5.599
31.0205	8.820
31.1243	10.202
31.2280	16.199
31.3318	18.532
31.4355	23.127
31.5393	38.508
31.6430	44.073
31.7468	53.396
31.8505	57.185
31.9543	71.062
32.0580	68.126
32.1618	74.036
32.2655	64.445
32.3693	72.441
32.4730	68.733
32.5768	47.444
32.6805	42.354
32.7843	31.045
32.8880	26.443
32.9917	20.118
33.0955	16.065
33.1992	10.758
33.3030	7.138
33.4067	7.486
33.5105	5.410
33.6142	4.162
33.7180	5.118
33.8217	5.158
33.9255	5.323
34.0292	6.108
34.1330	4.554
34.2367	5.242
34.3405	6.859
34.4442	6.028
34.5480	6.340
34.6517	7.026
34.7555	9.683
34.8592	14.653
34.9630	13.356
35.0667	23.461
35.1704	29.855
35.2742	32.954
35.3779	40.631
35.4817	49.358
35.5854	56.314
35.6892	60.508
35.7929	64.241
35.8967	68.889
36.0004	64.637
36.1042	58.832
36.2079	55.807
36.3117	44.412
36.4154	45.090
36.5192	40.320
36.6229	29.714
36.7267	20.968
36.8304	16.609
36.9342	18.295
37.0379	11.181
37.1417	9.693
37.2454	7.806
37.3491	8.061
37.4529	6.772
37.5566	6.580
37.6604	5.225
37.7641	5.088
37.8679	5.675
37.9716	4.835
38.0754	4.193
38.1791	3.651
38.2829	4.000
38.3866	4.084
38.4904	4.374
38.5941	6.311
38.6979	8.487
38.8016	10.033
38.9054	9.726
39.0091	15.199
39.1129	15.915
39.2166	25.883
39.3204	32.340
39.4241	40.349
39.5278	40.426
39.6316	49.202
39.7353	50.965
39.8391	52.053
39.9428	55.397
40.0466	51.838
40.1503	45.722
40.2541	44.106
40.3578	37.784
40.4616	29.605
40.5653	24.565
40.6691	18.833
40.7728	16.414
40.8766	11.712
40.9803	11.847
41.0841	7.910
41.1878	6.011
41.2916	5.573
41.3953	6.779
41.4991	4.337
41.6028	4.557
41.7065	4.012
41.8103	4.871
41.9140	5.640
42.0178	5.471
42.1215	5.289
42.2253	5.066
42.3290	6.101
42.4328	8.979
42.5365	14.099
42.6403	16.259
42.7440	16.011
42.8478	19.440
42.9515	31.702
43.0553	36.746
43.1590	49.399
43.2628	52.222
43.3665	64.211
43.4703	58.238
43.5740	60.113
43.6778	56.263
43.7815	53.317
43.8852	46.065
43.9890	41.160
44.0927	33.536
44.1965	24.494
44.3002	17.066
44.4040	15.093
44.5077	11.229
44.6115	9.542
44.7152	9.675
44.8190	6.226
44.9227	5.516
45.0265	4.586
45.1302	5.439
45.2340	4.310
45.3377	4.000
45.4415	4.119
45.5452	4.063
45.6490	5.008
45.7527	4.998
45.8564	5.000
45.9602	7.336
46.0639	7.803
46.1677	6.986
46.2714	8.080
46.3752	13.280
46.4789	11.700
46.5827	18.449
46.6864	23.673
46.7902	33.906
46.8939	48.114
46.9977	51.279
47.1014	57.829
47.2052	66.113
47.3089	70.075
47.4127	77.447
47.5164	71.998
47.6202	77.232
47.7239	66.220
47.8277	57.859
47.9314	44.730
48.0352	33.402
48.1389	24.289
48.2426	14.391
48.3464	13.858
48.4501	9.269
48.5539	8.072
48.6576	6.879
48.7614	6.465
48.8651	5.278
48.9689	4.462
49.0726	4.229
49.1764	4.316
49.2801	4.000
49.3839	3.663
49.4876	4.074
49.5914	3.810
49.6951	4.617
49.7989	5.777
49.9026	5.990
50.0064	8.805
50.1101	8.943
50.2139	11.587
50.3176	12.371
50.4213	17.308
50.5251	21.127
50.6288	29.620
50.7326	39.099
50.8363	51.722
50.9401	59.931
51.0438	69.601
51.1476	76.678
51.2513	80.051
51.3551	80.283
51.4588	75.979
51.5626	69.103
51.6663	64.731
51.7701	55.121
51.8738	43.595
51.9776	34.217
52.0813	26.028
52.1851	17.705
52.2888	16.412
52.3926	11.705
52.4963	9.955
52.6000	7.184
52.7038	6.921
52.8075	4.841
52.9113	4.216
53.0150	5.003
53.1188	5.386
53.2225	4.096
53.3263	4.903
53.4300	4.724
53.5338	6.745
53.6375	5.283
53.7413	7.082
53.8450	10.679
53.9488	13.583
54.0525	19.191
54.1563	27.941
54.2600	32.708
54.3638	37.392
54.4675	51.401
54.5713	60.840
54.6750	63.925
54.7787	65.926
54.8825	67.562
54.9862	69.091
55.0900	68.111
55.1937	64.646
55.2975	56.840
55.4012	53.000
55.5050	46.678
55.6087	50.349
55.7125	39.718
55.8162	37.421
55.9200	37.784
56.0237	35.308
56.1275	28.324
56.2312	28.256
56.3350	26.493
56.4387	20.572
56.5425	18.215
56.6462	14.976
56.7500	10.584
56.8537	9.606
56.9575	9.314
57.0612	6.265
57.1649	4.853
57.2687	6.109
57.3724	5.556
57.4762	7.453
57.5799	7.681
57.6837	6.522
57.7874	8.676
57.8912	9.044
57.9949	13.440
58.0987	18.171
58.2024	20.199
58.3062	25.432
58.4099	34.459
58.5137	39.301
58.6174	41.362
58.7212	48.974
58.8249	45.577
58.9287	52.313
59.0324	52.284
59.1362	48.057
59.2399	48.711
59.3436	50.733
59.4474	44.268
59.5511	37.202
59.6549	36.799
59.7586	36.569
59.8624	33.044
59.9661	40.600
60.0699	39.136
60.1736	38.964
60.2774	52.420
60.3811	54.485
60.4849	49.854
60.5886	67.553
60.6924	74.951
60.7961	71.037
60.8999	73.026
61.0036	73.954
61.1074	63.843
61.2111	63.139
61.3148	55.740
61.4186	49.450
61.5223	38.041
61.6261	29.265
61.7298	23.321
61.8336	14.762
61.9373	11.141
62.0411	8.788
62.1448	6.478
62.2486	5.380
62.3523	5.917
62.4561	5.492
62.5598	4.000
62.6636	4.460
62.7673	7.443
62.8711	5.148
62.9748	5.457
63.0786	6.246
63.1823	5.191
63.2861	7.202
63.3898	10.241
63.4935	15.019
63.5973	16.944
63.7010	22.761
63.8048	30.160
63.9085	36.414
64.0123	45.701
64.1160	55.489
64.2198	68.401
64.3235	83.334
64.4273	88.465
64.5310	86.989
64.6348	86.677
64.7385	81.248
64.8423	69.384
64.9460	53.972
65.0498	43.383
65.1535	28.698
65.2573	16.505
65.3610	13.016
65.4648	8.309
65.5685	5.869
65.6722	4.154
65.7760	4.854
65.8797	6.256
65.9835	5.536
66.0872	5.717
66.1910	6.000
66.2947	6.657
66.3985	8.923
66.5022	10.148
66.6060	12.532
66.7097	16.741
66.8135	21.404
66.9172	26.100
67.0210	33.352
67.1247	41.210
67.2285	53.831
67.3322	64.897
67.4360	69.092
67.5397	72.537
67.6435	66.998
67.7472	77.646
67.8510	66.617
67.9547	65.346
68.0584	62.410
68.1622	58.011
68.2659	53.891
68.3697	59.703
68.4734	40.935
68.5772	43.531
68.6809	40.991
68.7847	35.612
68.8884	34.190
68.9922	27.457
69.0959	22.403
69.1997	18.746
69.3034	15.597
69.4072	12.966
69.5109	13.521
69.6147	11.829
69.7184	10.765
69.8222	10.279
69.9259	10.360
70.0296	10.597
70.1334	7.651
70.2371	8.260
70.3409	8.847
70.4446	9.029
70.5484	10.504
70.6521	11.723
70.7559	10.693
70.8596	11.168
70.9634	11.071
71.0671	11.942
71.1709	16.424
71.2746	21.033
71.3784	20.968
71.4821	24.161
71.5859	24.310
71.6896	28.584
71.7934	31.048
71.8971	33.623
72.0009	37.345
72.1046	39.683
72.2084	38.883
72.3121	37.999
72.4158	32.796
72.5196	33.509
72.6233	37.146
72.7271	34.728
72.8308	33.482
72.9346	34.610
73.0383	32.957
73.1421	28.708
73.2458	29.305
73.3496	28.071
73.4533	23.413
73.5571	18.646
73.6608	17.720
73.7646	18.368
73.8683	15.683
73.9721	11.116
74.0758	7.698
74.1796	7.747
74.2833	7.450
74.3870	6.751
74.4908	8.381
74.5945	6.208
74.6983	7.677
74.8020	12.774
74.9058	13.739
75.0095	13.899
75.1133	21.812
75.2170	29.166
75.3208	33.367
75.4245	38.657
75.5283	54.402
75.6320	60.538
75.7358	68.082
75.8395	74.995
75.9433	81.643
76.0470	77.877
76.1508	69.726
76.2545	61.658
76.3583	54.277
76.4620	41.912
76.5658	29.306
76.6695	21.816
76.7732	17.106
76.8770	10.521
76.9807	6.774
77.0845	6.032
77.1882	6.396
77.2920	5.869
77.3957	5.051
77.4995	5.970
77.6032	7.652
77.7070	5.462
77.8107	6.157
77.9145	7.255
78.0182	7.776
78.1220	8.501
78.2257	9.948
78.3295	11.613
78.4332	11.886
78.5370	15.545
78.6407	16.811
78.7444	29.570
78.8482	31.170
78.9519	39.852
79.0557	43.220
79.1594	43.926
79.2632	49.563
79.3669	51.277
79.4707	54.076
79.5744	45.676
79.6782	44.658
79.7819	38.010
79.8857	29.477
79.9894	38.996
80.0932	39.016
80.1969	36.948
80.3007	42.705
80.4044	54.270
80.5082	66.148
80.6119	75.535
80.7157	80.424
80.8194	68.726
80.9231	65.445
81.0269	58.717
81.1306	46.142
81.2344	36.279
81.3381	28.708
81.4419	19.038
81.5456	14.307
81.6494	11.130
81.7531	7.732
81.8569	5.698
81.9606	7.248
82.0644	6.222
82.1681	5.647
82.2719	5.450
82.3756	6.997
82.4794	7.368
82.5831	7.784
82.6869	9.168
82.7906	13.233
82.8944	14.553
82.9981	15.600
83.1019	23.266
83.2056	31.153
83.3093	43.457
83.4131	54.987
83.5168	59.077
83.6206	63.404
83.7243	58.598
83.8281	56.939
83.9318	40.621
84.0356	28.649
84.1393	19.704
84.2431	18.929
84.3468	11.052
84.4506	10.359
84.5543	9.734
84.6581	6.606
84.7618	10.231
84.8656	10.932
84.9693	10.278
85.0731	13.785
85.1768	19.113
85.2805	21.185
85.3843	24.080
85.4880	25.823
85.5918	26.220
85.6955	29.283
85.7993	28.491
85.9030	24.030
86.0068	22.212
86.1105	17.121
86.2143	16.998
86.3180	13.786
86.4218	13.749
86.5255	10.254
86.6293	11.715
86.7330	11.264
86.8368	9.833
86.9405	10.332
87.0443	12.921
87.1480	12.758
87.2518	13.702
87.3555	16.199
87.4593	17.839
87.5630	21.026
87.6667	28.418
87.7705	29.798
87.8742	29.232
87.9780	27.491
88.0817	30.800
88.1855	24.100
88.2892	19.773
88.3930	19.221
88.4967	16.363
88.6005	14.531
88.7042	13.160
88.8080	14.631
88.9117	13.258
89.0155	9.206
89.1192	13.514
89.2230	12.876
89.3267	14.271
89.4305	13.923
89.5342	14.685
89.6379	14.610
89.7417	13.365
89.8454	15.552
89.9492	15.687
90.0529	14.829
90.1567	19.095
90.2604	17.741
90.3642	17.394
90.4679	19.940
90.5717	26.256
90.6754	30.077
90.7792	34.430
90.8829	34.978
90.9867	41.932
91.0904	37.415
91.1942	33.296
91.2979	25.306
91.4017	22.567
91.5054	19.537
91.6092	16.855
91.7129	14.643
91.8167	12.034
91.9204	9.620
92.0241	9.377
92.1279	8.950
92.2316	8.163
92.3354	9.892
92.4391	11.438
92.5429	10.078
92.6466	10.802
92.7504	11.882
92.8541	13.032
92.9579	11.673
93.0616	13.158
93.1654	15.058
93.2691	19.005
93.3729	26.130
93.4766	26.483
93.5804	33.839
93.6841	40.000