0.0000	63.000
0.0943	49.511
0.1886	36.351
0.2829	33.969
0.3773	27.598
0.4716	16.629
0.5659	10.822
0.6602	8.978
0.7545	7.972
0.8488	8.370
0.9431	5.983
1.0375	7.165
1.1318	8.065
1.2261	9.871
1.3204	10.965
1.4147	9.399
1.5090	12.299
1.6034	19.111
1.6977	18.683
1.7920	24.224
1.8863	17.421
1.9806	30.686
2.0749	36.138
2.1692	49.429
2.2636	85.475
2.3579	119.627
2.4522	150.838
2.5465	182.085
2.6408	203.397
2.7351	187.540
2.8294	185.813
2.9238	204.786
3.0181	202.984
3.1124	176.350
3.2067	151.778
3.3010	125.490
3.3953	91.762
3.4896	71.094
3.5840	59.718
3.6783	37.471
3.7726	20.840
3.8669	13.912
3.9612	11.150
4.0555	12.311
4.1498	11.078
4.2442	12.268
4.3385	13.826
4.4328	17.117
4.5271	20.051
4.6214	25.606
4.7157	25.972
4.8101	27.685
4.9044	33.922
4.9987	43.223
5.0930	52.170
5.1873	52.906
5.2816	67.575
5.3759	79.702
5.4703	113.188
5.5646	149.775
5.6589	159.154
5.7532	168.154
5.8475	203.123
5.9418	191.351
6.0361	203.478
6.1305	187.865
6.2248	159.195
6.3191	146.368
6.4134	125.896
6.5077	108.404
6.6020	89.028
6.6963	71.200
6.7907	58.273
6.8850	45.308
6.9793	34.335
7.0736	20.489
7.1679	19.358
7.2622	19.206
7.3565	14.592
7.4509	10.491
7.5452	12.035
7.6395	8.966
7.7338	8.606
7.8281	9.101
7.9224	8.909
8.0168	10.218
8.1111	13.873
8.2054	13.837
8.2997	18.748
8.3940	21.863
8.4883	22.810
8.5826	27.757
8.6770	33.536
8.7713	41.980
8.8656	54.076
8.9599	66.076
9.0542	80.603
9.1485	95.980
9.2428	124.808
9.3372	165.788
9.4315	189.691
9.5258	211.906
9.6201	237.874
9.7144	247.489
9.8087	248.503
9.9030	253.408
9.9974	254.933
10.0917	242.109
10.1860	229.081
10.2803	236.036
10.3746	214.905
10.4689	182.776
10.5633	143.449
10.6576	117.769
10.7519	84.916
10.8462	64.829
10.9405	45.931
11.0348	25.253
11.1291	17.041
11.2235	13.763
11.3178	9.420
11.4121	6.520
11.5064	7.855
11.6007	6.890
11.6950	6.976
11.7893	6.352
11.8837	8.097
11.9780	9.921
12.0723	8.805
12.1666	9.660
12.2609	16.595
12.3552	19.798
12.4495	18.439
12.5439	20.467
12.6382	24.503
12.7325	31.906
12.8268	47.365
12.9211	55.980
13.0154	70.163
13.1097	86.454
13.2041	105.468
13.2984	125.016
13.3927	161.562
13.4870	209.304
13.5813	230.483
13.6756	246.831
13.7700	249.774
13.8643	243.296
13.9586	241.063
14.0529	227.497
14.1472	207.609
14.2415	176.360
14.3358	145.857
14.4302	117.720
14.5245	87.205
14.6188	55.967
14.7131	32.593
14.8074	26.316
14.9017	20.720
14.9960	22.830
15.0904	26.938
15.1847	25.032
15.2790	34.608
15.3733	44.137
15.4676	52.809
15.5619	55.283
15.6562	81.865
15.7506	82.174
15.8449	96.678
15.9392	109.133
16.0335	129.612
16.1278	158.490
16.2221	174.636
16.3164	193.366
16.4108	207.808
16.5051	214.238
16.5994	206.788
16.6937	208.880
16.7880	219.455
16.8823	190.121
16.9767	168.433
17.0710	151.869
17.1653	128.875
17.2596	100.276
17.3539	64.301
17.4482	43.538
17.5425	24.388
17.6369	19.702
17.7312	12.696
17.8255	9.884
17.9198	9.092
18.0141	8.475
18.1084	5.827
18.2027	6.304
18.2971	7.616
18.3914	7.564
18.4857	6.549
18.5800	7.375
18.6743	8.420
18.7686	6.333
18.8629	7.932
18.9573	11.993
19.0516	9.896
19.1459	13.788
19.2402	13.936
19.3345	19.168
19.4288	18.576
19.5231	22.120
19.6175	37.737
19.7118	56.835
19.8061	59.129
19.9004	78.599
19.9947	104.096
20.0890	142.482
20.1834	183.870
20.2777	211.454
20.3720	233.517
20.4663	250.087
20.5606	254.354
20.6549	254.825
20.7492	254.203
20.8436	250.087
20.9379	247.578
21.0322	243.586
21.1265	202.316
21.2208	173.150
21.3151	159.849
21.4094	122.387
21.5038	90.253
21.5981	59.611
21.6924	35.322
21.7867	20.512
21.8810	17.170
21.9753	10.560
22.0696	6.301
22.1640	6.425
22.2583	5.056
22.3526	9.530
22.4469	8.381
22.5412	6.208
22.6355	10.167
22.7299	10.971
22.8242	9.445
22.9185	10.863
23.0128	11.807
23.1071	15.365
23.2014	14.805
23.2957	19.522
23.3901	31.258
23.4844	29.630
23.5787	35.493
23.6730	47.271
23.7673	43.219
23.8616	55.126
23.9559	67.123
24.0503	73.632
24.1446	88.015
24.2389	102.085
24.3332	111.061
24.4275	132.984
24.5218	158.344
24.6161	162.765
24.7105	187.303
24.8048	214.773
24.8991	208.327
24.9934	208.120
25.0877	187.152
25.1820	160.943
25.2763	145.874
25.3707	120.819
25.4650	104.028
25.5593	81.806
25.6536	59.386
25.7479	49.527
25.8422	41.735
25.9366	19.678
26.0309	23.704
26.1252	20.049
26.2195	25.368
26.3138	22.861
26.4081	24.093
26.5024	24.403
26.5968	34.516
26.6911	39.108
26.7854	38.300
26.8797	47.179
26.9740	65.679
27.0683	75.472
27.1626	85.832
27.2570	106.511
27.3513	128.564
27.4456	121.755
27.5399	118.999
27.6342	145.076
27.7285	172.462
27.8228	192.328
27.9172	221.770
28.0115	211.880
28.1058	211.977
28.2001	198.355
28.2944	183.880
28.3887	154.946
28.4830	121.611
28.5774	93.160
28.6717	64.932
28.7660	51.795
28.8603	39.203
28.9546	33.660
29.0489	19.043
29.1432	18.367
29.2376	18.548
29.3319	14.530
29.4262	11.194
29.5205	13.100
29.6148	12.377
29.7091	13.659
29.8035	16.148
29.8978	15.071
29.9921	26.400
30.0864	28.341
30.1807	31.186
30.2750	33.282
30.3693	46.946
30.4637	44.445
30.5580	55.804
30.6523	70.285
30.7466	82.739
30.8409	101.929
30.9352	109.245
31.0295	134.161
31.1239	156.568
31.2182	169.071
31.3125	184.432
31.4068	182.592
31.5011	188.703
31.5954	174.205
31.6897	151.398
31.7841	155.482
31.8784	143.204
31.9727	135.991
32.0670	125.903
32.1613	117.751
32.2556	114.429
32.3499	103.782
32.4443	93.469
32.5386	84.814
32.6329	81.861
32.7272	64.870
32.8215	43.632
32.9158	42.073
33.0102	41.379
33.1045	42.783
33.1988	28.432
33.2931	31.850
33.3874	26.674
33.4817	22.471
33.5760	19.847
33.6703	26.088
33.7647	24.961
33.8590	34.292
33.9533	32.174
34.0476	40.279
34.1419	50.979
34.2362	50.587
34.3306	45.489
34.4249	49.453
34.5192	50.665
34.6135	59.641
34.7078	54.760
34.8021	69.665
34.8964	67.306
34.9908	69.183
35.0851	73.732
35.1794	86.579
35.2737	110.971
35.3680	131.670
35.4623	159.655
35.5566	179.188
35.6510	189.457
35.7453	169.037
35.8396	172.876
35.9339	167.141
36.0282	157.494
36.1225	134.404
36.2168	101.100
36.3112	77.549
36.4055	58.000
36.4998	32.453
36.5941	26.003
36.6884	20.737
36.7827	12.903
36.8770	9.538
36.9714	11.509
37.0657	9.659
37.1600	8.485
37.2543	8.501
37.3486	14.336
37.4429	18.959
37.5373	17.433
37.6316	22.923
37.7259	25.227
37.8202	32.848
37.9145	39.902
38.0088	43.138
38.1031	54.706
38.1975	58.826
38.2918	83.832
38.3861	85.825
38.4804	93.647
38.5747	123.238
38.6690	150.354
38.7633	182.310
38.8577	216.341
38.9520	214.406
39.0463	239.404
39.1406	244.574
39.2349	247.795
39.3292	245.534
39.4235	243.618
39.5179	232.699
39.6122	203.735
39.7065	179.952
39.8008	158.916
39.8951	107.516
39.9894	79.867
40.0838	55.383
40.1781	32.055
40.2724	21.922
40.3667	12.253
40.4610	14.256
40.5553	10.452
40.6496	7.328
40.7440	8.218
40.8383	6.257
40.9326	5.397
41.0269	5.699
41.1212	5.951
41.2155	4.104
41.3098	5.410
41.4042	7.415
41.4985	9.106
41.5928	11.027
41.6871	10.611
41.7814	8.170
41.8757	12.778
41.9700	21.907
42.0644	19.181
42.1587	32.107
42.2530	48.692
42.3473	57.689
42.4416	81.279
42.5359	118.458
42.6302	155.729
42.7246	178.305
42.8189	197.885
42.9132	214.812
43.0075	211.043
43.1018	231.581
43.1961	227.553
43.2905	200.739
43.3848	202.667
43.4791	178.520
43.5734	147.303
43.6677	137.523
43.7620	111.648
43.8563	88.652
43.9507	77.142
44.0450	60.848
44.1393	47.045
44.2336	27.953
44.3279	19.222
44.4222	18.266
44.5165	17.743
44.6109	16.142
44.7052	13.658
44.7995	9.304
44.8938	10.791
44.9881	8.194
45.0824	6.745
45.1767	9.799
45.2711	7.430
45.3654	9.779
45.4597	8.489
45.5540	10.802
45.6483	9.099
45.7426	13.072
45.8369	14.138
45.9313	14.307
46.0256	14.765
46.1199	17.703
46.2142	23.918
46.3085	18.699
46.4028	19.569
46.4972	27.784
46.5915	31.960
46.6858	27.701
46.7801	35.185
46.8744	37.402
46.9687	49.805
47.0630	49.867
47.1574	53.806
47.2517	59.109
47.3460	63.078
47.4403	64.533
47.5346	59.828
47.6289	63.339
47.7232	54.060
47.8176	67.010
47.9119	69.694
48.0062	69.583
48.1005	66.187
48.1948	70.450
48.2891	80.084
48.3834	88.332
48.4778	86.143
48.5721	85.040
48.6664	99.611
48.7607	97.311
48.8550	87.816
48.9493	81.403
49.0437	78.905
49.1380	68.411
49.2323	50.843
49.3266	38.872
49.4209	27.033
49.5152	24.655
49.6095	20.063
49.7039	18.328
49.7982	15.575
49.8925	15.619
49.9868	15.317
50.0811	21.768
50.1754	20.458
50.2697	21.895
50.3641	19.682
50.4584	26.226
50.5527	29.571
50.6470	33.913
50.7413	39.608
50.8356	52.736
50.9299	68.174
51.0243	82.871
51.1186	88.205
51.2129	103.232
51.3072	121.129
51.4015	138.992
51.4958	165.127
51.5901	169.055
51.6845	176.453
51.7788	175.570
51.8731	173.881
51.9674	147.593
52.0617	141.716
52.1560	119.158
52.2504	116.158
52.3447	99.516
52.4390	92.630
52.5333	102.502
52.6276	100.576
52.7219	99.817
52.8162	111.962
52.9106	111.971
53.0049	115.213
53.0992	121.003
53.1935	139.476
53.2878	169.697
53.3821	173.074
53.4764	174.699
53.5708	181.291
53.6651	193.300
53.7594	185.080
53.8537	165.962
53.9480	137.172
54.0423	123.462
54.1366	101.841
54.2310	82.778
54.3253	67.563
54.4196	43.386
54.5139	41.412
54.6082	46.716
54.7025	61.481
54.7968	67.021
54.8912	78.529
54.9855	93.198
55.0798	112.751
55.1741	130.358
55.2684	147.057
55.3627	152.900
55.4571	150.079
55.5514	158.169
55.6457	135.738
55.7400	128.662
55.8343	120.236
55.9286	101.884
56.0229	104.131
56.1173	76.398
56.2116	70.822
56.3059	54.685
56.4002	41.287
56.4945	29.336
56.5888	21.518
56.6831	24.181
56.7775	22.839
56.8718	19.530
56.9661	18.458
57.0604	14.491
57.1547	10.002
57.2490	11.306
57.3433	13.256
57.4377	16.661
57.5320	20.338
57.6263	20.313
57.7206	23.071
57.8149	33.507
57.9092	26.168
58.0035	25.407
58.0979	25.609
58.1922	22.661
58.2865	20.097
58.3808	17.317
58.4751	17.148
58.5694	15.314
58.6637	11.389
58.7581	13.430
58.8524	13.895
58.9467	19.737
59.0410	24.449
59.1353	32.759
59.2296	45.379
59.3240	59.341
59.4183	62.743
59.5126	100.801
59.6069	123.024
59.7012	143.066
59.7955	171.067
59.8898	173.425
59.9842	185.327
60.0785	201.115
60.1728	200.404
60.2671	185.320
60.3614	161.423
60.4557	133.714
60.5500	113.871
60.6444	110.141
60.7387	67.837
60.8330	59.509
60.9273	49.725
61.0216	31.038
61.1159	25.451
61.2102	19.062
61.3046	15.841
61.3989	14.969
61.4932	11.235
61.5875	10.389
61.6818	15.559
61.7761	17.000
61.8705	17.083
61.9648	18.328
62.0591	30.101
62.1534	41.156
62.2477	52.029
62.3420	60.951
62.4363	85.773
62.5307	101.123
62.6250	131.124
62.7193	144.271
62.8136	166.738
62.9079	164.507
63.0022	161.100
63.0965	168.881
63.1909	151.467
63.2852	120.804
63.3795	112.613
63.4738	87.219
63.5681	68.912
63.6624	46.472
63.7567	38.118
63.8511	29.728
63.9454	21.200
64.0397	13.760
64.1340	14.560
64.2283	16.878
64.3226	21.504
64.4169	29.478
64.5113	33.568
64.6056	43.174
64.6999	56.158
64.7942	79.161
64.8885	113.515
64.9828	126.067
65.0772	140.133
65.1715	173.992
65.2658	169.085
65.3601	163.048
65.4544	170.620
65.5487	133.742
65.6430	113.221
65.7374	88.913
65.8317	60.673
65.9260	43.573
66.0203	36.462
66.1146	21.388
66.2089	18.482
66.3032	18.195
66.3976	11.298
66.4919	9.679
66.5862	9.447
66.6805	7.915
66.7748	7.166
66.8691	8.053
66.9634	7.931
67.0578	11.742
67.1521	15.487
67.2464	16.499
67.3407	18.875
67.4350	25.785
67.5293	35.774
67.6236	51.961
67.7180	62.435
67.8123	83.572
67.9066	120.347
68.0009	147.286
68.0952	157.396
68.1895	170.897
68.2839	178.149
68.3782	177.859
68.4725	169.937
68.5668	148.094
68.6611	123.369
68.7554	88.447
68.8497	63.638
68.9441	50.142
69.0384	37.099
69.1327	32.687
69.2270	22.793
69.3213	18.004
69.4156	12.659
69.5099	14.267
69.6043	10.888
69.6986	8.508
69.7929	9.935
69.8872	8.768
69.9815	11.834
70.0758	10.494
70.1702	13.515
70.2645	18.263
70.3588	21.545
70.4531	22.611
70.5474	23.775
70.6417	32.366
70.7360	42.665
70.8304	44.635
70.9247	61.441
71.0190	75.852
71.1133	97.118
71.2076	120.925
71.3019	151.981
71.3962	170.640
71.4906	181.414
71.5849	158.247
71.6792	156.988
71.7735	129.517
71.8678	106.616
71.9621	92.794
72.0564	68.561
72.1508	50.654
72.2451	40.232
72.3394	28.580
72.4337	21.155
72.5280	16.348
72.6223	16.238
72.7166	16.496
72.8110	14.409
72.9053	19.321
72.9996	24.920
73.0939	24.515
73.1882	24.755
73.2825	31.741
73.3768	34.668
73.4712	56.468
73.5655	65.427
73.6598	74.894
73.7541	92.871
73.8484	126.122
73.9427	150.038
74.0370	194.751
74.1314	215.022
74.2257	217.192
74.3200	217.794
74.4143	223.122
74.5086	193.599
74.6029	140.251
74.6973	100.651
74.7916	65.177
74.8859	39.595
74.9802	28.027
75.0745	20.324
75.1688	13.873
75.2631	11.118
75.3575	7.244
75.4518	5.309
75.5461	7.346
75.6404	10.240
75.7347	10.181
75.8290	11.693
75.9233	18.710
76.0177	25.731
76.1120	22.564
76.2063	29.375
76.3006	37.904
76.3949	40.313
76.4892	60.595
76.5835	74.377
76.6779	90.382
76.7722	119.301
76.8665	143.611
76.9608	167.294
77.0551	178.146
77.1494	175.149
77.2438	163.182
77.3381	149.284
77.4324	124.747
77.5267	78.385
77.6210	46.207
77.7153	40.535
77.8096	23.096
77.9040	22.850
77.9983	21.632
78.0926	17.250
78.1869	14.936
78.2812	14.933
78.3755	19.320
78.4698	27.449
78.5642	29.432
78.6585	39.415
78.7528	54.317
78.8471	60.027
78.9414	69.086
79.0357	74.204
79.1301	84.228
79.2244	94.121
79.3187	114.549
79.4130	122.583
79.5073	127.005
79.6016	145.251
79.6959	156.326
79.7903	141.464
79.8846	142.584
79.9789	126.810
80.0732	106.025
80.1675	66.643
80.2618	54.946
80.3561	35.902
80.4505	26.541
80.5448	28.964
80.6391	24.371
80.7334	23.893
80.8277	27.065
80.9220	28.472
81.0163	29.162
81.1107	29.451
81.2050	33.871
81.2993	34.729
81.3936	36.237
81.4879	39.879
81.5822	37.426
81.6765	44.402
81.7709	55.435
81.8652	59.992
81.9595	57.585
82.0538	55.658
82.1481	57.594
82.2424	56.749
82.3367	66.637
82.4311	77.460
82.5254	81.471
82.6197	68.229
82.7140	79.315
82.8083	72.131
82.9026	73.061
82.9970	62.681
83.0913	47.563
83.1856	43.092
83.2799	41.928
83.3742	34.192
83.4685	27.443
83.5628	26.271
83.6572	25.374
83.7515	23.425
83.8458	24.211
83.9401	29.849
84.0344	28.014
84.1287	24.551
84.2230	21.263
84.3174	20.241
84.4117	23.181
84.5060	21.182
84.6003	21.493
84.6946	26.162
84.7889	25.391
84.8832	21.663
84.9776	31.455
85.0719	28.260
85.1662	30.769
85.2605	23.426
85.3548	27.154
85.4491	41.431
85.5434	41.656
85.6378	51.149
85.7321	58.746
85.8264	57.750
85.9207	66.929
86.0150	71.836
86.1093	74.081
86.2037	75.402
86.2980	82.493
86.3923	94.657
86.4866	107.316
86.5809	113.856
86.6752	131.766
86.7695	134.679
86.8639	117.261
86.9582	129.792
87.0525	131.901
87.1468	130.762
87.2411	108.520
87.3354	84.345
87.4297	62.541
87.5241	64.108
87.6184	54.175
87.7127	41.277
87.8070	29.189
87.9013	27.153
87.9956	23.366
88.0900	13.359
88.1843	11.960
88.2786	10.449
88.3729	10.999
88.4672	10.879
88.5615	11.850
88.6558	9.098
88.7502	10.253
88.8445	14.398
88.9388	15.337
89.0331	17.089
89.1274	22.475
89.2217	24.313
89.3160	30.419
89.4104	48.678
89.5047	61.601
89.5990	70.455
89.6933	83.730
89.7876	107.671
89.8819	128.919
89.9762	142.874
90.0706	159.723
90.1649	164.036
90.2592	138.237
90.3535	160.216
90.4478	147.847
90.5421	137.283
90.6364	100.743
90.7308	66.661
90.8251	52.196
90.9194	43.963
91.0137	36.680
91.1080	27.254
91.2023	21.929
91.2966	23.034
91.3910	19.510
91.4853	18.023
91.5796	18.652
91.6739	20.275
91.7682	21.585
91.8625	24.887
91.9569	29.729
92.0512	32.698
92.1455	39.735
92.2398	43.229
92.3341	56.716
92.4284	79.516
92.5227	88.963
92.6171	98.238
92.7114	117.088
92.8057	126.064
92.9000	132.595
92.9943	132.903
93.0886	120.496
93.1829	106.345
93.2773	76.212
93.3716	63.568
93.4659	48.297
93.5602	29.405
93.6545	19.990
93.7488	15.259
93.8431	12.342
93.9375	12.178
94.0318	12.948
94.1261	12.567
94.2204	13.296
94.3147	17.761
94.4090	17.612
94.5033	25.020
94.5977	26.825
94.6920	42.932
94.7863	54.822
94.8806	71.337
94.9749	104.859
95.0692	130.199
95.1636	155.013
95.2579	165.601
95.3522	211.093
95.4465	192.530
95.5408	199.716
95.6351	199.472
95.7294	183.348
95.8238	154.319
95.9181	118.617
96.0124	87.555
96.1067	64.182
96.2010	42.851
96.2953	32.212
96.3896	20.802
96.4840	10.771
96.5783	14.447
96.6726	8.909
96.7669	9.181
96.8612	7.809
96.9555	8.666
97.0499	8.759
97.1442	7.669
97.2385	6.435
97.3328	9.155
97.4271	9.707
97.5214	7.620
97.6157	9.217
97.7101	8.005
97.8044	8.768
97.8987	8.163
97.9930	11.148
98.0873	14.648
98.1816	19.829
98.2759	33.174
98.3703	42.982
98.4646	55.978
98.5589	74.045
98.6532	99.603
98.7475	110.003
98.8418	136.000