0.0 0.6365342715076464 0.0 0.6365342715076464
0.06541141774186401 0.0701340964500744 0.384901616854646 0.39123911632426156
0.13082283548372803 0.04790713867527828 0.06762660473234773 0.08287612203570785
0.19623425322559204 -0.009843079559630643 0.17153289691904008 0.17181507774539245
0.26164567096745606 0.00047184294581164654 0.02881984527762073 0.028823707561511064
0.3270570887093201 -0.015506772406753029 0.09547393077376472 0.09672503010011656
0.3924685064511841 0.003260012368012428 0.015285498046031536 0.015629271613060793
0.4578799241930481 -0.022973272124275777 0.07570239517844293 0.07911146483190136
0.5232913419349121 -0.010387682495194377 -0.007334194709481701 0.012715909706252127
0.5887027596767761 -0.00917644093405463 0.0480585826801759 0.04892682737970546
0.6541141774186402 -0.00900815324144167 -0.013019604305657977 0.015832148341182375
0.7195255951605042 0.003157386895918059 0.024826329782472015 0.02502630101470395
0.7849370129023682 0.0096521198190737 -0.014239782957755777 0.017202756630428365
0.8503484306442323 0.023884725573129845 0.021965021667543685 0.03244907229119788
0.9157598483860963 0.03298313791181906 0.012262884403901185 0.03518899999166669
0.9811712661279602 0.008115786659182719 0.05736410631061233 0.05793536645187119
1.0465826838698242 -0.0011092689877094755 0.003440528559692677 0.0036149293848089163
1.111994101611688 0.03246818758463711 0.031589221199399754 0.04529969206314531
1.1774055193535522 0.03627980392430686 0.04664323301109608 0.05909158449824776
1.2428169370954163 0.02186712581831142 0.11495098973040246 0.11701239776858244
1.3082283548372804 -0.09026307011487408 0.15065489553876862 0.17562550889993161
1.3736397725791443 -0.22831746642303227 0.006559769081304783 0.2284116810590748
1.4390511903210084 -0.06242874780040568 -0.17378040617955112 0.18465367075651765
1.5044626080628722 0.04194027080902009 -0.033767264269151824 0.05384435394502083
1.5698740258047363 -0.035695559861771704 -0.03680658949755067 0.051272780539839406
1.6352854435466002 0.017579165787035753 -0.08327477432458484 0.0851100176746464
1.7006968612884645 0.06610942732874388 -0.018778861832282646 0.06872482836246614
1.7661082790303284 0.001555143571780459 -0.00853929947395641 0.00867975270585299
1.8315196967721925 0.06508323748009044 -0.027815079167550362 0.07077786680867787
1.8969311145140564 0.002586414612642539 0.03544507199839197 0.035539311607284706
1.9623425322559205 0.037124769131831686 -0.045063571015965594 0.058386418932854386
2.0277539499977846 0.03427696007147769 0.04772786936240916 0.058761037308890915
2.0931653677396485 0.013436395929229617 -0.02457457084394107 0.028007967932909678
2.1585767854815123 0.04203023490767014 0.05033449299085787 0.06557516169282888
2.223988203223376 -0.018794387338993395 -0.002825463869508264 0.01900558448262015
2.2893996209652405 0.030273962114649163 0.013465419729148791 0.033133522459910025
2.3548110387071044 0.006102367168732563 -0.0037524906960051583 0.007163802864793974
2.4202224564489687 0.039201102631511185 0.03494870335290737 0.052517980859661695
2.4856338741908326 -0.02683131764308119 0.023673482538097142 0.03578202596200375
2.5510452919326965 -0.0015490339385764757 -0.005152396374519676 0.0053802132432669665
2.616456709674561 -0.006005792682102265 -0.025895583968911486 0.02658290455972294
2.6818681274164247 0.05682063648675173 -0.033347923456476754 0.06588375163588223
2.7472795451582885 0.08095469859658744 0.030347501063221996 0.08645596593437943
2.8126909629001524 0.02440108263208573 0.09020333669354823 0.09344546422522336
2.8781023806420167 -0.03504030624017952 0.027121856012900306 0.044310474325943074
2.9435137983838806 0.024180787184273553 0.018561144952474 0.030483217855040816
3.0089252161257445 -0.012441638203123731 0.05388742189204733 0.0553050503964053
3.074336633867609 -0.028676570285829137 0.014342562743455222 0.032063293489721985
3.1397480516094727 -0.0031012261944338465 0.004744332356321839 0.0056680061235221835
3.2051594693513366 -0.00666850165151837 0.023033555733370802 0.02397944127786555
3.2705708870932004 -0.011180390573720058 0.003205906326046486 0.011630948746869844
3.3359823048350643 0.0019981218880111198 0.021065608174143984 0.02116015923441766
3.401393722576929 -0.018862808222667324 0.010916529701866944 0.021793947663901306
3.466805140318793 -0.006209585993146418 0.0122225568829667 0.013709480477524918
3.532216558060657 -0.020034088887956377 0.0010766380724604268 0.020062997460738724
3.597627975802521 0.004959642157154552 0.0036169154422620703 0.006138414098405099
3.663039393544385 -0.01690801032359559 0.0169485204079898 0.023940199604908514
3.728450811286249 -0.019777993107912065 -0.0028903130356932325 0.019988069462079507
3.7938622290281128 -0.010884963911557927 -0.01264978678805412 0.01668830564015254
3.859273646769977 0.002429783634878536 -0.006640064215597056 0.00707066484141174
3.924685064511841 9.281053491832222e-05 -0.006852851097422658 0.006853479551208915
3.990096482253705 0.010316288839964109 0.005284940850061836 0.011591221472227176
4.055507899995569 -0.013412594419629924 0.005240466308855724 0.014400006118045218
4.120919317737433 -0.0010423462717186532 -0.013052267201857056 0.013093821629258557
4.186330735479297 0.006172682927810972 -0.008654617373128646 0.010630353540807061
4.251742153221161 0.019852715933579897 0.0005060337697934523 0.019859164134363474
4.317153570963025 -0.0014405342140560613 0.016649305247696408 0.016711508132207495
4.382564988704889 -0.0004883807913330298 -0.009333235162256513 0.009346004193842652
4.447976406446752 0.015669772738796744 0.009010354822368305 0.018075626454165106
4.513387824188617 -0.004336155346843968 0.010249648791081306 0.011129130403247058
4.578799241930481 0.0021184612110290687 0.0021565065898967476 0.003022978427793167
4.6442106596723445 -0.001402686273621736 0.0061375731541649554 0.006295818692190333
4.709622077414209 -0.0007894292976916465 0.0021510580554799227 0.002291342264721487
4.775033495156073 -0.004613997591466726 0.00019665322512436032 0.004618186469276935
4.840444912897937 0.0043612579691909535 -0.0073772390502871025 0.008569960739636591
4.905856330639801 0.00687869015768628 0.0010668738947846217 0.006960933715588951
4.971267748381665 0.007937753672683236 -0.001733132176555182 0.00812475725850361
5.0366791661235295 0.010646128773130082 0.003499469444766659 0.011206531321016495
5.102090583865393 0.01306965813369786 0.00760408005853529 0.01512078031281285
5.167502001607257 0.0025527275822103197 0.014521209539308121 0.014743878207360183
5.232913419349122 0.006544594924033842 0.0037230843103349667 0.0075294806926873735
5.298324837090985 0.004605967541469858 0.020332109642371615 0.02084729285788672
5.363736254832849 -0.006912581234144083 0.006529303456079011 0.009508710897919142
5.429147672574713 0.003138594390721814 0.0116024591051508 0.012019477194793755
5.494559090316577 -0.00849714473353138 0.010943449691850867 0.013854983211128439
5.559970508058441 -0.007423227086653248 0.006975587524384158 0.010186418491813813
5.625381925800305 -0.01159088256882288 0.00029193320882244905 0.011594558366865702
5.690793343542169 -0.002996364480194506 -0.005915968926375357 0.0066315072522021784
5.7562047612840335 0.004067447480748276 -0.0013005472046090693 0.004270310532041196
5.821616179025897 -0.0012075221666748932 0.005832428646028817 0.005956117333803018
5.887027596767761 -0.0037160758310085086 -0.0039061891187398795 0.005391431443797409
5.952439014509625 0.005012493442298069 -0.0015330766963977975 0.005241699597088632
6.017850432251489 0.0043126414465176795 0.002015103018387315 0.004760201300463644
6.083261849993353 0.0023994541024113156 0.004288206664751411 0.004913867762689276
6.148673267735218 0.004355871943811913 0.003577701316536495 0.005636804688938117
6.214084685477082 -0.0025796366803411447 0.01133889151139162 0.011628627868741455
6.279496103218945 -0.007573551781048974 -0.0023507436566602836 0.007929986274865717
6.344907520960809 0.0006498490614658295 -0.0015356189111954406 0.0016674619165393523
6.410318938702673 0.002795436388538094 -0.003949859279475115 0.004838992966518817
6.4757303564445365 0.005506006269686935 0.004878730154966194 0.0073565014080613274
6.541141774186401 -9.460029391979359e-06 0.0008385788309258341 0.0008386321886459138
6.606553191928265 0.0016880983988456265 0.004627032082744287 0.004925352992317413
6.671964609670129 -0.0008702987371119701 -0.0042687723157955725 0.004356585472123941
6.737376027411994 0.00972378588350384 0.004774795925018606 0.010832852257545232
6.802787445153858 -0.0041015406859605235 0.004866684828029772 0.006364531185717036
6.8681988628957225 0.0026234967082316095 -0.001744427941010618 0.003150518023989172
6.933610280637586 0.0033118228502168794 0.00032305517743348386 0.0033275419214316795
6.99902169837945 0.006841256366689151 0.003248287686005403 0.007573253037223778
7.064433116121314 0.0024710278774562064 0.005814059823810946 0.006317378444103083
7.129844533863178 0.0009524959191676487 0.005710072699014001 0.005788970435583176
7.195255951605042 -0.0007613087332952395 0.0011182770931216055 0.0013528246909308352
7.260667369346906 0.00418040375793347 0.004346715876123484 0.006030730841870513
7.32607878708877 -0.002775150120420227 0.0033407682916575176 0.00434306239529352
7.391490204830634 0.0032563768804898404 -0.0008531168059348009 0.0033662737072848283
7.456901622572498 0.0039499865698268445 0.0045043902224987786 0.0059909869953418396
7.522313040314362 -0.00012254951768649665 0.005198037408512357 0.005199481828468973
7.5877244580562255 0.0001885354934221532 -0.0008294039704390498 0.0008505625070857491
7.65313587579809 0.007565213373121903 0.004073690545891473 0.008592287707272613
7.718547293539954 -0.0005315051401717638 0.00955875695312007 0.009573522455337444
7.783958711281818 -0.003775051407577556 0.0025863295849687384 0.004576036915491161
7.849370129023682 0.001220138739407869 0.0009915829237547341 0.0015722516459160763
7.914781546765545 -0.00032805902900634573 0.0046103936664818185 0.004622050679779296
7.98019296450741 -0.0007053200004806301 0.0010981707668985857 0.001305164869412529
8.045604382249273 -0.001260542644409708 0.003908410557400747 0.004106658111357341
8.111015799991138 -0.002167243525000037 -0.0025984175760911184 0.0033835954835638713
8.176427217733002 0.0028036640223068937 0.0006571988655809718 0.00287966010127914
8.241838635474865 0.0013844285769187682 -0.0020849002032074073 0.002502688822431509
8.30725005321673 0.006956989674686133 0.003130011107642469 0.007628674515776295
8.372661470958594 0.000511714045571902 0.004048531144633567 0.004080742051821401
8.438072888700457 0.0024327849132315675 0.00363164729646764 0.004371190286408022
8.503484306442322 -0.0006078844297938 0.0025529698760910365 0.0026243434737499615
8.568895724184186 0.0017942536649029625 0.0029167577401092645 0.0034244447620753087
8.63430714192605 -0.000741286623356367 0.0010688930093505627 0.0013007836574179376
8.699718559667913 0.0036297278768626044 0.002795811671244896 0.004581646795764891
8.765129977409778 -0.0019964039919261396 0.003183446302597357 0.0037576534247452105
8.830541395151641 0.0013523528353874608 -8.839157374648121e-06 0.0013523817220310243
8.895952812893505 0.0012879738442852788 0.0006282142751142777 0.0014330142354562836
8.96136423063537 0.0045760194933839255 0.003520259173349674 0.005773402727281564
9.026775648377233 -0.004233104662231153 0.0044295302057981946 0.006126982366996148
9.092187066119097 0.0011047239004627397 -0.005596378109254723 0.005704372256260901
9.157598483860962 0.006934145184796799 0.0020246259376134395 0.00722367493946798
9.223009901602826 0.002835651286820289 0.0033461456356674905 0.0043860698621365065
9.288421319344689 0.003279783299526571 0.003919202360237868 0.005110491721189604
9.353832737086554 0.0008497837945366629 0.003970655680627222 0.004060571269114034
9.419244154828418 0.0019289916712665392 0.002684309857854527 0.00330552995460496
9.484655572570283 0.0010815231774160086 0.004171446734960024 0.004309368891832847
9.550066990312146 0.0009232918715138464 0.0024189568050845193 0.0025891735949658233
9.615478408054011 0.0020454931257756995 0.004681538573830848 0.005108898662712132
9.680889825795875 -0.0028317792627864944 0.005467527434108686 0.006157339525791861
9.746301243537738 -0.0036245534386154044 -0.0025827734600628047 0.004450629885239116
9.811712661279602 0.006662034488621905 -0.0004972472315173113 0.006680565719820393
9.877124079021467 -0.0012519290299033495 0.006300094201448596 0.006423279010212849
9.94253549676333 0.0018682744070760654 -0.0033962792145010427 0.00387623035473735
10.007946914505194 0.004456538270228619 0.007328488000854129 0.008577148111853686
10.073358332247059 -0.0031646388330206308 0.0007103459789442004 0.003243382548091479
10.138769749988922 0.004472940833326163 0.002359769941160045 0.005057243703208205
10.204181167730786 -0.0010220884486232798 0.004023926798456701 0.0041517046711136785
10.269592585472651 0.00017754956541124448 0.002241117133870441 0.0022481391985162713
10.335004003214515 -0.0010035005141632086 -4.965795378523062e-06 0.0010035128006406124
10.400415420956378 0.004369942163651405 0.0008552906445979557 0.004452854882027384
10.465826838698243 0.001169051893719844 0.005219722442139723 0.005349035866694766
10.531238256440107 -0.00198765111504059 0.0027145428663286667 0.003364446451982548
10.59664967418197 -0.0002458684516795789 -0.0014139205716343613 0.001435138557220923
10.662061091923833 0.003380971878698746 0.000976621188167172 0.0035191987425731994
10.727472509665699 0.0025052135694006066 0.0008306329009773367 0.0026393268165376856
10.792883927407562 0.005417060230281168 0.004677248288961934 0.0071568982873233015
10.858295345149426 -0.0012657113185173346 0.006140271553483343 0.006269366785596424
10.92370676289129 2.795749940939509e-05 0.002271425345314228 0.002271597394150003
10.989118180633154 -0.001761355355366882 0.0036222601784189246 0.004027796108052032
11.054529598375018 -0.0004384592123806115 -0.0020207092195146464 0.002067731179518488
11.119941016116883 0.005682671607121801 0.002454250379971801 0.006190000122938609
11.185352433858746 -0.00029565897517799854 0.005995176247657178 0.0060024622006370106
11.25076385160061 0.000641843368859252 0.0019779303362471106 0.0020794641918521228
11.316175269342475 -0.00020990888149997818 0.006157393329421223 0.0061609702443473574
11.381586687084338 -0.0037233887845909757 0.0018557783283667329 0.004160232835461675
11.446998104826202 -0.00048357182789058884 0.001320699903655548 0.0014064458568481117
11.512409522568067 -0.002085616799261615 0.0019192176460189373 0.002834288941895786
11.57782094030993 -0.0024418705211286585 -0.0012962913142449564 0.002764616214476082
11.643232358051794 0.003091695695142659 -0.002001173909728378 0.0036828357672235683
11.708643775793657 0.0014448673645336776 0.0038349855113381333 0.004098140501894475
11.774055193535522 -0.00032436663496830605 2.9316388766844067e-05 0.00032568875407510014
11.839466611277386 0.000927125343746261 0.002154487996751534 0.0023455020637729272
11.90487802901925 0.0008408546691575497 -0.0006653007709991558 0.0010722227802728887
11.970289446761115 0.002625548852580881 0.004037076217011788 0.0048157544745606575
12.035700864502978 -0.0016514094954556198 0.0013225497181658615 0.0021157247171363254
12.101112282244841 0.0013852114801534295 0.0025494375832649566 0.002901455296176854
12.166523699986707 -0.002755952861758373 0.001048879926355372 0.0029488006504586597
12.231935117728572 0.0011198722558776694 -0.0009704637080890202 0.0014818615583793349
12.297346535470435 0.0012034980042176927 0.00048557638502618415 0.0012977641819109768
12.362757953212299 0.002338659802495929 0.0011859071150482038 0.002622156623341224
12.428169370954164 0.0019640343734907404 0.0029645207560766817 0.0035560953774417562
12.493580788696027 -0.0014337695448167211 0.00442131984280695 0.00464798496770831
12.55899220643789 -0.0019024789913094716 -0.0009725061722455422 0.0021366315937544266
12.624403624179756 0.000825857793410307 0.002414584853594966 0.0025519132254343533
12.689815041921618 -0.0032361765013031196 -0.0014663370767526971 0.003552883725967703
12.755226459663483 0.0032181957575340516 -0.0013377717867526897 0.003485171055664507
12.820637877405346 0.00040174346446948054 0.0005402359538802024 0.0006732404452413661
12.886049295147211 0.003556062076185734 0.0005451776729118407 0.003597609787724061
12.951460712889073 -0.00015495582949525912 0.0036050556325724144 0.0036083843230782188
13.016872130630938 -0.0012154061298605531 0.0004063399740987972 0.001281531987526343
13.082283548372802 -0.0009060136271441879 -0.00131738434279662 0.0015988627831107491
13.147694966114667 0.002419296926507204 -0.0023703573438680543 0.0033869738050708955
13.21310638385653 0.0034779352387259575 0.00019755516487519905 0.0034835415266565506
13.278517801598396 0.0027545491231794348 0.0013060161693938767 0.0030484781624159373
13.343929219340257 0.00251736546109698 0.00112577216318884 0.0027576243087365786
13.409340637082122 0.0023434636370870264 0.002885428326861677 0.0037171922801766564
13.474752054823988 0.00011436143389286085 0.001055427270704508 0.0010616050401673863
13.540163472565851 0.003252829264140118 0.0009831518994580098 0.0033981591897752866
13.605574890307716 0.001392375815214428 0.0035293391267401104 0.0037940670898565683
13.670986308049578 -0.000196622572473454 0.002045126184445221 0.0020545562893991356
13.736397725791445 0.0002942161763921851 0.0003894743346491664 0.0004881120934798156
13.801809143533307 0.0016622115323822058 0.0006801488926385575 0.0017959815407018684
13.867220561275172 0.0024867445155039476 0.0004978077430780141 0.0025360817878091768
13.932631979017035 0.0034883332122663574 0.0043725965140726936 0.005593573891054019
13.9980433967589 -0.0027768286428841776 0.0038308769362736302 0.004731426361343397
14.063454814500762 7.075158255292967e-05 -0.0014119278043968311 0.0014136993708927653
14.128866232242627 0.0016342106897982744 0.0019331609502699764 0.002531354546147116
14.19427764998449 0.00029272470832986797 2.595731661457948e-05 0.0002938733352188248
14.259689067726356 0.0031798189452914866 0.0021424993212599886 0.0038342602763028716
14.32510048546822 -0.0016260868937001012 0.002692784059275362 0.0031456707672213157
14.390511903210085 0.0018535334192103313 -0.0013364064479904976 0.002285075125758477
14.455923320951946 0.0016761925746606977 0.003874422621804202 0.004221465645921544
14.521334738693811 -0.00092999708339702 0.000532742401351506 0.0010717784478728486
14.586746156435675 0.0008612540065212743 0.0013804595384460554 0.0016270915773353518
14.65215757417754 0.0002542072198170344 -0.0001631378434283339 0.00030205176140117715
14.717568991919402 0.0013431626080912897 0.001904073720291998 0.002330146459792003
14.782980409661269 -0.0009886515777967175 -0.0008416705719145363 0.0012983995124409443
14.84839182740313 0.003326997535940722 -0.0005820281397742658 0.0033775241464191973
14.913803245144996 0.0018187498928346276 0.0010049154404120797 0.002077909096920405
14.979214662886859 0.003418924029078275 0.001068373057805536 0.0035819634988723125
15.044626080628724 0.002078202394554191 0.003479911096439477 0.004053234070696309
15.110037498370586 -0.0003671957897990115 0.0029083299573782555 0.002931418750200989
15.175448916112451 -0.0005225891191083809 -0.0003071480455354729 0.0006061677237256488
15.240860333854314 0.0027487445310887073 0.0003627878619309259 0.00277258210517822
15.30627175159618 0.001086957548037842 0.0017161653171586496 0.002031428095467493
15.371683169338043 0.002484803833978492 0.00018882318758206044 0.0024919679551556966
15.437094587079908 0.003141221143960839 0.00352409842092619 0.004720862204686884
15.50250600482177 -0.00036177741331966823 0.0031032048601574752 0.003124222031305273
15.567917422563635 0.0005450383110346165 0.0017319890213310244 0.0018157237484008042
15.633328840305499 -0.0010256064026356977 0.0008715285419681188 0.0013458939380918587
15.698740258047364 0.003219499045988102 -0.0006579818995849932 0.0032860484304556097
15.764151675789225 0.0007590938378814313 0.00401667580772151 0.004087775434028246
15.82956309353109 0.0009011087148876404 -0.0012904521997204647 0.0015739325893474093
15.894974511272954 0.0033906787506092655 0.0035264839116251824 0.004892115203956716
15.96038592901482 0.0004556195642764764 0.0010293826752979423 0.0011257077238586556
16.025797346756683 0.003463419833893607 0.004111219047110188 0.005375630102520934
16.091208764498546 -0.0019299449446705617 0.0034431678141611604 0.0039471625360421635
16.15662018224041 0.0006426417785358156 0.001119866720241009 0.0012911583662057224
16.222031599982277 1.768949983550103e-06 0.0018621728172740456 0.00186217365747086
16.28744301772414 0.0012867377641043523 0.001506462494833869 0.0019811923990146318
16.352854435466003 0.00041784528408968653 0.0030659917804564535 0.0030943335759517792
16.41826585320787 -0.001067274824184178 0.001773484496597971 0.002069860577432868
16.48367727094973 0.0007008667006768727 0.0005587962652692577 0.0008963634297518813
16.549088688691597 0.00046779108231775613 0.0023908787752474885 0.002436212185878921
16.61450010643346 0.00013097269128416737 0.001192278469249606 0.0011994506217841573
16.679911524175324 0.00017050983215831936 0.0017853256799999731 0.0017934495773592367
16.745322941917188 0.001380486136667898 0.0016099446915807316 0.002120769644134232
16.81073435965905 -0.002047284010933229 0.0038497720554673074 0.0043602886028885545
16.876145777400914 -0.000401409570068501 -0.0025323866247520493 0.0025640030538526385
16.94155719514278 0.002660786034193815 0.003758424728726845 0.00460494720504658
17.006968612884645 -0.0017049577078515619 0.0014478795739527148 0.0022367914623924925
17.07238003062651 -0.0007857489939979903 0.0032535210912183286 0.003347058555294687
17.13779144836837 -0.003632236094662866 -0.0024126903666490023 0.004360529079445824
17.203202866110235 0.003437657510069716 -0.00012425224392501773 0.0034399022917314267
17.2686142838521 -0.0012070641115697993 0.0008966645825637522 0.0015036659014102888
17.334025701593966 0.0019835775982630526 0.00041508744870827146 0.0020265432831316882
17.399437119335825 -0.0012373742130640825 0.0007275951305611932 0.0014354405655311253
17.464848537077692 0.002340712697348908 -0.000868853969851845 0.002496766539438101
17.530259954819556 0.0015416437704872277 0.002264213291777082 0.002739220207603267
17.59567137256142 -0.00028962052948201025 0.002236720184160485 0.0022553929221597628
17.661082790303283 -0.0005361525543953247 -0.0006314546811564215 0.0008283686232221676
17.72649420804515 0.001857183119694505 0.0019078223641505623 0.0026625017020147153
17.79190562578701 -0.0017653426994186504 0.00011442557353776074 0.0017690472176485775
17.857317043528877 0.0022968427358615604 0.00020831102732420215 0.0023062697234679384
17.92272846127074 -0.0009406468787798429 0.0007372916624834964 0.0011951633972499068
17.988139879012603 0.002375498621981267 -0.000363303463904151 0.002403119453943073
18.053551296754467 0.0003850551175295145 0.001566632514015008 0.0016132590856724324
18.118962714496334 0.0010849358636012413 0.0007640044767962222 0.0013269471235481994
18.184374132238194 -8.803540648395136e-05 -0.0004761459949773392 0.000484216110148924
18.24978554998006 0.004427083843506245 0.0011924410191272792 0.004584864986183489
18.315196967721924 -0.0019807324042698383 0.0036307800798997918 0.004135923699238383
18.380608385463788 0.001374565972006458 -0.00251001789731303 0.002861751466537544
18.44601980320565 0.002641411184897787 0.0030256332085395778 0.00401640502941631
18.511431220947514 9.064002618212945e-05 0.001096024853727837 0.0010997663817081441
18.576842638689378 0.0014777738526977533 0.0016832379255005928 0.0022398896119141007
18.642254056431245 0.0002500375521440496 0.0021369157176061924 0.0021514942625149103
18.70766547417311 -0.00038169148225080247 0.0006399076029699266 0.0007450973949501715
18.77307689191497 0.0021661373366201205 0.0006147707601205068 0.0022516869339672544
18.838488309656835 0.0005014043119079032 0.00336013893606227 0.0033973430727027736
18.9038997273987 -0.0011413527175795123 0.0008639989548657377 0.0014314957980850749
18.969311145140566 0.0013220178295237906 0.00018341815494729056 0.001334680996022294
19.03472256288243 0.0010886871201960773 0.003555764759291954 0.0037186963668876484
19.100133980624292 -0.003490875430338095 0.0010075963845185833 0.003633381585277426
19.165545398366156 0.0017719365675909926 -0.0022676613960662976 0.0028778546535180504
19.230956816108023 0.0012022254272216237 0.0028774174210405025 0.00311847350361769
19.296368233849883 -0.00029786676296635626 -0.00038398628986999113 0.00048597333186932835
19.36177965159175 0.001992450874941457 0.0018348630103428277 0.002708612699479075
19.427191069333613 -0.0005974781107180933 0.0013357356386740982 0.0014632736549297137
19.492602487075477 0.0011085148553379705 0.0012105260162716784 0.0016413952664046346
19.55801390481734 -0.0008773003346823167 0.001850374321978197 0.0020478137143475667
19.623425322559203 -0.0004849607628929406 -0.00014530908017069334 0.0005062624520204476
19.688836740301067 0.000873687907305243 -0.0005837867695114584 0.0010507794971486833
19.754248158042934 0.0026576804947193444 0.0015908614945276632 0.0030974353757233495
19.819659575784797 -0.001080029054129697 0.002469253222496546 0.0026951204489918195
19.88507099352666 0.0010859628108136454 -0.0008444781834565649 0.0013756666125207709
19.950482411268524 0.0016621037391085034 0.0029892211807730027 0.0034202386038316704
20.015893829010388 -0.0003936845552099339 0.001725016818734288 0.0017693701008909943
20.08130524675225 -0.00020301894176306764 0.002513161499037494 0.002521348331936502
20.146716664494118 -0.0019609339098785885 0.0009170044846769571 0.002164753802128404
20.212128082235978 -0.0002153167378040864 -0.0006855539353236412 0.0007185718445752832
20.277539499977845 0.0019238978156592085 0.0010041768713207116 0.0021701967638888707
20.34295091771971 -0.0011892666824781307 0.003183816906158676 0.003398682882234579
20.40836233546157 -0.0013010763198848152 -0.0005930579384308391 0.001429866185522565
20.473773753203435 7.737332385896748e-05 0.0013977070536948493 0.0013998470056378737
20.539185170945302 -0.0014630224800458679 -5.981297551633292e-05 0.0014642446411579177
20.604596588687162 -0.00011495259127996349 -0.0003652826047388507 0.00038294318059834645
20.67000800642903 0.0007729217634430745 3.356373918578463e-05 0.0007736501644749281
20.735419424170892 -0.0014033317676066081 0.0010298747020323089 0.0017406843343524478
20.800830841912756 0.0010132900543556643 -0.003272546619866001 0.0034258310106385125
20.86624225965462 0.003367781546494729 0.0025052077211039736 0.004197382311725892
20.931653677396486 6.553829660118688e-05 0.001302941691549401 0.0013045889467180839
20.997065095138346 0.0004120354799093126 0.004125061742611131 0.004145588934887066
21.062476512880213 -0.004618649148099839 0.00037799308737693736 0.0046340909278248
21.127887930622077 -0.0001896588069458187 -0.0019663479992071647 0.0019754733399968047
21.19329934836394 0.0005715556886714955 -0.0005690280430570967 0.0008065164716471305
21.258710766105803 -0.00029982753727022073 0.001265266482854532 0.0013003060504129802
21.324122183847667 -0.001091705334222893 -0.0022225746288925398 0.0024762185924848256
21.38953360158953 0.0016059004403506348 0.0004786942002230334 0.0016757280094470976
21.454945019331397 -0.0007578426307494073 -0.0021258167405293527 0.0022568611537478384
21.52035643707326 0.0038564529655865753 0.0009579772881598424 0.003973657000850926
21.585767854815124 -0.0022727162106029025 0.0006693561011448512 0.0023692354387179534
21.65117927255699 0.0027178736758747936 -0.00198755125486469 0.0033670754830753893
21.71659069029885 0.001423063059451096 0.0013430247600985628 0.0019567380962745413
21.782002108040718 0.002081537261006485 0.0012428277051963741 0.002424338687923382
21.84741352578258 -0.0006302564413236035 0.0022314492031741164 0.0023187472324891927
21.912824943524445 0.00028031822251050714 0.00013884370913511268 0.00031281924723048287
21.97823636126631 0.00023835014861820958 0.001366188710018161 0.001386824568836091
22.043647779008175 -0.0005919945279807934 0.0010505023565025018 0.0012058244989120563
22.109059196750035 0.00014753162890664771 8.128263859589357e-05 0.00016844123267466152
22.174470614491902 -0.0010889934598867711 0.003457679895892551 0.003625114759305653
22.239882032233766 -0.005696875490076877 -0.0029759739834206915 0.00642734871462841
22.30529344997563 0.0028537784536489304 -0.004590936887963459 0.005405622348238406
22.370704867717492 0.0016246962435349003 -0.0009946966971188004 0.001905009029641452
22.43611628545936 0.004395345490886187 -0.0003962654268803678 0.004413172132694827
22.50152770320122 0.0007142977101235892 0.00299484474544322 0.0030788498287504487
22.566939120943086 0.0007337553228299673 0.00031497087120071425 0.000798500797423676
22.63235053868495 0.00021221415652290527 0.0019741711215781913 0.001985544375102713
22.697761956426813 -0.001348245075047163 0.0009726597494486494 0.0016624776000254678
22.763173374168677 -0.0016621358075105655 -0.002040488645169547 0.0026317844428589993
22.82858479191054 0.0028687945875724044 -0.0015565266106199725 0.0032638562277240123
22.893996209652403 0.0006041668664091851 0.0010181401773416286 0.0011839032997605578
22.95940762739427 0.001471752262818271 -0.0002957688621680238 0.0015011775187961179
23.024819045136134 0.00031598023215655954 0.0008975947709726031 0.0009515880831489395
23.090230462877997 0.0010600246115919946 -0.000397156320359489 0.0011319829150575763
23.15564188061986 0.0009945946651163853 0.0002752984143236654 0.0010319921340819895
23.221053298361724 0.002198247736858223 0.0008156369740462464 0.002344686927082935
23.286464716103588 0.00012404830789247142 0.002191449500514075 0.0021949576068786324
23.351876133845455 -5.226601284677552e-05 0.0012032664476962708 0.001204401046267605
23.417287551587314 -0.0015148043320547865 0.0004832892094254321 0.0015900316425653319
23.48269896932918 0.0005929293854239439 -0.0005392545597478099 0.0008014741020819202
23.548110387071045 -0.0010325475685564712 6.271435302754194e-05 0.0010344503716503484
23.61352180481291 0.002117481033575739 -0.0016165077910169265 0.002663986367452244
23.67893322255477 0.0006175392472187042 0.002927878792139416 0.0029922949291998624
23.74434464029664 -0.001790396659379613 -0.00046736416086329394 0.0018503917036068686
23.8097560580385 -0.00010918157166084751 -0.0005893369777885755 0.0005993652383808262
23.875167475780366 -0.0005443892342099073 -0.0017767325508793958 0.0018582621439608713
23.94057889352223 0.002314548266722909 -0.0023724567645984447 0.0033144659869847725
24.005990311264092 0.0030458181265522106 0.0009403053819260043 0.003187660940456658
24.071401729005956 0.000833477503740245 0.0006399755037195557 0.001050834618102282
24.136813146747823 0.00231438520320791 0.0014713897752830162 0.002742511028170192
24.202224564489683 -0.0009004926519581272 0.0019118891221128233 0.002113340254545851
24.26763598223155 0.0009348925367980342 0.0003564199615372243 0.001000529481995838
24.333047399973413 -0.0016924706262040822 0.0022038544590195193 0.0027787463535025748
24.398458817715277 -0.001149914340596792 -0.0018873998932189807 0.0022101088994963968
24.463870235457144 0.00012128155495262565 -0.00027901173883011033 0.0003042314348924655
24.529281653199003 0.00047972172403796826 -0.0021504216623207326 0.002203280794245759
24.59469307094087 0.0025144432496356896 0.0007565521570051359 0.002625794360171339
24.660104488682734 -0.0012935312547195906 0.001148950671671734 0.0017301187106298131
24.725515906424597 -0.0005850833825037765 -0.0024390465393529996 0.002508240535836207
24.79092732416646 0.0023063858576079033 -0.0014812791120887834 0.00274109531612534
24.856338741908328 0.0016279026165363253 -0.00038964736987378 0.001673885301260325
24.921750159650188 0.002923244130313649 0.00012740666590051322 0.0029260192589812333
24.987161577392055 0.0007146141349809336 0.0021633263205503308 0.00227830071129787
25.052572995133918 0.0003270505335183173 -0.0006078699916104313 0.0006902665993477315
25.11798441287578 0.0019998067507694854 0.0009375266503425046 0.0022086609655005097
25.183395830617645 0.000253412959731478 0.0012444634213672145 0.0012700028879025673
25.248807248359512 0.0003880146507891911 0.0005923458803325573 0.0007081165237261521
25.314218666101375 0.0002305896580093511 0.0005781850326969701 0.0006224704992332294
25.379630083843235 0.00024103403673493182 0.0005448110002275198 0.0005957486322549528
25.445041501585102 -0.0002410934688542582 0.00022885745108059153 0.0003324181006492945
25.510452919326966 0.0005106152546877961 -0.0001107885283169218 0.0005224959677610079
25.575864337068833 -0.0005505078247542055 0.0006229532260341026 0.0008313420396815637
25.641275754810692 -0.00023204355217559428 -0.002151779948256032 0.002164255335172585
25.706687172552556 0.0027058306358202573 -0.0004904799226224067 0.0027499254506693706
25.772098590294423 0.001318833628924043 0.0009524388907175654 0.0016267950028606146
25.837510008036286 0.0007468450437196683 0.001640041333875309 0.0018020857627061306
25.902921425778146 -0.0011532029271829373 6.310614289215952e-05 0.0011549282993043423
25.968332843520013 0.0013033876452621849 -0.0004017711282727481 0.0013639059327298418
26.033744261261877 -9.425988317281177e-05 0.0008081395474324728 0.0008136181252283616
26.099155679003744 0.00045742708445109564 0.00016723465787459163 0.00048703898035358674
26.164567096745603 -0.0012842294640342227 0.0002108024762385814 0.0013014157676476588
26.229978514487467 0.000728283126932687 -0.0019019175851683664 0.002036587050373129
26.295389932229334 0.00037934856033059795 0.00044858132183295507 0.0005874781123772175
26.3608013499712 0.00019196007326835397 -0.002277136549069162 0.0022852132357475538
26.42621276771306 0.0029276523595870266 -0.0004670808512208611 0.002964677530554156
26.491624185454924 0.001321095254001202 0.0007281154600232974 0.0015084577532265987
26.55703560319679 0.0014584374151568377 0.0005586401524913242 0.0015617677528700891
26.622447020938655 0.0008104900774790351 0.0012999446338194673 0.0015319106425271682
26.687858438680514 1.0966337089380279e-05 0.0008347973878872543 0.000834869414562865
26.75326985642238 4.092507058691072e-05 0.00047584707172927047 0.0004776037029545155
26.818681274164245 -0.0002668266660199309 0.00046560076241444054 0.0005366381831925679
26.884092691906112 -0.0007296910425474634 -0.00020921983523997724 0.0007590928513902942
26.949504109647975 -8.229292825706707e-05 -0.0011753670596965022 0.0011782443936046222
27.014915527389835 0.0007006374858934139 -0.0006354796049504522 0.000945900214053801
27.080326945131702 0.00020583773389851233 -0.0006177049323725634 0.000651097962040942
27.145738362873566 0.00044760648312136515 -0.0011660422629277492 0.0012490020507052594
27.211149780615433 0.0012641814718431803 -0.0016508679184843028 0.00207930749963354
27.276561198357292 0.00239969647225282 -0.0006425390301790281 0.0024842301753754694
