0.0 0.6699691347674709 0.0 0.6699691347674709
0.034479158406178 0.05025168172992584 0.45084803902657217 0.4536399296918111
0.068958316812356 -0.05851152806255383 0.05875782028134082 0.0829221343214788
0.10343747521853401 -0.029793001770565215 0.09260946798184022 0.09728379368826233
0.137916633624712 0.011871425203203069 0.000244549125876579 0.011873943769035292
0.17239579203089 -0.008503096092060894 0.07867101432094858 0.07912920533809067
0.20687495043706802 0.0024276269312985934 -0.0008352871132083778 0.002567309307243327
0.24135410884324604 -0.007143163971828862 0.0654113142525953 0.06580018863027835
0.275833267249424 -0.012745595838874977 -0.005985498693279326 0.014081065580956422
0.310312425655602 -0.004554102507146785 0.04128700148962763 0.04153740894242339
0.34479158406178 -0.0075345292282314276 -0.014773363994087558 0.016583769607446806
0.379270742467958 0.012647072780556576 0.03456447162534382 0.03680558583497746
0.41374990087413605 -0.006860645746755906 0.0007412703463525237 0.0069005754679491394
0.448229059280314 0.004290172962622346 0.033230500998391636 0.03350629464225078
0.4827082176864921 -0.015274309220179406 -0.003229233681140032 0.015611933650930842
0.5171873760926701 0.008620976536853755 0.02255500663923519 0.02414641921579526
0.551666534498848 -0.019361621226819514 0.0033855504044163556 0.019655389288225043
0.586145692905026 -0.0020953052738439015 0.003603952546943379 0.004168786172402914
0.620624851311204 -0.0008461216984763963 -0.015621968189233905 0.0156448653568533
0.655104009717382 0.026729214048202526 0.014255295359105326 0.030292974918451922
0.68958316812356 -0.011007678291060198 0.01638569490044138 0.01973980695776503
0.724062326529738 0.0015272291207260094 -0.0022449695901940784 0.0027152011432101503
0.758541484935916 0.007143590007397493 0.0010413299394380381 0.007219089017082373
0.7930206433420941 0.011512663239274516 0.007330992845632055 0.013648621577421333
0.8274998017482721 0.011530952004621453 0.007623675774650346 0.013823287830681746
0.86197896015445 0.012742911923476203 0.022221971432381173 0.025616358418616744
0.896458118560628 -0.0029552489754987 0.016583039769586704 0.016844307777610822
0.9309372769668062 0.010130715025757946 0.02097295985828499 0.02329155280676562
0.9654164353729842 -0.021980983892225723 0.038860857383013765 0.04464672316545999
0.999895593779162 -0.04035831546154855 -0.018283300599099647 0.04430657634811006
1.0343747521853401 0.03839131931931199 -0.022576126874042684 0.044537342800286706
1.068853910591518 0.008921903734268996 0.06867092540704833 0.06924807840297056
1.103333068997696 -0.0745136747045911 0.0013910146827324729 0.0745266572430912
1.1378122274038742 0.01190493102142178 -0.05373947174588991 0.05504233103850263
1.172291385810052 0.03548917471090039 0.027655001216606617 0.04499200611165639
1.2067705442162302 -0.030400780698516643 0.03457646345945212 0.04604062654267565
1.241249702622408 -0.03158769254763943 -0.01773316913309858 0.03622495835728836
1.275728861028586 0.00036331586230521726 -0.0011785194456421335 0.0012332503799144866
1.310208019434764 -0.04880396211077831 -0.01982189852134668 0.052675747538130396
1.3446871778409422 0.04914957563259183 -0.07519076969644088 0.08982946416631392
1.37916633624712 0.04785303070846674 0.07703463916948367 0.09068764072329817
1.4136454946532981 -0.07524646639639755 -0.004580108048593805 0.07538572872156228
1.448124653059476 0.025895656135112084 -0.03665250034711741 0.044877508713869245
1.4826038114656541 -0.0007580113802697129 0.012466076344987993 0.012489100876031372
1.517082969871832 -0.016665170672394754 0.010443475632348494 0.01966708155328347
1.55156212827801 -0.07004330226249862 -0.05121618329455048 0.08677074174568716
1.5860412866841882 0.050376760059477776 -0.12608321692007202 0.135774797156925
1.620520445090366 0.13067286633088318 -0.025448659716472734 0.13312787941108986
1.6549996034965442 0.10319300877847574 0.08589485783244417 0.13426363492327462
1.689478761902722 -0.029816323343997676 0.08925450350127519 0.09410302616288684
1.7239579203089 -0.009453230680638528 0.007063731531035175 0.011800842065035278
1.758437078715078 -0.019954448945441614 0.029470027717930534 0.035590203236450194
1.792916237121256 0.002057285903004151 -0.018035927923445164 0.018152881901957293
1.827395395527434 0.013125602374036902 0.029336295308253116 0.03213875635575149
1.8618745539336123 -0.003401363801652751 0.015345462284145477 0.01571790343606058
1.8963537123397902 -0.023625524394716515 0.03472835753509176 0.04200266920102232
1.9308328707459683 -0.040176784084808834 -0.02241228390611064 0.046005265451744264
1.9653120291521462 0.002388864187144466 -0.032004908599497846 0.03209393784761902
1.999791187558324 0.03912794359230396 -0.01897897328212903 0.043487899427384256
2.034270345964502 0.01576841840616143 0.04436871878158178 0.04708743171325931
2.0687495043706803 -0.024422870157880992 -0.00881069417488694 0.025963530549447635
2.103228662776858 0.02455941016335035 0.002917325114106445 0.024732072565660013
2.137707821183036 -0.010527516045305834 0.016949290556643754 0.01995261998980848
2.172186979589214 -0.0043693235894810886 -0.004500373240883836 0.006272507308633381
2.206666137995392 0.002958027858016956 -0.004723270372576074 0.0055730792046461445
2.24114529640157 0.009004429372005681 0.003187280684895251 0.009551884969980792
2.2756244548077484 0.0033081652786591626 0.003332250918447238 0.004695514209798381
2.310103613213926 0.0040187551404316235 0.009886849107036199 0.010672402641582077
2.344582771620104 -0.01063089577794018 -0.001322456831110118 0.010712835157491045
2.3790619300262823 0.012275485821183336 -0.012783947147075677 0.0177233421454673
2.4135410884324604 0.017522395282020032 0.012312077160961988 0.021415451908303025
2.448020246838638 -0.005164061243926896 0.01336236104961861 0.01432550946219339
2.482499405244816 -0.0007661828787710678 -0.008614637150557252 0.00864864205754193
2.5169785636509943 0.02334132001497074 0.003658686631804039 0.023626324468926926
2.551457722057172 0.002269583245759528 0.030955941000342196 0.03103902851775647
2.58593688046335 -0.0229447853579792 0.0005132519170306801 0.022950525106281826
2.620416038869528 0.01259684813533868 -0.01100159791343182 0.016724704469544834
2.654895197275706 0.005910223643613747 0.016767176233881433 0.017778327884690658
2.6893743556818843 -0.004060096274734994 0.004520355217515228 0.006076017861447918
2.7238535140880624 -0.0026935065024745663 0.005885573421802329 0.006472630978381105
2.75833267249424 0.0002058831608073085 -0.004907263992049424 0.004911580984119966
2.792811830900418 0.013143680483927885 0.009037518268111997 0.015950958375910988
2.8272909893065963 -0.007356348396614311 0.018480222377256807 0.019890562607559222
2.8617701477127744 -0.012512052267339006 -0.0015111012365221807 0.012602971034150718
2.896249306118952 -0.0016253828791886612 0.0006237273410666183 0.0017409495397494024
2.93072846452513 -0.010554908698707304 -0.007110490407303057 0.012726553793953644
2.9652076229313082 0.014387509193216328 -0.01318565864407124 0.019515686374372156
2.999686781337486 0.011345524076220685 0.012653424820422034 0.016995001507801512
3.034165939743664 -0.0031494647127877887 0.007815558803430536 0.008426273635894814
3.068645098149842 -0.0033420538998245983 -0.0010042704681820617 0.003489682427183801
3.10312425655602 0.007648318856625757 0.0007191574058358154 0.007682054979430024
3.1376034149621983 -0.0019021938796148813 0.00795147350217654 0.008175834661455671
3.1720825733683764 -0.000694280655124184 0.0013759421848197236 0.001541182183924451
3.206561731774554 -0.008166746490251628 -0.002365543736037239 0.008502443496027617
3.241040890180732 0.013644821363260088 -0.014558590754248672 0.019953288320098364
3.2755200485869103 0.01572906307167372 0.013802874613525725 0.020926604423780817
3.3099992069930884 0.0018331930494797904 0.010454603342880371 0.010614109845560599
3.344478365399266 -0.0029135907988403604 0.010820984269925863 0.011206369256501866
3.378957523805444 -0.002162484301623667 0.001742763077795407 0.002777329922802784
3.413436682211622 -0.002567426396377269 0.005241635236897852 0.005836644434733366
3.4479158406178 0.0028692289883271316 -0.002336871511707778 0.0037004653017814033
3.482394999023978 0.0038989957992365933 0.0125083618195475 0.013101957245052294
3.516874157430156 -0.008535174664065196 0.008283243073695793 0.01189375139995913
3.551353315836334 -0.013822200197864124 0.0012165646048712046 0.01387563503943731
3.585832474242512 -0.005210589670807189 -0.015963671102104192 0.01679252928458602
3.62031163264869 0.01140077918314053 -0.007494400456448142 0.013643452795547783
3.654790791054868 0.012224734882437074 0.003686292286799685 0.012768433489257507
3.6892699494610457 -0.0004360237997757196 0.011386653609211685 0.011394998778856642
3.7237491078672247 -0.0025968060445183913 -0.0032695404562796404 0.004175319919251282
3.7582282662734023 0.005570472666459952 0.0017599962760907145 0.005841896320513625
3.7927074246795804 0.0037562119194616407 0.002534879352375103 0.004531527481435297
3.8271865830857585 0.002150987132828544 0.007037497016670398 0.007358879663728625
3.8616657414919366 -0.0008349235651950375 0.0028787930770407073 0.0029974233835305107
3.8961448998981143 8.003724140711486e-05 0.004888925263875659 0.004889580370110889
3.9306240583042924 -0.0033563506461901827 0.0030935931862710155 0.004564581959207624
3.9651032167104705 -0.004537843992531534 -0.0024699746530119277 0.005166507803833835
3.999582375116648 0.006011959493334913 -0.0040242313653132186 0.007234507241759488
4.034061533522826 0.0010700024369634888 0.005157010472400279 0.005266845567087946
4.068540691929004 0.0014713328646496582 -0.0021901665717371484 0.0026384938905657947
4.1030198503351825 0.0019657115046219256 0.0015759010923248862 0.0025194217535366653
4.137499008741361 0.00723122919896545 -0.0007355936369099975 0.007268546878615627
4.171978167147538 0.0003811908224236564 0.010459594634943638 0.010466538413938095
4.206457325553716 -0.0031598262474724042 -0.0037327836319587366 0.004890621183166265
4.240936483959894 0.005349560039371238 0.0004687654468295992 0.00537005899958082
4.275415642366072 0.005576549580376966 0.001758847684027579 0.005847345585649244
4.30989480077225 0.0013246892566984548 0.006947271944656212 0.007072438695373726
4.344373959178428 0.0034186844584009287 -0.0003061627611521939 0.0034323663939661783
4.378853117584606 0.002615812667692734 0.010128917095700138 0.010461234986560063
4.413332275990784 -0.002313842049043738 0.0017928484692076216 0.0029271437719153863
4.447811434396962 -0.001259007743195262 0.007338553772975968 0.0074457687297071916
4.48229059280314 -0.005974028652298612 -0.003883122336759545 0.007125142624588345
4.516769751209318 0.005147243095414011 -0.0013566776815366435 0.005323033516226143
4.551248909615497 0.0033789339196868503 0.0014213586394343427 0.003665713411534648
4.585728068021675 0.0022623174995408776 0.005242534457357 0.005709837826532759
4.620207226427852 0.0003861758820992294 0.0006504905327512298 0.0007564851255074991
4.65468638483403 0.002201147156938713 0.005157722720014207 0.005607776071050816
4.689165543240208 -0.00144461768627452 0.00023129841470799451 0.0014630171619443087
4.7236447016463865 0.0037537333461296362 0.002099845465704551 0.004301146941652373
4.758123860052565 0.002823332259235796 0.003193294036499546 0.004262432621119666
4.792603018458743 0.001255749277647119 0.00795265134298166 0.00805118436202645
4.827082176864921 -0.004088490102618343 0.004219567996402619 0.005875415338124902
4.861561335271098 -0.004563625660084637 0.0021324166616491632 0.005037249247780171
4.896040493677276 -0.0016422027336184305 -0.004003501392104132 0.0043272223440543895
4.930519652083454 0.0014632429469328095 0.0011034299376975372 0.0018326586013646415
4.964998810489632 0.0006323235596000682 -0.0032218542664372825 0.003283318138436393
4.99947796889581 0.004719371951712983 0.002335223723037685 0.005265523853830043
5.0339571273019885 0.0008924037674328725 -0.00026596525541035086 0.000931193858019842
5.068436285708167 0.005213820100507588 0.0030197408402199903 0.0060251767428474235
5.102915444114344 0.0009236329159073105 0.002207149714540435 0.00239261522726563
5.137394602520522 0.005708837391926747 0.0041289106727889265 0.007045475690919052
5.1718737609267 -0.0008123506074826101 0.009351596396246121 0.00938681355241281
5.206352919332878 -0.007175630623047453 0.002651768494697719 0.007649937972813099
5.240832077739056 -0.00014046174099212246 -0.005174462890966979 0.005176368969719691
5.275311236145234 0.0056464304343554735 0.0030325519710369076 0.0064092548792395185
5.309790394551412 -0.0014006989406190158 0.005321673479485886 0.005502923418012888
5.34426955295759 -0.0034842888634258108 0.0005642799861985187 0.0035296856498302125
5.378748711363769 0.0009558435784049993 -0.003374379689240391 0.0035071463091145985
5.413227869769947 0.00541487496897369 0.0009797152247931068 0.005502791369051641
5.447707028176125 0.002985898739263126 0.005997007612671424 0.006699230671321308
5.482186186582303 -0.0033886467167642555 0.004254278532701819 0.005438916473420484
5.51666534498848 0.00013383499736559822 0.0003644905916624508 0.00038828494424879924
5.551144503394658 -0.0031063426846940664 0.002809408729288658 0.004188334070123305
5.585623661800836 -1.873580400531861e-05 -0.00400702530244774 0.004007069104071968
5.6201028202070145 0.002621843064034576 0.0015131779456782346 0.0030271717076692586
5.654581978613193 0.0011623003896649596 0.00011710591351548512 0.0011681849129292902
5.689061137019371 0.0005950532333624444 0.0009110436084771405 0.0010881584475994977
5.723540295425549 0.004131750801849422 -0.0010387448267806152 0.004260323403656913
5.758019453831726 0.002051231911868673 0.004760959539760395 0.005184041675710557
5.792498612237904 0.001551690503902556 0.0015158156040167143 0.0021692027026725567
5.826977770644082 -0.002620562083344881 0.003682807461561369 0.004520001817654165
5.86145692905026 0.0030107211990110534 -0.005974620198113762 0.006690330982087769
5.895936087456438 0.006640688189307338 0.006507742960444052 0.009297820070684045
5.9304152458626165 0.0009531266969388796 0.0022446909428479565 0.00243866519418334
5.964894404268795 0.001973446310707078 0.008222019761914607 0.008455536606659432
5.999373562674972 -0.004090963863165771 0.0013594123092323831 0.004310914886218554
6.03385272108115 0.0010262066712196697 0.004245177479727438 0.004367451426912583
6.068331879487328 -0.005030374746549718 0.0011024969686170615 0.00514977374809175
6.102811037893506 -0.0010658363626859985 -0.0009276984042994735 0.0014130221092974833
6.137290196299684 0.000529663775998447 -0.0034413891968704817 0.0034819108719124033
6.171769354705862 0.004439100094856848 0.002475085566591489 0.005082485436684259
6.20624851311204 -0.0012903473584925478 0.0009131693610113131 0.001580782903329393
6.2407276715182185 0.0021790712798846457 0.0007600405174220392 0.0023078156839187285
6.275206829924397 0.0003436841964969506 -0.00026903652315185783 0.0004364624585361205
6.309685988330575 0.0036887092942569483 0.0014022273686121452 0.00394624097728744
6.344165146736753 0.0006269313647399148 0.0011445591402693084 0.001305012858813533
6.378644305142931 0.004373072853112151 0.0011543678021379265 0.004522867586082882
6.413123463549108 0.0028411075125868877 0.004815617815373582 0.005591249130723929
6.447602621955286 -0.0005221176557824794 0.005296244673136723 0.005321918308674881
6.482081780361464 -0.0014886741330160508 0.0013478369205789803 0.002008187002942435
6.516560938767642 0.0005887487300777422 0.003202394121024146 0.003256064061645312
6.5510400971738205 -0.0030210241618399904 0.0009301219962045944 0.003160967243462772
6.585519255579999 0.0019426124902316734 -0.000979868291868611 0.0021757493322103107
6.619998413986177 0.0009471893014959522 0.00358580146479063 0.003708792218197592
6.654477572392354 -0.0019151917171085328 0.0004498412759634937 0.0019673119952975417
6.688956730798532 0.001626017231062652 9.421846475668828e-05 0.001628744656112112
6.72343588920471 -0.0007038592110318653 0.00046125576912211223 0.0008415311482665577
6.757915047610888 0.004761155002488132 -0.0016117823050688662 0.0050265733016291395
6.792394206017066 0.003203539632938213 0.006986300470824868 0.0076857699971085314
6.826873364423244 -0.0038172326790884663 0.0033467841055682163 0.005076635615797628
6.8613525228294225 -0.0016088439190339958 -0.0026356954800553865 0.003087923156329681
6.8958316812356 0.006822177114799115 -0.0002158891601739595 0.006825592187874207
6.930310839641778 0.0005850687138016284 0.008990176433158144 0.009009194064908447
6.964789998047956 -0.004837834034088253 0.002170898419351219 0.005302587867119624
6.999269156454134 -0.004027500433161287 -0.0010973098218646624 0.004174308156362562
7.033748314860312 0.0021876680356842006 -0.005002186109473664 0.0054596480938029004
7.06822747326649 0.00414959326439869 0.001948616125347448 0.0045843460890193566
7.102706631672668 0.003073375271996363 0.002856563507717507 0.004195901647577319
7.137185790078846 -0.0034709149837198403 0.0053058492106602085 0.00634029074021645
7.171664948485024 -0.00036337630829844385 -0.004331570988316091 0.004346786119451271
7.206144106891202 0.0011482714376092062 0.0033494017558942696 0.0035407653716134214
7.24062326529738 0.0006160505486879098 -0.004655111349534959 0.004695698026396913
7.275102423703558 0.005741065271432814 0.004778098375047558 0.007469274029816019
7.309581582109736 -0.0013837064925249522 0.00043568921811237284 0.0014506787212319192
7.344060740515914 0.0032905535445579698 0.003631472770440884 0.004900544573009882
7.378539898922091 -0.001971442809845674 0.0005232928612867358 0.002039711296033305
7.4130190573282695 0.002300512271412986 0.0023523809337833487 0.0032902967599517763
7.447498215734449 -0.0018178415027041172 -0.0010298115810017307 0.002089272510066326
7.4819773741406275 0.0048559127288876815 0.00045884487750799403 0.004877543136886514
7.516456532546805 0.002266091898541951 0.001128650511393957 0.002531605117214631
7.550935690952983 0.006138396370599816 0.006890002326466472 0.009227786411773216
7.585414849359161 -0.005993141333829921 0.006926089340593021 0.009159064177149156
7.619894007765339 -0.0013197318536073664 -0.0008667851059915325 0.0015789264027796506
7.654373166171517 -0.0017133107698287162 0.0016963456372382669 0.0024110210108973275
7.688852324577695 0.0008018467172329648 -0.0007631756827243937 0.0011069757362467917
7.723331482983873 -9.91671583313991e-05 0.0026955591779173177 0.0026973826956785
7.7578106413900505 -0.00030786384370056505 -0.00046954986734554303 0.0005614777147690752
7.792289799796229 0.001761585577928589 0.002594121302210827 0.0031357055153425997
7.826768958202407 -0.0021174090256965753 0.002407248990591768 0.003205973905821195
7.861248116608585 -0.0010928604040855144 0.0007612139678589971 0.0013318372902429154
7.895727275014763 -0.003306118843725706 -0.00023515833260137994 0.003314471488824434
7.930206433420941 0.0010779337186786221 -0.0036907679198119755 0.003844958899621365
7.964685591827119 0.0009221244902393392 0.000795856398140193 0.0012180726505261672
7.999164750233296 0.0012448270324741644 -0.0032976746800318377 0.003524805333078909
8.033643908639474 0.004262831401359131 0.0010173011389995493 0.004382537297482274
8.068123067045653 0.0022424097365600923 0.0003263450709181454 0.002266032332499268
8.10260222545183 0.003395661241784886 0.003197766432245211 0.00466435691431888
8.137081383858009 0.00018097333242041595 0.002203978365307829 0.002211395935103508
8.171560542264187 0.0008384905785201948 0.0024140686119809352 0.0025555417651877046
8.206039700670365 -0.00023652764506317813 0.00039259132604462286 0.00045833751337263256
8.240518859076543 0.0021991299068961838 0.001786466306407994 0.002833307997965671
8.274998017482721 -3.288092724330786e-05 0.0021532841017516844 0.0021535351351285024
8.3094771758889 -3.897599369152133e-05 0.0021986008311735378 0.002198946280135377
8.343956334295076 -0.002112598502164269 1.3241495684185347e-05 0.0021126399997526005
8.378435492701254 0.0016512821311531144 -0.002294279370386331 0.0028267384926883264
8.412914651107432 0.003745990412554642 0.0012963982412125099 0.003963974340326913
8.44739380951361 0.0008617011993496604 0.0029096831959039347 0.003034598038865506
8.481872967919788 0.00010135306452786103 0.001238036682361743 0.0012421784374889381
8.516352126325966 0.0005313698922615289 -0.00027179631358393615 0.0005968477179983569
8.550831284732144 0.004258898105519075 0.0016428701561607667 0.004564782078390782
8.585310443138322 -0.0013684445763486566 0.00433742843089159 0.004548178311329133
8.6197896015445 0.0016006196307920952 -0.0009576783818881195 0.0018652429025767315
8.654268759950678 0.00027282239974782494 0.005242081834188523 0.005249176508570984
8.688747918356857 -0.0015903406686730156 -0.0006344452392487663 0.0017122220078134606
8.723227076763035 -0.0005456054388606594 0.002879988663532365 0.002931214764733091
8.757706235169213 -0.0019966818475943096 -0.003963959412074904 0.0044384358304576
8.79218539357539 0.004939114346459395 0.0006147876304929168 0.0049772295866282994
8.826664551981567 -0.0005086674521528522 0.0012007285956500025 0.001304029040049071
8.861143710387745 0.0017279515991482997 -0.0006893114159263841 0.0018603674253022176
8.895622868793923 0.00365773297008738 -0.0010932259826440104 0.0038176109714836335
8.930102027200101 0.0051357159610887024 0.0048265872738225855 0.007047802717500497
8.96458118560628 -0.0013365353599996254 0.003724956037895663 0.003957477005970431
8.999060344012458 0.0004234168809681677 0.00157336964759136 0.001629347692498618
9.033539502418636 -0.00019556364212775063 0.0002638816985187606 0.0003284489137376115
9.068018660824814 0.0027690480018771665 0.0006241178700517047 0.0028385119257135077
9.102497819230994 0.0026873653993972147 0.001567424274197861 0.0031110692125412513
9.136976977637172 0.0031785376111764375 0.004639911443360833 0.005624222572755636
9.17145613604335 -0.0005151272473530823 0.003518765114734787 0.0035562710826988544
9.205935294449526 0.0017865554232972165 0.004461224262012675 0.004805653149831273
9.240414452855704 -0.003825260800684846 0.004726052731128168 0.006080147581322355
9.274893611261882 -0.0013965016951943598 -0.00019499715528699613 0.001410049954877749
9.30937276966806 -0.0008000607874553187 0.001940289701631463 0.002098766635402978
9.343851928074239 0.00029956160245320646 8.253100553486732e-05 0.0003107225780964898
9.378331086480417 0.00038600955097453725 0.004365078467153127 0.004382112891956054
9.412810244886595 -0.004056548958775843 0.0010570486193284335 0.0041920092126055165
9.447289403292773 -9.037468298660209e-06 -0.00017640467400300465 0.0001766360236286914
9.481768561698951 -0.0019304486726696272 0.001058834731046314 0.002201763626160139
9.51624772010513 -0.001301164811867183 -0.0004623610824752662 0.0013808720571541237
9.550726878511307 -0.0016773478844843168 -0.0030416633346438426 0.0034735013699292985
9.585206036917485 0.005416935366106031 -0.0018895087298545531 0.005737022921408528
9.619685195323664 0.0006963280779011207 0.0035903320709192105 0.003657233540744219
9.654164353729842 0.001585106148689807 -9.78545706785995e-06 0.0015851363530574457
9.688643512136018 -0.0003308377758433656 0.0023167850792513737 0.0023402877467026953
9.723122670542196 0.002979073707768257 -0.000538938380936907 0.0030274303847921927
9.757601828948374 -0.00012453103128243337 0.005392908058568362 0.005394345679127715
9.792080987354552 -0.0001770248003646455 -0.0003002749466763356 0.00034857255133704775
9.82656014576073 -0.0013135779831236797 0.004876267488853711 0.005050096211023999
9.861039304166908 -0.0028082215132986424 -0.002894355867184521 0.004032791087281708
9.895518462573087 0.00174714998240017 0.0011790335775335064 0.0021077602420466073
9.929997620979265 -0.00015155241651699638 -0.0005781585768924204 0.0005976917892914457
9.964476779385443 -0.00013049145656935355 0.0025235957938209734 0.002526967303078633
9.99895593779162 -0.0009915677820165275 -0.003437371956774278 0.0035775316400489606
10.033435096197799 0.004016490636372387 0.0017848115425721843 0.0043951961588268125
10.067914254603977 -0.00047041256917606546 0.0003806919642879456 0.0006051564730813354
10.102393413010155 0.002364129602522744 0.0020287389950518027 0.003115267354107532
10.136872571416333 -0.00021084629650092821 0.0013523397642360186 0.0013686778286660772
10.17135172982251 -0.0008453165077758939 0.003671548420670122 0.003767602394579834
10.205830888228688 -0.004132007051085722 -0.0039582364795007876 0.005721985520592735
10.240310046634866 0.006170418739946414 -0.0022471003482952084 0.006566850645597959
10.274789205041044 0.0024503648477531563 0.0030321928574972823 0.0038985229782780404
10.309268363447222 0.0014395653698875141 0.004102652376706058 0.00434788511557875
10.3437475218534 -0.0040151476763780145 0.0010467483690214299 0.004149348504424857
10.378226680259578 0.0024453296867416215 -0.0031335393148067374 0.003974758598242081
10.412705838665756 0.0037187766851837774 0.002780160056089021 0.00464312286847326
10.447184997071934 0.0004898866926429685 0.004038060286060597 0.004067667617380808
10.481664155478112 -0.0021182136131214398 0.0023945426234640403 0.0031969772108038294
10.51614331388429 -0.001046693711518218 -0.00044118061214219257 0.0011358732580098638
10.550622472290469 0.0012464396760197875 0.000844198476662649 0.0015054178602487251
10.585101630696647 -0.0015413756047695226 0.0018765223726852308 0.0024284099674821836
10.619580789102825 -8.81902247429561e-05 -0.0017118941526710074 0.0017141642586664208
10.654059947509001 0.0014270823871952191 0.0011856761238942543 0.0018553684298854792
10.68853910591518 0.00040833037171839347 0.0003748382865891756 0.0005542900265752491
10.72301826432136 0.0002346445130632781 0.0016561473737699503 0.0016726871109552456
10.757497422727537 0.00015608518213189676 -0.00032691597232447386 0.00036226597555111847
10.791976581133715 0.0003593351922301746 0.001823137407324126 0.0018582119863889677
10.826455739539893 -0.0001991553291776973 -0.0010833158421058742 0.001101469953697075
10.860934897946072 0.0019132476244840804 0.002081926546021873 0.0028275315410485773
10.89541405635225 -0.002131742589852949 0.0009124677690569243 0.0023188195054727047
10.929893214758428 -0.00024239049446896584 -0.002228633770004045 0.0022417764457258785
10.964372373164606 0.004362833773796962 -0.000931101748127434 0.004461083837269751
10.998851531570784 0.000342738060973665 0.005231691362849056 0.005242906054331834
11.03333068997696 -0.002218063552909826 -0.0022650201877944414 0.003170192797900993
11.067809848383138 0.002774922554726362 0.0012111991411485688 0.0030277381895150893
11.102289006789317 -0.0013952390775135695 -0.0008786706047433608 0.001648864492631514
11.136768165195495 0.00412254745629544 -0.0003091558064475317 0.0041341232253124995
11.171247323601673 0.000645657784307798 0.00294841032892227 0.0030182772308276757
11.20572648200785 -0.00037321752522908924 0.0008484283931463344 0.0009268883748515766
11.240205640414029 0.00023753447902220072 -0.0004540050433596771 0.0005123897033707553
11.274684798820207 0.0013980411271593723 -0.00010742911604592332 0.001402162618316241
11.309163957226385 0.00258883793595529 0.00046632045476305056 0.0026305012117791666
11.343643115632563 -8.340449993787052e-05 0.002987408852243191 0.002988572897064896
11.378122274038741 0.00012840077311317814 -0.00248754273152285 0.002490854391506702
11.41260143244492 0.003749015860175384 0.0016809905735479303 0.004108631064990331
11.447080590851098 0.000943068228908789 0.00029429530087340787 0.0009879207501076843
11.481559749257274 0.0037128157775551374 0.0025907458320759066 0.004527357393058454
11.516038907663452 0.00036144286544916113 0.0030194153859836384 0.003040971919978681
11.55051806606963 -0.0003485353522675152 0.002961924118815766 0.00298236003483865
11.584997224475808 -0.00035387356487296843 -0.0008377898913696916 0.0009094605005150816
11.619476382881986 0.002268398542078864 0.0037470002047246026 0.004380141833309936
11.653955541288164 -0.00417006405578846 -0.00029011016174132443 0.004180143315165699
11.688434699694342 0.004221300029751168 -0.0030349609840349266 0.005199073197772028
11.72291385810052 0.004073962561811563 0.003251499521414256 0.005212429384922099
11.757393016506699 0.0014311058635936285 0.004637987607599778 0.004853760711145656
11.791872174912877 -0.0011038301657466376 0.0034021219811446457 0.0035767128776852944
11.826351333319055 -0.002066092570591935 0.003338654011256013 0.003926238545622395
11.860830491725233 -0.0038889848753490934 -0.002133020195539975 0.004435535876900941
11.895309650131411 0.0037516868341157133 -0.00210955213640886 0.004304110165586421
11.92978880853759 0.001613124688449499 0.002681359171748939 0.003129194507921719
11.964267966943765 0.0004650489131889011 0.0008592568692569894 0.000977032680632281
11.998747125349944 0.0026010409878179518 0.0005150595917615327 0.0026515468322046557
12.033226283756122 0.0024874319557771133 0.005591767649413496 0.006120063984930917
12.0677054421623 -0.004292269538574999 0.002621054293127896 0.005029264697677287
12.102184600568478 0.001663115113162587 -0.0013538947212258026 0.002144523908888147
12.136663758974656 0.001153955812937505 0.004639551713603618 0.004780905157123965
12.171142917380834 -0.0025512393570905427 0.0022659757553087426 0.0034122526841977563
12.205622075787012 -0.0012817014354723408 0.0010899107181395866 0.001682457709188379
12.24010123419319 -0.0017277911691677328 0.00038889569679238307 0.0017710172746863973
12.274580392599368 -0.00026333005503468177 0.0001988535717616776 0.0003299779703055118
12.309059551005546 -0.001637495003750525 -0.0007010838206436878 0.001781265957367479
12.343538709411725 0.0040451957456762565 -0.0012163563847829852 0.0042241130992954744
12.378017867817903 -0.00048640582996626003 0.006352643655592721 0.006371237873943149
12.41249702622408 -0.0033944372998207972 -0.0021006251173707725 0.0039918454962765875
12.446976184630259 0.0023513053328567826 0.0011470827355636204 0.0026161872200874433
12.481455343036437 -0.0010868862395684324 0.0017757286039168164 0.0020819543156687117
12.515934501442615 -0.002464903020093014 0.002229090310130821 0.0033233402638283643
12.550413659848793 -0.002968294008715814 -0.004149764421578814 0.005102089187458364
12.584892818254971 0.00330645139977458 -0.0007908655832215668 0.0033997189927692066
12.61937197666115 -1.5680735031623033e-05 -0.0009551904352356277 0.0009553191367374359
12.653851135067328 0.0038116234906114955 0.0009876077778994108 0.003937491937407463
12.688330293473506 -0.0005079395074230494 0.001659768150691779 0.0017357513811753049
12.722809451879684 0.0017441815005880856 0.0013207883241657366 0.0021878416085828155
12.757288610285862 -0.0010875028918993952 0.0012654237516101828 0.0016685202459151454
12.79176776869204 0.0011775460743560287 0.001230127121231663 0.0017028879856352832
12.826246927098216 -0.0020212410161159528 0.0003479850847829692 0.002050977538750939
12.860726085504394 0.0031090119086609946 -0.0002225688122085033 0.0031169683868085326
12.895205243910572 -0.0014925699483157953 0.0040042740030082 0.004273403250546657
12.92968440231675 -0.001321785455084661 -0.0014618435089397417 0.001970812835837696
12.964163560722929 0.0006533716201028026 0.0009927823198666113 0.0011884911478826803
12.998642719129107 -0.0009723621450875172 8.76241620058147e-06 0.0009724016254289532
13.033121877535285 0.0003407070188265796 -0.000368252897115505 0.0005016886174826553
13.067601035941463 2.85474361532192e-05 8.884696338417977e-05 9.332062480240854e-05
13.102080194347641 0.0002942339901635926 -0.0010929999691602528 0.0011319110272242703
13.13655935275382 0.0025807531016940766 -0.0007265060425074621 0.0026810627746666903
13.171038511159997 0.0028109769396602864 0.0026704130594694957 0.0038772022469155698
13.205517669566175 -0.0013295368448673795 0.0030803216948582183 0.00335500372066472
13.239996827972353 -0.0006654142281105826 0.0001846115697174644 0.0006905487141726851
13.274475986378532 -0.0015999859264632615 0.001405723376302134 0.002129791815075542
13.308955144784708 -0.0013087728785034912 -0.0025453983745329424 0.002862156413018209
13.343434303190886 0.0015133272292113134 -0.0013743805671174326 0.0020442801290289025
13.377913461597064 0.003106722528443746 -0.0010349293112720036 0.003274569215648044
13.412392620003242 0.0015930468017061774 0.003914533151536701 0.004226271158705525
13.44687177840942 -0.0023406214219671697 -0.0010668802477689183 0.0025723028795324792
13.481350936815598 0.0031892871677555936 -0.0015628949536957478 0.003551646558245644
13.515830095221776 0.0033767984401401035 0.0021853983813262174 0.00402227967581021
13.550309253627955 -0.001002893272412109 0.003813192679044512 0.00394287120299004
13.584788412034133 -4.314413659022141e-06 -0.00221698549529987 0.0022169896933759595
13.61926757044031 0.002912780780208393 0.0034830518946969424 0.004540478209913949
13.653746728846489 -0.0014198060680922417 0.0005653659862282118 0.0015282303391097004
13.688225887252667 0.0013639477643575203 0.0031132793070636575 0.0033989500654888483
13.722705045658845 -0.0034006560885342647 -0.00027418815520927314 0.003411691805679732
13.757184204065023 0.0018384313698564907 0.0003609969412288703 0.001873539082391668
13.7916633624712 -0.0022624683876066062 -0.00041672196364545005 0.0023005261137191545
13.826142520877378 0.0025550685598568807 -0.00034542064559671545 0.002578311611883553
13.860621679283556 -0.0019051144385960428 -0.0002549666548326376 0.0019221001584786524
13.895100837689734 0.0041899624713090285 -0.002587243516380465 0.004924389761587806
13.929579996095912 0.0032173847079615906 0.002883583077684842 0.00432048790357472
13.96405915450209 0.0012275129440720877 0.003765116705930804 0.0039601631073913806
13.998538312908268 -0.0020367513726325314 0.0012716812883818826 0.002401151693071703
14.033017471314446 0.001869271704266338 0.0012487197992880595 0.002247994181821828
14.067496629720624 -0.001976492777499954 0.0019379876832353307 0.0027680895866791103
14.101975788126802 0.000766585987949483 0.00144617564588858 0.0016367889527002975
14.13645494653298 -0.005595968393369072 0.0005524765640612876 0.005623174602786455
14.170934104939159 0.002102182543116611 -0.006633066811823016 0.006958214338082161
14.205413263345337 0.004379000401525411 0.0011693777279764752 0.004532448431835395
14.239892421751515 0.003013863373289018 0.0010056298627439176 0.0031772100739005924
14.274371580157691 0.0016641463664979802 0.0034559053660409467 0.003835709194941535
14.30885073856387 0.0008609050686110277 0.0026260731699799976 0.0027635878548092066
14.343329896970047 -0.0015156767737413515 0.002795441034402324 0.0031799004165664257
14.377809055376225 0.00027836502153096764 0.0009405270026425593 0.0009808558140275933
14.412288213782404 -0.0031368413383007403 0.0019452168784322068 0.0036910218484601143
14.446767372188582 0.0014726603218808908 -0.003699137340474202 0.003981500406546869
14.48124653059476 0.0022955681434221097 0.004145500644372468 0.004738650513974097
14.515725689000938 -0.0008939370030635313 -0.00017111699440141732 0.0009101672325562939
14.550204847407116 0.0021122327348252375 0.003842450589603148 0.004384741002568896
14.584684005813294 -0.003366288347468001 0.0027717755613361353 0.004360577599437841
14.619163164219472 -0.002914681860003333 0.0008336488886682229 0.003031557489906839
14.65364232262565 -0.002394656602039111 -0.0029737549469031413 0.003818062168943875
14.688121481031828 0.0016468796627320806 -1.4973141698336708e-05 0.001646947727917571
14.722600639438006 -0.001948875868587213 -0.0015389218558207458 0.0024832232339208516
14.757079797844183 0.0036506477174714355 -0.0009706297392727436 0.003777479430498606
14.79155895625036 -0.0006425018832248738 0.0017086328235258522 0.0018254409866049997
14.826038114656539 0.0022868066610245773 -0.00018249846368101187 0.002294077242411926
14.86051727306272 -0.0014548153667573779 0.003735145280256937 0.0040084657932903806
14.894996431468899 -0.0022897098539254677 -0.0013568817368284861 0.00266155955464124
14.929475589875077 -0.0010983121434473386 -0.0016337203587027148 0.0019685862376039344
14.963954748281255 0.0025626077042542167 -0.0029756263606482516 0.003926997642485646
14.998433906687433 0.0016401504891361929 0.0018521067934347377 0.0024739428451968732
15.03291306509361 0.0010681460793146777 -0.0010839564612704084 0.0015218073651698445
15.067392223499787 0.001144891709839532 0.0021288617186728115 0.002417194498688478
15.101871381905966 0.0006494581086932617 -0.0013575502565298888 0.0015049048255460528
15.136350540312144 0.0018802012362436709 0.003775163202126004 0.004217465339686682
15.170829698718322 -0.004161570864814423 -0.0011546245660991003 0.004318776441483375
15.2053088571245 0.0033327536478988014 -0.003390949554493327 0.004754554212405329
15.239788015530678 0.003276882027403914 0.0015221514297252172 0.003613156624966223
15.274267173936856 0.0006793384444664134 0.002071949537909058 0.0021804760053189317
15.308746332343034 0.0013814174164885446 -0.0008286806724258007 0.0016109083572413308
15.343225490749212 0.0034333729519627426 0.00400124117220479 0.0052723790403778935
15.37770464915539 -0.0028452834785441397 0.0024385293454539593 0.0037472741348767583
15.412183807561568 0.0007487981611438565 0.00023971454614076174 0.0007862326308185715
15.446662965967747 -0.0018745430679045164 0.001446495998537496 0.002367754714326183
15.481142124373923 1.426167233002273e-05 -0.002011475440031231 0.002011525998128407
15.515621282780101 0.0022581334469324002 -0.00040474009200258866 0.002294118830014929
15.550100441186279 0.002645386777833561 0.002266175381726558 0.0034833349056730308
15.584579599592457 -0.0011914186243000577 0.0029012365184429337 0.003136343679234774
15.619058757998635 -0.0009109994012401314 -0.00036630544381889 0.0009818857302309836
15.653537916404813 0.0013283772004626293 -0.00039124985213838127 0.0013847968925106806
15.688017074810992 0.0023796492933918084 0.002980848792286832 0.0038142089982089334
15.72249623321717 -0.0032202672124884814 0.00409604618313888 0.005210346941829778
15.756975391623348 -0.004444835564277721 -0.0017615766294246705 0.00478118347428785
15.791454550029526 -0.0004061931244416332 -0.005023874889715612 0.005040269016814351
15.825933708435704 0.005519018820398824 -0.0024763732463079727 0.006049131606680938
15.860412866841882 0.0034686298660435173 0.0035920110415227882 0.004993389276836995
15.89489202524806 0.0001439824183253405 0.0026884452631955845 0.002692298064848242
15.929371183654238 -0.0015139015010362659 0.002105265378983934 0.0025930754078484154
15.963850342060415 -0.0013215372341584123 -0.002114146694161052 0.002493206149859889
15.998329500466593 0.0037372676930389538 -0.00046591249880954057 0.003766197587219722
16.03280865887277 0.0008781997223740641 0.0034773005047304788 0.0035864820580307835
16.06728781727895 -0.0013451509542481055 0.0010495620390302868 0.0017061686796703314
16.101766975685127 -0.000555898354523751 -0.0006933761801395583 0.0008887032731722885
16.136246134091305 0.0025748010065176513 -0.001088388495876477 0.0027953872256130403
16.170725292497483 0.0027551663126819215 0.0038829676915943423 0.004761132166250249
16.20520445090366 -0.0026229237611257203 0.0032933544976589766 0.004210215303749739
16.23968360930984 -0.0018603477869239993 -0.0008610231402964062 0.0020499401787464205
16.274162767716017 0.0006227327535969554 -0.0002902832668458042 0.0006870665596673431
16.308641926122196 -4.6471600908889565e-05 0.0009084886226714511 0.0009096764189614378
16.343121084528374 -0.000719566155208757 0.0002623483008589328 0.0007658995251894873
16.37760024293455 -0.0005592001836329404 -0.0010742691557206214 0.0012110982884587901
16.41207940134073 0.002020378990648144 -0.0008941554485904252 0.0022093992921371993
16.446558559746908 0.0010536596850239627 0.0015496548292988491 0.0018739340494836102
16.481037718153086 0.0005534475597835022 0.001072999734232184 0.0012073245757014354
16.515516876559264 -0.0018827902376594163 0.0016844396947424038 0.0025263088022348897
16.549996034965442 -0.0010185803635236823 -0.0032170940029035157 0.0033744925219170068
16.58447519337162 0.002587061582624838 -0.0009361364985430368 0.002751225031908104
16.6189543517778 0.0020473735373216216 -0.0008462795552899958 0.002215384275250387
16.653433510183977 0.003533636199014956 0.0014901776766103121 0.003834998604283524
16.68791266859015 0.0014825455689710819 0.0022309500056837328 0.0026786338480531517
16.72239182699633 0.0007524299503434579 0.003081701014335518 0.003172228234527021
16.756870985402507 -0.0011293029942530909 0.001169844093110544 0.0016259952198621704
16.791350143808685 0.0004086538841648316 0.0010072365871415564 0.0010869790888143036
16.825829302214864 -7.997612601031517e-05 0.00036850256240184064 0.00037708131646680705
16.86030846062104 0.0010872598326045159 0.001736984464437324 0.0020492069132451744
16.89478761902722 -0.0010699396075748203 0.0004442190394204373 0.001158490966231924
16.929266777433398 0.0024186561170641257 0.0009227473532968423 0.0025886985322026283
16.963745935839576 -0.0011983806152366513 0.0036880663851261634 0.003877879544296411
16.998225094245754 -0.0021124471028313384 -0.0001573719523140682 0.002118300897803628
17.032704252651932 0.0002404229809412728 -0.000836059465379686 0.0008699417448402243
17.06718341105811 0.0017498411747789138 0.0015437258067063852 0.0023334595568046445
17.10166256946429 -0.0025003246222941758 0.002639925110533172 0.0036360456276116906
17.136141727870466 -0.0014814442739879059 -0.0030277848130493383 0.003370780030061851
17.170620886276645 0.003823283975565496 0.00030388061034104157 0.003835341416765546
17.205100044682823 -0.0006884118756771838 0.004204500813950583 0.004260485653664907
17.239579203089 -0.0033692607440412217 -0.00015759497527745024 0.0033729444314381917
17.27405836149518 0.0002014810044776401 -0.0023099251246039404 0.0023186954686723843
17.308537519901357 0.0023356563101692134 0.0007576587676193219 0.002455470872843678
17.343016678307535 -0.0006421055762422236 0.0031485881940424 0.0032133949627620537
17.377495836713713 -0.003798450464353981 0.0006727636753997596 0.0038575687800852456
17.41197499511989 -0.00250694631693861 -0.003738956430006566 0.004501619155537206
17.44645415352607 0.0021187929023795565 -0.0035211929487143643 0.0041095113024847306
17.480933311932247 0.0028417893376470305 -0.0014661303935125983 0.0031977030772643283
17.515412470338426 0.004836567245084997 0.0011705386202295923 0.004976197682737099
17.549891628744604 -0.00010656812854162064 0.0049489086765269665 0.0049500559445954505
17.58437078715078 -0.0024753438718358163 6.213733561196012e-05 0.002476123650448839
17.61884994555696 -0.0005290971808116011 -0.0011395891105837374 0.001256426347902581
17.653329103963134 0.001832178287813068 -0.00146068414112818 0.0023431763566742034
17.687808262369312 0.0014231920104684488 0.0016858518239499137 0.0022062574353362476
17.72228742077549 -2.4940923603489318e-05 0.0001994130479038525 0.00020096669710302565
17.75676657918167 0.0003332460342652264 -0.0001435673006166876 0.0003628560171195495
17.791245737587847 0.0030879225637143407 -0.0005885759756373781 0.003143515140506506
17.825724895994025 0.0012372298990867131 0.004754931449551398 0.004913258685752978
17.860204054400203 -0.002190718902855864 0.0006993167653942566 0.00229962893739218
17.89468321280638 -0.0005408246458122357 0.0016968428997673477 0.0017809455701982562
17.92916237121256 -0.002965264370586595 -0.001398810832080055 0.003278637602940406
17.963641529618737 0.0012166194924703693 -0.0020776179784412364 0.002407625272711912
17.998120688024915 0.0011796110771115614 -0.0008939873452922804 0.001480099884057504
18.032599846431093 0.0023838188663170084 -9.608913520283917e-05 0.0023857547043468104
18.06707900483727 0.002373299209726329 0.0013990180935367104 0.002754959303679586
18.10155816324345 0.00016428988275287476 0.0035231220869011114 0.00352695058156269
18.136037321649628 -0.0017624518663359415 0.00041113562592750094 0.001809770450653298
18.17051648005581 -0.0006562975320132666 0.0009546168164288342 0.0011584557465589382
18.204995638461988 -0.001948378877235305 -0.0018251088334046378 0.002669682097746536
18.239474796868166 0.0014794719438632638 -0.0015954799029526845 0.00217586611568921
18.273953955274344 0.0012708551610343384 -0.0017261414630618396 0.0021435104830228573
18.308433113680522 0.0041370238689469084 0.0005420370948172836 0.00417238189819609
18.3429122720867 0.0006192809258684494 0.00208063016179228 0.0021708364137595104
18.377391430492878 0.0020554410399377145 6.0000453344059166e-05 0.002056316591155585
18.411870588899053 0.002767007437317171 0.0032385646909023676 0.004259651560318999
18.44634974730523 -0.0010619318378255068 0.004308478629913302 0.0044374189944839625
18.48082890571141 -0.0018532071307269182 0.0007363616515953299 0.0019941427108703374
18.515308064117587 -0.00022115039240468566 0.0017214215031447137 0.0017355689233072111
18.549787222523765 -0.001883956055689762 0.0013671332191857637 0.002327733588444209
18.584266380929943 -0.0027933190323833146 0.0011409244754287573 0.003017339867384389
18.61874553933612 -0.0035428410887423795 -0.003743980421805057 0.005154523487087906
18.6532246977423 0.0036518247845398425 -0.0035790012309327066 0.005113225407509168
18.687703856148477 0.0025403533030589516 0.0024652770659842785 0.0035399132639699774
18.722183014554656 -0.0013961528487942095 0.001593468574253122 0.0021185808632970477
18.756662172960834 -0.0008851041996137799 -0.0009216645196593098 0.001277839947322346
18.79114133136701 -1.195231498275736e-05 -0.0007048780196829041 0.0007049793475454012
18.82562048977319 0.0009796661034564703 -0.0012396763543988077 0.001580045296159924
18.860099648179368 0.0007727894588512987 0.0006773662930631442 0.0010276325426385583
18.894578806585546 0.0004087934128402424 -0.001348676654670947 0.0014092695885585518
18.929057964991724 0.002255027372026202 0.0007406369037678196 0.002373539861011435
18.963537123397902 0.0005714975242767567 0.0012638598006221515 0.0013870656134023099
18.99801628180408 -0.0013553523050905407 0.0022878569311493347 0.0026591858168097796
19.03249544021026 -0.0031907036977875144 -0.0032424743914676022 0.0045490911472950415
19.066974598616437 0.0030394956308814223 -0.0033892350936349847 0.004552521082880803
19.101453757022615 0.0024352250205119438 -0.0008559038462942921 0.00258125788998867
19.135932915428793 0.003869531610511381 -0.000738756733485881 0.003939420819869023
19.17041207383497 0.0045869498189300625 0.002429531526914664 0.005190638889544796
19.20489123224115 0.00011733641504208883 0.005282637064124806 0.0052839400247883285
19.239370390647327 -0.0022952256251382603 -0.0004513294463064155 0.0023391791165694375
19.273849549053505 0.0022744226294113008 3.77368197540252e-05 0.002274735669202768
19.308328707459683 0.0011535213811586422 0.0017932614962954771 0.0021322284987510213
19.342807865865858 -0.00031503249715118727 0.003190689657336441 0.0032062042922582222
19.377287024272036 -0.002841884962957746 -0.0004812143893241181 0.0028823388820848135
19.411766182678214 0.0007310163376104311 -0.0014046668397401645 0.0015835004946380626
19.446245341084392 0.001364032187816798 -0.0007563440342227138 0.0015596923118053028
19.48072449949057 0.001172577057647092 0.001715371276407215 0.0020778439720160005
19.51520365789675 -0.0006162009462428289 -0.001512434185559685 0.0016331444430301154
19.549682816302926 0.002992352261916098 0.0005318965405451991 0.003039257473337581
19.584161974709104 0.00013305954621532822 -0.0003989490666846778 0.00042055344564942583
19.618641133115283 0.0038203397631204274 0.0008944426856576127 0.003923649273776321
19.65312029152146 0.00048089468403879825 0.001177362422306186 0.0012717869202800703
19.68759944992764 0.003952709344578761 0.0021645337091385094 0.004506563806351484
19.722078608333817 -0.0012348007729389124 0.003831984277837682 0.004026019927229089
19.756557766739995 0.00031701910860325766 0.0009229655380109819 0.0009758926680611476
19.791036925146173 -0.0008045480558496196 0.0008128349241596038 0.0011436774843044482
19.82551608355235 0.0028412912411109824 0.0012842458064330575 0.003118047980412566
19.85999524195853 -0.002073532632712773 0.003527141498475688 0.004091486860445
19.894474400364707 0.00048529061459013625 -0.0009004955746996655 0.0010229365868239112
19.928953558770885 1.4998433034153011e-05 0.002717175940268541 0.0027172173345847237
19.963432717177064 -0.00022834849281240884 0.00017527972483519694 0.0002878645794605531
19.99791187558324 -0.00015608264022108997 0.0016347340490132326 0.0016421684449475895
20.03239103398942 0.0007945104523014727 -4.023979747345955e-05 0.000795528817904792
20.066870192395598 0.0009434150122417713 0.003394427153837255 0.0035230906301187926
20.101349350801776 -0.002005381388330544 0.0018548073921946064 0.002731641443308821
20.135828509207954 -0.0006936773839163632 0.0008691369360402646 0.0011120194811901941
20.170307667614132 -0.0013389903534586373 0.0016297913516818226 0.00210929253937716
20.20478682602031 -0.001992003911507538 -0.0002991862893229776 0.002014346548928506
20.23926598442649 0.00019946334361525134 3.048998896693757e-05 0.0002017802390557108
20.273745142832666 -0.0016376452259286621 0.00036463364824708535 0.0016777483671399946
20.30822430123884 0.0006071630658435525 -0.001449317534828777 0.0015713587449359568
20.34270345964502 0.001100413860870135 0.0015338276886191805 0.0018877335732486124
20.377182618051197 -0.001029015803135539 0.0015766311404962355 0.0018827212423205776
20.411661776457375 -0.0014246540291709669 -8.093907248541684e-05 0.0014269513783895615
20.446140934863553 -0.00030036867239146593 0.0001469175919391473 0.000334374218766055
20.48062009326973 -0.001332744333975786 -0.0010363458309955583 0.0016882595005408487
20.51509925167591 0.0024772753599129837 -0.0005908496835092072 0.0025467619750057
20.549578410082088 -0.000695161342082764 0.002943948882312427 0.003024910628959953
20.584057568488266 -0.001715354074930754 -0.00019182750528389778 0.0017260467531805118
20.618536726894444 -0.0020373070427085367 -0.0005775162871226379 0.002117579998054789
20.653015885300622 0.000607243297968894 -0.003673629147413706 0.003723478955983999
20.6874950437068 0.0030069990810882652 0.00029798959826669267 0.0030217281933259343
20.72197420211298 0.0013024784635682284 0.0006288065161371075 0.0014463221573340912
20.756453360519156 0.0014707277086608212 0.0023936998257328736 0.0028094196640474165
20.790932518925334 -0.001356765016950061 0.001877119128229493 0.0023161147494855584
20.825411677331513 -0.0008085227277645692 0.0005266340538503726 0.0009649105803061426
20.85989083573769 -0.0012855461505210848 0.0005531536899178876 0.0013995027366137424
20.89436999414387 -0.0014105408837260156 -0.0012315745386901806 0.0018725387656901794
20.928849152550047 0.0018675862032582634 -0.0016285407341002788 0.0024779070098017177
20.963328310956225 0.0011119976006642854 0.0033169842056394614 0.0034984171970113536
20.997807469362403 -0.004402574640347258 6.143058553478864e-06 0.0044025789261519415
21.03228662776858 0.0006203473027196773 -0.0042681695684550144 0.0043130154464222645
21.06676578617476 0.002945111309435138 -0.00021743758752401342 0.0029531271102732804
21.101244944580937 0.0015539780821504153 0.0011898751714321547 0.0019572048445154083
21.135724102987115 -0.0001800222036670679 0.0013410375477422873 0.0013530667752434816
21.170203261393294 0.0004004663760935349 -0.00037068954714129413 0.0005456959398248316
21.20468241979947 0.0005981897517550639 0.001318966553453469 0.0014482761298294285
21.23916157820565 -0.0004221820367092144 -0.0004996475640360604 0.000654129467588114
21.273640736611824 0.0023465937271924244 0.00023787737413493402 0.002358619885785788
21.308119895018002 0.0010102864995316522 0.003094299256278823 0.003255052487832354
21.34259905342418 -0.0021893985272691658 0.0025257636485059537 0.003342595985057497
21.37707821183036 -0.0018896753487567983 -0.0008001373008531027 0.002052094691751727
21.411557370236537 -5.626080551602687e-05 0.0003217566216871434 0.00032663833491621236
21.44603652864272 -0.0016018634592543462 -0.0002985014231531448 0.0016294384436727743
21.480515687048896 -3.373935488450638e-05 -0.0011757045552785706 0.001176188567097472
21.514994845455075 0.00031169990586851597 -0.0008618220378008689 0.0009164573400642739
21.549474003861253 0.0015093299006575399 -0.00020119224976857485 0.0015226802259127948
21.58395316226743 0.0006199636713458389 0.0013282737136554356 0.0014658328732077928
21.61843232067361 -0.0006127407918542789 0.0007437632458132811 0.0009636571194283349
21.652911479079787 1.0164889028653603e-05 2.980304928480115e-05 3.1488834777379885e-05
21.687390637485965 -0.00048691253367338515 0.0010958215773108054 0.0011991283270560231
21.721869795892143 -0.0012112359924116205 -0.00046672655974110486 0.0012980471142763387
21.75634895429832 -0.0006952109900456953 -0.00025095125490336986 0.000739117617851105
21.7908281127045 -0.0006223514038058493 -0.002389263914242574 0.002468988319478417
21.825307271110677 0.002495315327262915 -0.0008712732141001229 0.002643050433889143
21.859786429516856 0.001067206254815566 0.00039199848393273585 0.001136922161681718
21.894265587923034 0.0014255076276233872 0.0013554651422210237 0.0019670683130457666
21.928744746329212 -0.000951211646596222 0.0006338674459316332 0.001143062349844569
21.96322390473539 0.0015985160061712234 0.0003134416258126635 0.00162895643734806
21.997703063141568 -0.0011958572542718883 0.002677746181365188 0.0029326437193103673
22.032182221547743 -0.002356966659616201 -0.0006648408752877497 0.002448939612157828
22.06666137995392 -0.00047738075905797735 -0.00202002288631645 0.002075664917649526
22.1011405383601 0.0016943302107390438 -0.0006522839448477605 0.001815552039388893
22.135619696766277 -0.00010109592976678092 0.0005719154595703659 0.0005807819555659359
22.170098855172455 0.0006070326450512121 -3.828125897892605e-06 0.0006070447155735407
22.204578013578633 -0.0017461072837005765 0.0006219367658670319 0.0018535630517814464
22.23905717198481 -0.0004843934184055224 -0.0032321812797799533 0.0032682767338697875
22.27353633039099 0.0020662217406170946 -0.0021204802333709945 0.0029606939560710833
22.308015488797167 0.00466272491557972 -0.0011343770170933536 0.0047987305462254826
22.342494647203345 0.0032472858190664825 0.0049733122031812484 0.005939587482394868
22.376973805609524 -0.002119757539516197 0.002738206098038531 0.003462823221256199
22.4114529640157 -0.0012838177363426525 0.0011754565444263498 0.001740656792128393
22.44593212242188 -0.002166522827187412 -0.0006503049804833603 0.0022620162971043333
22.480411280828058 0.00020045508052404725 -0.0012080759987943754 0.001224593752299484
22.514890439234236 0.0004799179825801355 -0.0010675154680856625 0.0011704317769976763
22.549369597640414 0.002235205551007399 0.0009816759755839532 0.0024412766283838047
22.583848756046592 -0.0016760183840535867 0.0023444167825857954 0.0028818965411956635
22.61832791445277 -0.0025254572675474 -0.001063333750635984 0.002740184861546675
22.65280707285895 -0.0009048760123807408 -0.0035881926433662796 0.003700530643528028
22.687286231265126 0.0034104644219292352 -0.0025764088501220718 0.004274242638904868
22.721765389671305 0.002451006558108305 0.00011402868376701199 0.002453657614381346
22.756244548077483 0.00370739546197066 0.0009883301080646444 0.0038368707971402575
22.79072370648366 0.00021728152692259973 0.004018075954921462 0.004023946525671015
22.82520286488984 -0.0016758376112269234 0.0007163236703617859 0.0018225123593334947
22.859682023296017 -0.001306830463076715 -0.00114873617508519 0.0017399427172107287
22.894161181702195 0.0031181122712438023 -0.002086353024499176 0.003751732010541004
22.928640340108373 0.002228545988787392 0.0034884239228869076 0.004139507058806647
22.963119498514548 -0.0006732443228224276 0.0017839410321098758 0.0019067520877811771
22.997598656920726 -0.0016857394618527265 0.0014235990460604144 0.0022064341769451544
23.032077815326904 4.4354790326449713e-05 -0.0017215353880368673 0.001722106686500041
23.066556973733082 0.0007021039982708966 0.0021176406765591707 0.0022309979962801315
23.10103613213926 -0.0011463331929853146 -0.0010012320771545084 0.0015220201909511707
23.135515290545438 0.0015326191711421406 0.0012333696425884668 0.0019672626156696073
23.169994448951616 -0.001241268570508885 0.0006861839471697849 0.0014183074678949827
23.204473607357794 -0.0003266404725427237 0.0007477663347737169 0.0008159953981021291
23.238952765763973 -0.0013539140931784113 -0.0009823418105258932 0.0016727458875795838
23.27343192417015 0.0009099434118229756 4.299484360267262e-05 0.0009109585991121966
23.30791108257633 -0.0008656614584671487 -0.0004138836231631631 0.0009595151974815918
23.342390240982507 0.0009265503603811935 2.6616497952886546e-05 0.0009269325802267366
23.376869399388685 -0.00097245928123017 -0.0003797478190110722 0.0010439757945921758
23.411348557794863 0.0013752254114693329 -0.0007817756574810908 0.0015819033191004398
23.44582771620104 0.0002913384200890005 0.0002545200745350087 0.0003868572648422947
23.48030687460722 0.0014877231691808586 0.00025820730059958867 0.0015099639857296147
23.514786033013397 -0.00017567548491092077 0.0015796161028598626 0.0015893548717680602
23.549265191419575 -0.00028043675898692676 0.0002590002252830462 0.0003817406089057861
23.583744349825754 -0.00045364554563692873 0.0007536503571033277 0.0008796494425839194
23.61822350823193 -0.0009572214182703565 -0.00023250876958439199 0.0009850549078752719
23.65270266663811 0.00022358999022735956 -0.0005096151393451953 0.0005565070295869528
23.687181825044288 -0.0006178023375555844 0.00045101400113292157 0.0007649139543158245
23.721660983450466 -2.373473589874771e-05 -0.0017815666316620027 0.001781724726420913
23.756140141856644 0.0017146543648392657 0.0011081653969233318 0.002041585202189855
23.790619300262822 -0.0013593560232790865 0.0006758613726289673 0.0015181032221285363
23.825098458669 -0.0004775513335767428 0.0005069057750801293 0.0006964256895107418
23.85957761707518 -0.003283510545981339 -0.0013281861647718627 0.0035419655551490138
23.894056775481356 0.0011373616126389861 -0.00432723636777926 0.0044742112176937065
23.92853593388753 0.002672774450638117 -0.0007705871453183848 0.002781641208444005
23.96301509229371 0.0019435593193244107 0.0002415895789100568 0.00195851687569209
23.997494250699887 0.0005905281530224649 0.0004704603533509767 0.0007550208232805567
24.031973409106065 0.0020799264336567166 -2.2959413273852956e-05 0.002080053149340619
24.066452567512243 -4.750266586278654e-05 0.0031580557298552534 0.003158412971119462
24.10093172591842 -0.0025466547976846156 -0.0015754085749401117 0.0029945555323895572
24.1354108843246 0.0028347527734823154 -0.0015945321406951017 0.003252438475125299
24.169890042730778 0.0011087444386906086 0.0023582747268819566 0.002605911341119939
24.204369201136956 -0.0010483076818527115 0.0013260745273295205 0.0016903912706422786
24.238848359543134 -0.002094449138818155 -0.000227218813957771 0.002106738138571685
24.273327517949312 -0.0006448640876153521 -0.0021846731149816837 0.002277860028803296
24.30780667635549 0.00047321047258208436 -0.0022335352877382877 0.002283113670611587
24.342285834761668 0.002844275372070348 -0.0017363102652249447 0.0033323678862471704
24.376764993167846 0.0020865764921706867 0.0005289815593813756 0.0021525851778373094
24.411244151574024 0.0031565082728598906 0.0010383744879845784 0.00332291529442599
24.445723309980202 -0.0011770960353809856 0.004664915966031731 0.004811132511856994
24.48020246838638 -0.0035110877478642475 -0.0024277557687721915 0.004268692451560441
24.51468162679256 0.001899583307439816 -0.002567023650024901 0.003193435009780402
24.549160785198737 0.0031127303599004013 -0.0007933687272590892 0.003212245979192501
24.583639943604915 0.0024412502089933463 0.00311048988433182 0.003954092804100662
24.618119102011093 -0.0013573360762227486 0.0017516418398618413 0.0022159897019098135
24.65259826041727 -0.0013840940805094168 0.00012492109923518662 0.0013897200094750508
24.68707741882345 0.00035435662324492123 -0.0026507006047360175 0.0026742816441776346
24.721556577229627 0.002868229365206216 0.0011286894001943477 0.0030823172214329807
24.756035735635805 2.300314632744687e-05 0.0004752844525122906 0.0004758407880172419
24.790514894041983 0.0017369747672667719 0.002228163724416249 0.0028252070587703737
24.82499405244816 -0.0029980382903896023 0.0014904012120909183 0.0033480635244338315
24.85947321085434 -0.0008409905381312283 -0.0018113834572752795 0.001997091664024663
24.893952369260518 0.0001639453883218064 -0.0017973157437729524 0.0018047775411850926
24.928431527666696 0.002240320504102372 -0.0007715741085545431 0.0023694646159192257
24.962910686072874 0.0008046948416958307 0.00010358301890551649 0.0008113342283285345
24.997389844479052 0.0020805463859132145 0.00012532645228594897 0.0020843176302039767
25.03186900288523 0.0004821608469845418 0.0011890992048831938 0.001283135223356718
25.06634816129141 0.0009499984729734806 -0.00010115997970610372 0.0009553692689981629
25.100827319697586 0.0015797445803296909 0.0005716932885594974 0.0016800077842870265
25.13530647810376 0.0017888116600534862 0.0019520591932095086 0.002647712644706194
25.169785636509943 -0.00022140593797586304 0.002607215951194618 0.002616600008701106
25.204264794916117 -0.0012751893186521805 0.0018600715118634553 0.002255210373258028
25.2387439533223 -0.002072908708464029 -0.0003213999681419584 0.0020976769181996688
25.273223111728473 0.0007044165185822158 -0.0005781708940644371 0.0009113090663407007
25.307702270134655 -0.0007896995973759876 0.0009077091622797823 0.0012031464488508707
25.34218142854083 -0.00036353131764564644 -0.0009782777749034414 0.0010436390294441887
25.37666058694701 0.0003113522758112012 -0.0002967521736620126 0.00043011869550851146
25.411139745353186 0.0010633979461449191 -0.0003195810667117914 0.0011103815785872345
25.445618903759367 -4.6360692330777075e-05 0.001426274641127345 0.0014270279134327843
25.480098062165542 -0.0007768279971096043 -0.00155599507607061 0.0017391326613715537
25.514577220571724 0.002537868000050469 2.4888272182735074e-06 0.002537869220417217
25.549056378977898 -0.00019157742950809948 0.0010694384546192082 0.0010864623876210584
25.58353553738408 0.0017644945126977696 -0.0002443860905005498 0.0017813381056303382
25.618014695790254 0.0008383624462266389 0.002410169060369833 0.0025518163121210583
25.652493854196432 0.00020177649229194584 0.0017806064286588208 0.001792002513006821
25.68697301260261 -0.0021286101522129085 0.002726906272701429 0.003459335051740762
25.72145217100879 -0.0021626982417004997 -0.0013060277232939239 0.0025264544521258923
25.755931329414967 0.00012327956471421518 -1.114222566074324e-05 0.000123782067638254
25.790410487821145 -0.0006775995843879194 4.541871716807975e-05 0.0006791200605429611
25.824889646227323 -0.0009283146902375772 -8.609402189305569e-05 0.000932298420419455
25.8593688046335 0.00038945336148188614 -0.0008043556678503864 0.0008936788915335205
25.893847963039676 -0.0008428864728497976 0.0014475085574434153 0.0016750339190551007
25.928327121445857 -0.0012007801619435478 -0.001457018302682007 0.0018880612626891982
25.962806279852032 -0.0007166098125819503 0.0004520087654539296 0.0008472553024537076
25.997285438258213 -0.001461910176086736 -0.0031582620117989856 0.0034802011864428937
26.031764596664388 0.0026823105094791913 -0.001097761147326848 0.0028982527850142533
26.06624375507057 0.0006947279132574256 0.0006592241590520037 0.0009577177900283771
26.100722913476744 -0.0006212772712659491 0.0008726407635520982 0.0010712083597528787
26.135202071882926 -0.0006814187333363255 -0.0022388936982773756 0.0023402941016735113
26.1696812302891 0.0024246133384475256 8.755583869478827e-05 0.0024261936991648468
26.204160388695282 -8.334513323207003e-05 0.0012580985876095457 0.0012608562437401835
26.238639547101457 -0.001427013118737935 0.001400729597996816 0.0019996024224216394
26.27311870550764 -0.0031410453592398404 -0.0023973199686696013 0.003951367988555882
26.307597863913813 0.000990793389511974 -0.003575229260029152 0.0037099778708867288
26.342077022319994 0.002519158938327009 -0.0022336421429209156 0.0033667965455585823
26.37655618072617 0.003229485785708732 0.0009766792406871185 0.0033739414309208026
26.41103533913235 -9.186186342986936e-05 0.0015224982575230731 0.0015252670409189343
26.44551449753853 -0.0007813258922093946 -0.0002284798619882435 0.0008140474170286234
26.479993655944707 0.0004697841179901922 -0.0016231746009546717 0.001689790786665669
26.514472814350885 0.0006072838392976066 -0.0003598837219161658 0.0007059107271973372
26.548951972757063 0.0016125473021812563 -0.0022346999933168686 0.0027557563139549296
26.58343113116324 0.002103378504540208 0.001140661317420805 0.002392761871649991
26.617910289569416 0.001259700110054702 -0.0018852281570335575 0.002267361808654272
26.652389447975597 0.0038806466945387947 0.002680683103491467 0.004716511493591372
26.686868606381772 -0.0012758515240672622 0.0006499678832416942 0.0014318712793789964
26.721347764787954 0.0029018427671100356 0.0004309505395827703 0.0029336683201404193
26.755826923194128 0.0008053016107925696 0.001778863247318283 0.001952655918743713
26.79030608160031 0.0015381308537299467 0.003697145415093164 0.0040043389895887205
26.824785240006484 -0.004326674978930273 0.00227819624893131 0.00488981538730717
26.859264398412666 -0.0008842137554930368 -0.0022153009267064983 0.002385244675346697
26.89374355681884 0.0005577305700700323 -0.00037338958217715735 0.0006711804294443301
26.928222715225022 0.0006171949936217975 0.0007777433009321605 0.0009928818168828877
26.962701873631197 -0.0009974978145654955 0.00011500801343555327 0.0010041059372483225
26.99718103203738 0.0002144219331831724 -0.0003018852537862271 0.000370285662541211
27.031660190443553 0.00039229092577214064 -0.0005837207735934379 0.0007032937593692161
27.066139348849735 0.000683352803585815 0.0018566807089049554 0.0019784423946601027
27.10061850725591 -0.0025708513384744506 -0.001065574435713041 0.002782934688881692
27.13509766566209 0.002249224119637661 -0.0014353284951714625 0.0026681785977349767
27.169576824068265 0.0003751777211057994 0.0010567646877017386 0.0011213875010840338
27.204055982474447 0.0001970377027085077 0.0008255182441050381 0.0008487073863463847
27.23853514088062 -0.0013080450225014353 -0.000776227414537873 0.0015210229386734874
27.273014299286803 0.002212293096937232 -0.0004678265674945147 0.002261217027180237
27.307493457692978 -0.0003936552222090251 0.0019357997843225034 0.001975420268944178
