0.0 0.35427026056924066 0.0 0.35427026056924066
0.024925362215088804 0.0011641506726903367 0.23746464128584593 0.23746749484467175
0.04985072443017761 -0.034070223371919735 0.0015637052129169207 0.034106088820112596
0.07477608664526642 0.0003030886819928044 0.030981694437635474 0.030983176934849095
0.09970144886035522 0.038357131754802126 0.003284577828905738 0.0384975065162588
0.12462681107544402 -0.004405211426992825 0.07322689122496347 0.07335927675617543
0.14955217329053283 -0.021419559635175334 -0.004967417346833648 0.02198801423645292
0.17447753550562164 0.008383224812992982 0.013867190171251006 0.016204240849568417
0.19940289772071043 0.01785657395409253 0.010691795822236604 0.02081277807699808
0.22432825993579922 -0.00396874761321017 0.042391663698890275 0.04257703734147284
0.24925362215088803 -0.012096286519565708 0.00833150449878281 0.014687890072323705
0.2741789843659769 -0.012431523264807313 0.017096058815867794 0.021138069867399353
0.29910434658106566 -0.0007243457336835053 -0.004885428264464545 0.004938834484889583
0.32402970879615445 -0.0020250340137441727 0.0185907814472005 0.01870074644431059
0.3489550710112433 -0.001090784453918166 -0.0008709589831372716 0.001395843929390769
0.3738804332263321 -0.0010931650912591306 0.01840035866535265 0.018432802525128023
0.39880579544142086 -0.0031394072563017223 0.00034507475609294304 0.003158315137571378
0.42373115765650965 0.002581515131012286 0.017117932999577527 0.01731149475203313
0.44865651987159844 -0.005750409546412575 0.010616830751444015 0.012074117158462567
0.4735818820866873 -0.0096874562739853 0.014338457931475965 0.017304282270960654
0.49850724430177606 -0.008604411759226658 0.00381761755514871 0.009413294084415807
0.523432606516865 -0.010818689719724908 0.005492755855772303 0.01213319472121017
0.5483579687319537 0.0030935785039787607 -0.0007561996462270418 0.0031846610283095076
0.5732833309470425 -0.006324653838895339 0.017864697101660696 0.018951217605102256
0.5982086931621313 -0.0062318608076192055 0.0075866549516289674 0.0098180152006715
0.6231340553772201 -0.02428955426048096 0.018652856749693213 0.030625340995610557
0.6480594175923089 -0.02030513565674596 -0.017823598254597634 0.027018127040565786
0.6729847798073977 7.28410667741711e-05 -0.002022951544744223 0.00202426252580831
0.6979101420224866 -0.0026174982126063806 0.0021016801617853693 0.0033568372607917373
0.7228355042375754 -0.02096608912081354 0.010196664420593393 0.023314134303638448
0.7477608664526642 -0.011725912669711463 -0.024891657648052765 0.027515298442967386
0.7726862286677529 0.007902218370395547 0.00534065439111046 0.009537695974327567
0.7976115908828417 -0.013906928657058575 -0.0016885438951279826 0.014009062965034135
0.8225369530979305 -0.009085747906725653 8.86514121870456e-05 0.009086180390981259
0.8474623153130193 -0.014425854553070813 -0.019646514529965946 0.02437397818909578
0.8723876775281081 0.016586454128093488 -0.009657103626247991 0.01919297035352896
0.8973130397431969 0.0024726360700930076 0.014220732924910351 0.01443409761837415
0.9222384019582858 -0.020147626757477263 0.017559523489401326 0.02672571288354065
0.9471637641733746 -0.04454491244346492 -0.017162662666481338 0.047736843364422285
0.9720891263884633 -0.0004871900846089976 -0.05178226624387196 0.05178455804127117
0.9970144886035521 0.03812218573630581 -0.0068845545517628 0.038738845319518704
1.021939850818641 -0.014133345955485039 0.03843901862569099 0.040954970648306464
1.04686521303373 -0.06558249422160875 -0.03704186604266626 0.07532040485983979
1.0717905752488186 0.03385471100034258 -0.07810535811833344 0.08512689600654914
1.0967159374639075 0.03802035369341673 0.020612993638235863 0.04324861618251455
1.1216412996789962 -0.030728452119611584 -0.019155955132500905 0.03621033535754191
1.146566661894085 0.020314381979798197 -0.059230115523146325 0.0626169362082369
1.171492024109174 0.06982957248452663 -0.039436518060207246 0.08019606068931823
1.1964173863242626 0.08065640737160014 0.04988393983846427 0.0948359821159724
1.2213427485393515 -0.02482771754611266 0.04848592096182782 0.05447292988325637
1.2462681107544402 0.014747323787961187 -0.01763466728812286 0.022988367694765897
1.2711934729695291 0.021102683299930196 0.04104268307801348 0.04615002791656151
1.2961188351846178 -0.031393022650568154 0.015269169107995938 0.03490944566142039
1.3210441973997067 0.006268626403654215 -0.026292008405904982 0.02702897302904365
1.3459695596147954 0.022618111154958282 0.031601727599896504 0.0388619111665408
1.3708949218298843 -0.04120998105156996 -0.009473887491685686 0.04228495101659542
1.3958202840449732 0.04854815779089907 -0.02550546559057216 0.05484024434557066
1.4207456462600618 0.0002880556282986358 0.039138944606560984 0.0391400046111449
1.4456710084751507 0.013413435028718536 -0.004329878400385987 0.01409496669849853
1.4705963706902394 -0.018104877096203335 0.04000480132117899 0.043910940589056306
1.4955217329053283 -0.013374918322098065 -0.03689478559488639 0.039244281675365526
1.520447095120417 0.025779436632879533 0.012752429500503608 0.02876115107699909
1.5453724573355059 0.005480328637051307 0.003444199438524588 0.006472751481589396
1.5702978195505946 -0.007600538683516248 0.036727255342785065 0.03750545924653851
1.5952231817656835 -0.03577908398303081 -0.038111715948556286 0.052274714185810825
1.6201485439807723 0.05522208674682383 -0.014722558551108591 0.057150963202421676
1.645073906195861 0.009120318610351922 0.033680100565553664 0.034893113728358204
1.66999926841095 0.008016342118048511 0.017024982423385595 0.018817857674830758
1.6949246306260386 -0.017346617076933867 0.036745335000201995 0.04063403460512927
1.7198499928411277 -0.04111920193865486 -0.01429029661298987 0.0435316131720283
1.7447753550562162 0.018937947468585667 -0.032228297991206654 0.037380597182668514
1.7697007172713053 0.02498738419976516 0.01592632227386084 0.02963135350127546
1.7946260794863937 0.007650247476851146 0.025554003305453533 0.026674582871943797
1.8195514417014829 -0.027303211882204432 0.026263445794968046 0.03788448183768354
1.8444768039165715 -0.013418957646026882 -0.018383395092444 0.022760000866229278
1.8694021661316604 0.0008817304688451864 0.008499146438414772 0.008544760897843102
1.8943275283467491 -0.0026259870684309005 -0.00537983875065153 0.005986524289316643
1.919252890561838 -0.008857036175238472 0.01900422345246815 0.02096682138143079
1.9441782527769267 -0.017816578808432335 -0.022143167764427943 0.028420949299428424
1.9691036149920156 0.011155866731253176 0.001092601076096989 0.011209243490841375
1.9940289772071043 0.002111733972405998 -0.011387242117323157 0.011581394709133783
2.0189543394221934 0.014684983298533332 0.028528391072496325 0.03208610028756207
2.043879701637282 -0.03511988983768124 -0.0022201511131891404 0.03518999478795444
2.0688050638523707 0.01277244479150502 -0.009342112875841599 0.01582436156491026
2.09373042606746 -0.007692938265007056 0.01002081567087707 0.012633212016700472
2.1186557882825485 -0.014616969469798376 0.009224482795199976 0.017284295742666468
2.143581150497637 -0.028046528495933417 -0.03135484817895937 0.04206820967189829
2.168506512712726 0.03605206725406336 -0.016143097908932955 0.03950128052847025
2.193431874927815 -0.004676988923757138 0.01883140715340044 0.019403507950112735
2.2183572371429037 -0.004659507169232424 0.0025759576098586343 0.005324149196624468
2.2432825993579923 -0.026303833836519283 -0.011165071306458923 0.02857534762303915
2.268207961573081 0.01808313905925495 -0.02431350821479787 0.03030093397813664
2.29313332378817 -0.009795356022669784 0.0036308867527962817 0.010446642437763665
2.318058686003259 0.016184549349583018 -0.038485161388395354 0.04174981778091881
2.342984048218348 0.03532702720914262 0.014299102532031828 0.0381111950043168
2.367909410433436 0.0021707380964898796 0.014081865253673687 0.014248194022618264
2.3928347726485253 0.001607893352727713 0.005417135994245925 0.005650724149514003
2.417760134863614 0.007796614640946431 0.00895035344428175 0.011869963211273505
2.442685497078703 -0.015063902772225893 0.016184173116356098 0.022109921442448825
2.4676108592937918 -0.012530568916180117 -0.01672407470976225 0.02089760350520721
2.4925362215088804 0.008006803072584393 -0.01222599299196413 0.014614506494668333
2.517461583723969 0.02330338774450806 -0.0028446408438398633 0.02347636815824225
2.5423869459390582 0.0011251984702512435 0.03327820631212297 0.03329722341201556
2.567312308154147 -0.030244767658282726 -0.012265942059722005 0.03263739121492345
2.5922376703692356 0.019969876729107893 -0.01837646700838963 0.027138358761837414
2.6171630325843243 0.00775252552703213 0.011504093204327905 0.013872484006159399
2.6420883947994134 0.00315850453918377 0.002602821098287336 0.004092777613520453
2.667013757014502 -0.0029731197213626426 0.00860848707358738 0.009107441494386692
2.6919391192295907 -0.004006097381122072 -0.007140236930027972 0.008187295013859485
2.71686448144468 0.010204429785207988 0.000635359407781669 0.010224190374709218
2.7417898436597685 -0.0022004407976066015 0.008417005804060122 0.008699880827307542
2.7667152058748576 -0.004810831999575333 -0.006165818244963541 0.007820576651249144
2.7916405680899463 0.011898202418824626 -0.003963232747703325 0.012540910437914476
2.816565930305035 0.00405583162171122 0.010303813035673496 0.011073316270105705
2.8414912925201237 -0.00014928389616594213 0.0009853152059637327 0.0009965599514117737
2.866416654735213 0.004173566259555615 0.006400205901348594 0.0076407650731165925
2.8913420169503015 -0.0024057059770544306 0.009019081503186347 0.009334412269080121
2.91626737916539 -0.014956285586039725 0.0012713929415089343 0.015010227131622571
2.941192741380479 0.006877394923831531 -0.020267150825218776 0.021402242020650778
2.966118103595568 0.01580885769906551 0.018655058887213385 0.024452631838612012
2.9910434658106566 -0.017001579976137396 -0.0012991161613649775 0.01705114144231159
3.0159688280257453 0.016349979868392733 -0.0016516364648937753 0.0164331903387326
3.040894190240834 -0.010796613140871249 0.012230023207536935 0.01631380773978061
3.065819552455923 0.008004722598720197 -0.01043467700442426 0.01315135232852965
3.0907449146710118 0.003963575746044615 0.025319733249145587 0.025628086633662717
3.115670276886101 -0.028210967079489797 0.001256212456484215 0.02823892231116271
3.140595639101189 -0.004694913769224895 -0.021421098620925193 0.021929561815682973
3.165521001316278 0.014444938608400895 -0.01266404554123109 0.019210265507557302
3.190446363531367 0.021590214755300336 0.011655772171664516 0.02453557413425937
3.215371725746456 -0.011707912342098593 0.023381621818893823 0.026149100372518292
3.2402970879615447 -0.013081078280763273 -0.009039674226030914 0.01590063895257748
3.265222450176633 -0.00036884554092476366 -0.0005431793282250439 0.0006565750647649448
3.290147812391722 0.0011897302297842974 -0.009474895366574337 0.009549298415443642
3.315073174606811 0.005109884840825553 0.012648925887261419 0.0136420764250876
3.3399985368219 -0.0157167209910195 -0.010328559505446684 0.018806766339993328
3.3649238990369885 0.014882842794411297 -0.003708152264704146 0.015337842184003287
3.389849261252077 -0.005843072443660414 -0.0028243268191871875 0.006489862676778585
3.4147746234671663 0.02286493901615964 0.0013330473244012578 0.022903765004509472
3.4396999856822554 -0.013009156083070374 0.021169242595821293 0.02484703149421318
3.464625347897344 -0.0055991708713159245 -0.009846376512861086 0.011327040428956506
3.4895507101124323 -0.004288155864593957 -0.0021572542332149083 0.004800211093876517
3.5144760723275215 0.013243620049333936 -0.010104658379686497 0.016658259002107285
3.5394014345426106 0.0035684335162572333 0.016523334299234006 0.016904268517868228
3.5643267967576993 -0.003746871366422246 -0.0016454421850469916 0.0040922518276429575
3.5892521589727875 4.05570194574587e-05 0.007127596042531036 0.0071277114291567216
3.6141775211878766 -0.003685930878583915 0.0017322925497465101 0.004072704742502905
3.6391028834029657 -0.010752282199859632 0.0024998083030861196 0.011039049508793617
3.6640282456180544 0.0007995316202539369 -0.015218997626767499 0.015239984894196604
3.688953607833143 0.0073705311584789145 0.006243150668847634 0.009659278432266107
3.7138789700482318 -0.00308125230825113 -0.0022081085096853 0.0037907596834470467
3.738804332263321 0.0011301409656466524 0.003513111550578457 0.0036904161512003653
3.76372969447841 -0.003406047501331664 -0.006110941651579502 0.006996053705506904
3.7886550566934982 0.007815520818979061 0.0010517187140700233 0.007885967152190037
3.813580418908587 -0.0019806364320388314 0.003911044645177274 0.004383969764093879
3.838505781123676 -0.0022424567407492916 -0.00034305696177851973 0.002268545858729033
3.863431143338765 0.0010776477425863094 -0.0029428492979577505 0.0031339570270812254
3.8883565055538534 0.00014005297610632188 0.00224688493509505 0.0022512455991457988
3.913281867768942 -0.00044570960827509167 -0.004688167120177979 0.004709306530862757
3.938207229984031 0.00442377882526524 0.0002455223057253597 0.00443058690214669
3.9631325921991203 0.0043765640566773055 -0.00023995605618126905 0.004383137215636511
3.9880579544142085 0.0015413218533914567 0.008706577012482676 0.00884195432752476
4.012983316629297 -0.00548252551924594 -0.0014914755404364535 0.00568177660216443
4.037908678844387 0.0021050315267292976 0.0014420888349687359 0.002551622608550442
4.062834041059475 -0.002975027299542877 -0.0004945997769566727 0.0030158608012292236
4.087759403274564 -0.0009684538254602469 0.0008591089505912274 0.0012945929866311444
4.112684765489653 -0.0028163420107824993 -0.007627101705010846 0.008130465099874532
4.1376101277047415 0.010475684004415684 -0.0014647855944939926 0.010577596711834298
4.16253548991983 0.0017988889503758228 0.005258806385085736 0.0055579713971558664
4.18746085213492 0.00015031440083606976 0.004348758110133478 0.004351355135995039
4.2123862143500075 -0.003954016654514766 -0.0005189824428407065 0.0039879306012212705
4.237311576565097 0.00167555023360029 -0.00011242839320324403 0.0016793179356263215
4.262236938780186 -0.0004829406608886814 -0.0026129186125580578 0.002657174318292257
4.287162300995274 0.006659686234612362 0.005552638571332294 0.00867082555742719
4.312087663210363 -0.012057253580891294 0.002886834772351969 0.012398031251645415
4.337013025425452 0.004092091016463076 -0.011338670263731017 0.012054486809343474
4.361938387640541 0.004179791259203312 0.00438854613791379 0.00606052738423897
4.38686374985563 0.0013452779140604987 -0.0019029528678651646 0.002330451090105781
4.411789112070718 0.0022359531814885166 0.004368324795298961 0.004907315778206282
4.436714474285807 -0.002693925328912049 -0.0005779368658296076 0.002755221352022164
4.461639836500896 0.0015872387411522478 -0.0020454143043582215 0.0025890242366358412
4.486565198715985 0.0037062733628567906 9.475750713505982e-05 0.003707484487544113
4.511490560931073 0.0005859027492996585 0.0029120078221740978 0.0029703655647142207
4.536415923146162 0.00038532484896920487 -0.0010982813461375234 0.0011639145821351286
4.561341285361252 0.002643855204894969 0.00021834796561608565 0.0026528562302806577
4.58626664757634 0.003833671628736885 0.0019681465268168745 0.004309366416075969
4.611192009791429 -0.0006594446536390585 0.004144905915159465 0.0041970361324078515
4.636117372006518 0.0018721053889241461 -0.00014489046666027916 0.0018777038729703526
4.661042734221606 -0.0016970806519808741 0.00542969056908518 0.005688727662258088
4.685968096436696 0.0006804423091316754 -0.005842062574970296 0.005881555650159659
4.710893458651784 0.0077060753141317455 0.009782363719390176 0.01245304126249937
4.735818820866872 -0.009734117199618706 0.003659166619581395 0.010399160447159734
4.760744183081962 0.0009466009053467096 6.916184442241014e-05 0.0009491241408409756
4.785669545297051 -0.007975171241391108 -0.0016431669697270414 0.008142687149824296
4.810594907512139 0.008404591495834468 -0.005904929074984537 0.010271579508159922
4.835520269727228 -0.0008329509213473934 0.008536309676340526 0.008576851994045273
4.860445631942317 -0.00038660513334449776 -0.002024784926159046 0.002061363026332143
4.885370994157406 -0.0035808580831545845 0.005023648154977321 0.00616924512373277
4.910296356372495 -0.0008432529011352362 -0.007512172707669091 0.0075593527662837215
4.9352217185875835 0.003774789797969167 0.005340037403059012 0.006539498259417258
4.960147080802672 -0.004140119889964922 -0.0031451812689725855 0.0051993035993274294
4.985072443017761 0.005086508456536253 0.0014420380892160934 0.0052869690872147925
5.00999780523285 -0.0026453901482920467 0.0014791162361581756 0.0030308206606045407
5.034923167447938 0.0011823513825700586 0.0007260059403870183 0.0013874578975026839
5.059848529663027 -0.0019152651297074396 -0.0002569591833830534 0.0019324255584622506
5.0847738918781165 0.001938696219443359 0.0006891658693068375 0.002057545291531008
5.109699254093205 -0.0022675225353668864 0.0006846290271171989 0.002368623092255945
5.134624616308294 0.0008939782382931686 -0.0007921596955708405 0.0011944513693862317
5.1595499785233825 -0.0007025903727559399 -0.00012656232550651019 0.0007138986301478288
5.184475340738471 0.0018485073603763317 -0.0008974670929151056 0.0020548544094974135
5.209400702953561 0.002081001700917345 0.0017088564600940162 0.0026927232461628754
5.2343260651686485 -0.0010056093726092835 0.004595504539914361 0.004704244061127477
5.259251427383738 -0.005541931277505374 -0.0011365933358760448 0.005657282624701561
5.284176789598827 -4.1756766987592495e-05 -0.004165945810560414 0.004166155076820247
5.309102151813915 0.0032066183755715114 -0.0034385446603147412 0.004701700839859114
5.334027514029004 0.004892648805279868 0.003586893475762862 0.006066614965388582
5.358952876244093 -0.0027588747676172173 0.0014739858586843829 0.0031279425018686793
5.3838782384591815 0.0026565761255375386 -4.676579437224543e-05 0.0026569877211419903
5.408803600674271 -0.001142796959441121 0.00252627124173015 0.0027727299322690383
5.43372896288936 -0.0003086599775841782 0.0009977466693146142 0.001044399060651948
5.458654325104448 -0.0028845874892832486 -0.0005252868547740393 0.0029320251129770084
5.483579687319537 0.001466411078291657 -0.0007710829010017416 0.0016567831151824797
5.508505049534626 -0.003260124029419379 -0.0009415045684422877 0.003393352256927557
5.533430411749715 0.004206977551630492 -0.0043296804174674615 0.006036952263959365
5.558355773964803 0.00195143991940766 0.002895962697295887 0.00349209359885829
5.583281136179893 0.0011419600788802316 0.00022361187390619242 0.0011636473228207865
5.608206498394981 -0.001399225439567939 0.0013068116754949308 0.001914572690169783
5.63313186061007 0.002199647997092747 -0.003089766925244288 0.003792770882013264
5.658057222825159 0.0026248247625033326 0.002738075909388944 0.0037929888899688024
5.682982585040247 0.0009324553944298031 0.000952445141275059 0.0013329009001946494
5.707907947255336 -0.0003477793780155374 0.002673263107817325 0.0026957904479744
5.732833309470426 -4.992038063010678e-05 -0.0005434202361327281 0.0005457083446684729
5.757758671685513 -0.00028806159506023675 0.001766848602754706 0.0017901769375134138
5.782684033900603 0.0003838061446869985 -0.0018894885969997124 0.00192807528766162
5.807609396115692 0.0021089866919909825 0.0025939771432021415 0.0033431336028418323
5.83253475833078 -0.0017626252471644387 0.0006492463927522567 0.0018783952300949118
5.857460120545869 3.853617277656305e-05 -0.0009374950766379163 0.0009382867660436214
5.882385482760958 0.002857525920617889 -0.0016306443742851349 0.003290054021196441
5.907310844976047 0.00405440782881475 0.004782609157377364 0.006269894193252718
5.932236207191136 -0.003955852573439271 0.004877040593023296 0.006279673122765478
5.957161569406224 -0.00392669219137046 -0.0024894714956974684 0.004649341877476848
5.982086931621313 0.002696469157960661 -0.002441831544669612 0.003637786031692444
6.007012293836402 0.0010631556468736422 0.0027880357143540823 0.002983863782747663
6.031937656051491 -0.0013656255323368023 0.0001067116530420827 0.0013697884769062517
6.056863018266579 -0.0002717828047099296 -0.0012947412632068748 0.0013229591193935394
6.081788380481668 0.004592027427401044 -0.0013318678838037685 0.004781274720606564
6.1067137426967575 0.0015045739545787075 0.007665051098915101 0.00781132198374745
6.131639104911846 -0.006372981184205327 -1.2681244460703844e-05 0.0063729938010479974
6.156564467126935 0.0012326992980694223 -0.002526877373628367 0.0028115221537124402
6.1814898293420235 0.0007830832157396311 0.00021446467537994236 0.0008119202052904865
6.206415191557112 0.0015871657234352756 0.0016332642299030176 0.002277421146456781
6.231340553772202 -0.00186263297385452 0.0013589982317362126 0.0023057054862129045
6.25626591598729 0.0006025229568586458 -0.00020595738245352257 0.0006367514090512812
6.281191278202378 -0.001471234657330805 0.001312218109629382 0.0019714075641963534
6.306116640417468 0.0003458186466322903 -0.0017266528362776083 0.0017609430863557453
6.331042002632556 0.0010858400742827167 0.0023087588691372497 0.0025513557538568016
6.355967364847645 -0.0027807441938322063 0.0004324260280773398 0.0028141660472136808
6.380892727062734 -3.96145282454605e-05 -0.0023853601555395274 0.002385689079172655
6.405818089277823 0.002249729948192374 0.00011564904430397582 0.002252700499676352
6.430743451492912 -0.00035405684387870715 0.002150735465270418 0.0021796833004519975
6.455668813708 -0.0014837424484449072 -0.0010359866352922945 0.0018096297858461376
6.480594175923089 0.0016876769881450332 -0.0004530685241477936 0.001747433748068221
6.505519538138178 -0.0005016340985530904 0.0013783869226294578 0.0014668289870694124
6.530444900353266 -0.00024559572114431677 -0.001249455530434411 0.0012733641980115242
6.555370262568356 0.001487602782755382 0.000633546509346532 0.001616893075860841
6.580295624783444 -0.0008926023443167005 0.0009195738382049142 0.0012815439863658943
6.605220986998534 -0.00024202246830606737 -0.000944054632462235 0.000974584026258571
6.630146349213622 0.0008045411734991184 -0.0007095529536722275 0.0010727310445402057
6.65507171142871 0.002289571617725161 0.0006152316186930451 0.0023707906144010854
6.6799970736438 -0.001512985891762885 0.0033412643032500046 0.0036678567928486888
6.704922435858888 -0.0026158100885266353 -0.0037013467858843037 0.0045323758061985315
6.729847798073977 0.004738493080268313 -0.0007644638973866216 0.004799762673524413
6.754773160289067 -0.0005321470857084062 0.002674368670873667 0.0027267981789231366
6.779698522504154 0.00022387665667610468 -0.0003642217002325236 0.0004275256768016873
6.804623884719244 -0.0007194669944274089 0.0004190297513704515 0.0008325975550072146
6.829549246934333 0.0012638782649345365 -0.001487257543198804 0.0019517487718391617
6.85447460914942 0.001408517470987421 0.0011475978450788773 0.001816838539911151
6.879399971364511 0.0009248024513372003 0.0012110140918743808 0.0015237502107358757
6.904325333579599 -0.0016478928900247529 0.0016330786932239657 0.0023200209040558726
6.929250695794688 -0.00047729333147054654 -0.001982355332829061 0.002039005049003575
6.954176058009777 0.000887671738416088 -0.0006718395363022312 0.0011132517584632132
6.979101420224865 0.002976085919287253 -0.0011026686909253011 0.0031737935725133057
7.004026782439954 0.0017535149540122542 0.004029449449455316 0.004394459871208332
7.028952144655043 -0.002451197100544282 0.0003280142471177659 0.0024730468196192588
7.053877506870132 0.0011925441965593777 -0.0014730595672346693 0.0018952746896872344
7.078802869085221 0.003217818208336465 0.001058031734378295 0.003387297620944053
7.103728231300309 -5.833252610716887e-05 0.005038466293434531 0.005038803952693332
7.1286535935153985 -0.004312005434866046 0.00036382999606617906 0.004327327481986062
7.153578955730487 -0.00036347722930865774 -0.0027374973250654886 0.00276152264176244
7.178504317945575 0.0027975238886609436 -0.0004508019484120052 0.0028336129418678035
7.203429680160665 -8.284597568143718e-05 0.003480255675962969 0.0034812415925584757
7.228355042375753 -0.002720360815509923 -0.0015305860030583576 0.003121386948028067
7.253280404590842 0.0022960955736921183 -0.0012034069752163209 0.0025923431932380852
7.2782057668059315 0.0006513160498277686 0.0012042887039711394 0.0013691325280175528
7.303131129021019 0.00030892607042205117 0.0006491238088939927 0.0007188859688848121
7.328056491236109 5.615031762675199e-05 0.0005516213155301118 0.0005544717611535833
7.3529818534511975 -0.00047855581821049505 0.0010712979720531872 0.0011733264746303085
7.377907215666286 -0.0015308077599366207 -0.0017250225387494401 0.0023063120250902173
7.402832577881376 0.003342254441731253 -0.0018833104917742327 0.0038363424197664095
7.4277579400964635 0.002450907495630759 0.003406960748537631 0.004196942827132046
7.452683302311553 -0.0025434084324709462 0.002094491687659431 0.0032948174280282615
7.477608664526642 -0.0002643402733939816 -0.002635426287033885 0.0026486501268622124
7.5025340267417295 0.003076495328319449 0.0014048835784541327 0.0033820883155502436
7.52745938895682 -0.0013408007558307978 0.0018283621874464159 0.002267301249353575
7.552384751171908 0.0003590282842062835 -0.0002292186072364033 0.00042596065400868236
7.5773101133869964 -0.0005036147671947451 0.0005458935912021463 0.000742716397188182
7.602235475602086 0.0014491534370968718 -0.0006722889474899696 0.001597503713036952
7.627160837817174 0.0005416550583256372 0.002337393795257251 0.0023993332316118252
7.652086200032263 -0.00039447486428855453 -3.569451407070036e-05 0.0003960865017773478
7.677011562247352 0.00048294528134183604 0.002019883992243222 0.002076816671468804
7.70193692446244 -0.0022216708930303084 -0.0004999534596093546 0.002277229680711511
7.72686228667753 0.002633681818293546 -0.0007635407455925149 0.0027421295356328396
7.751787648892618 -0.00027689813055485916 0.00382164647791691 0.0038316647004767394
7.776713011107707 -0.003263373527663249 -0.00037634133156600895 0.003285002219009624
7.801638373322796 0.00023803559315186155 -0.0025238486763420743 0.0025350489314174586
7.826563735537884 0.0024563804084442283 -5.681547591879348e-05 0.0024570373845939977
7.8514890977529745 0.0008789610474629812 0.0017240429757546267 0.0019351735594530246
7.876414459968062 0.00018813949580376188 0.0018532427778032673 0.0018627681721999827
7.901339822183151 -0.0021217265218607907 0.0012781857577330888 0.0024769905661587003
7.926265184398241 -0.0003006237531097108 -0.0014896892410053313 0.001519719933310348
7.951190546613328 0.0006480628855095775 0.000784904790199525 0.0010178708332854224
7.976115908828417 8.294257371644702e-05 0.00047341201523116956 0.0004806229360943414
8.001041271043507 -0.001270053170263703 0.0016691351792735363 0.0020973905935674888
8.025966633258594 -0.001625568200967436 -0.0023813009931123747 0.0028832388724825573
8.050891995473684 0.00267738752757245 -0.00034709546622392775 0.0026997924430358943
8.075817357688774 5.424430215839671e-05 0.0018399171680309803 0.0018407166076101432
8.100742719903861 -0.000797731676622715 0.0011899934696631125 0.0014326410177459463
8.12566808211895 -0.0021988076244987076 -0.0003925570930233178 0.0022335747224654402
8.150593444334039 0.00025835554084403854 -0.00224889972275887 0.0022636911336376565
8.175518806549128 0.0020104853719627503 -0.00021420659390770022 0.002021864460281583
8.200444168764218 0.0005503106125607924 0.001977167464266483 0.002052323793179573
8.225369530979306 -0.001797326428283726 -8.399321745264238e-05 0.00179928795649423
8.250294893194395 0.0013547198546468094 -0.0013486228838232913 0.0019115568438699707
8.275220255409483 0.0011798854725013548 0.0020553817043789135 0.0023699628011669954
8.30014561762457 -0.0016064087727564035 0.0015950201514183383 0.0022637664253670944
8.32507097983966 -0.002004009950323962 -0.000419499295215574 0.0020474461017774832
8.34999634205475 -0.000807788045723518 -0.001501131100191208 0.0017046747803540377
8.37492170426984 -1.1688915046892137e-05 -0.0014549248969898466 0.0014549718507984575
8.399847066484927 0.001220256972729015 -0.0014143048656515046 0.0018679628830625358
8.424772428700015 0.0014736722273589558 0.0006408324117516617 0.0016069772909535955
8.449697790915105 -0.00066267091083533 0.00048685452038452074 0.0008222895232739911
8.474623153130194 -5.29873261393378e-06 -0.0012138547970261338 0.0012138663620146456
8.499548515345282 0.0012439809032442788 -0.0004899648726931129 0.0013369944143898397
8.524473877560371 0.0005169624745024406 0.0006460974539780138 0.0008274612498966693
8.54939923977546 -0.0006581207627060065 -0.0007152332913750255 0.0009719473233647428
8.574324601990549 0.0016515940471132048 -0.0016183886849426322 0.0023123461747779285
8.599249964205638 0.002078482528348632 0.0008154560260545462 0.002232724378663698
8.624175326420726 0.0005155094144691283 0.0012413698649138083 0.0013441536734772666
8.649100688635816 -0.00040800705795480653 0.00028533665626101766 0.0004978822820177024
8.674026050850904 0.0009298782247402409 -0.0005743444733169132 0.0010929524632278132
8.698951413065993 0.0005497806737845203 0.0010442662803218223 0.0011801486573665776
8.723876775281083 1.0491246848357676e-05 -0.0006918257436898283 0.0006919052867932267
8.74880213749617 0.0016902518881302545 0.000675667465245709 0.0018202961212174934
8.77372749971126 -0.0008685274277324593 0.0007995077794220284 0.0011804882812124417
8.798652861926348 0.0008151899430187542 -0.0016595554024171114 0.001848961540132931
8.823578224141436 0.002432265640195331 0.0009982556430495405 0.002629150142794256
8.848503586356527 -8.20009743118574e-05 0.0016067494476870413 0.0016088405599781186
8.873428948571615 8.502991709574975e-05 0.00012522551231070294 0.00015136550378070987
8.898354310786704 0.0002720863066726447 0.0003424593448615466 0.0004373892558828579
8.923279673001792 0.0008010430032594565 -0.000236121701959595 0.0008351187647318346
8.94820503521688 0.0013665360349530095 0.001185589506505253 0.0018091553865714415
8.97313039743197 -0.0005717184180607176 0.001323746191274906 0.001441931318913862
8.998055759647059 -0.00011253301979983465 -0.0007993195667382733 0.000807202236317474
9.022981121862147 0.001698919096213972 0.0002003364066813889 0.001710690144743492
9.047906484077236 0.0012220536122379356 0.0008914301789802528 0.001512634389130616
9.072831846292324 0.0015174786073516302 0.002802311194914107 0.0031867992338568763
9.097757208507414 -0.003046014837055104 0.0021605069169345933 0.0037344338962796027
9.122682570722503 0.00018958201371663605 -0.0022299271520550153 0.002237971501917986
9.147607932937591 0.0012386068598610616 0.0023010372615671314 0.0026132201270492395
9.17253329515268 -0.00154077667781512 0.0004770916684753475 0.0016129504738297419
9.197458657367768 -0.0002724813261953004 0.00027283297276910825 0.000385595518847378
9.222384019582858 -0.0004539170379159297 -0.0008061460367772322 0.0009251551815355141
9.247309381797947 0.001375284372236183 0.00024315900979603988 0.0013966149822202474
9.272234744013035 0.00030605072003380844 0.0010644695676190518 0.00110759311284438
9.297160106228125 -0.0002427664073522571 0.0016867753887155512 0.0017041557266034171
9.322085468443213 -0.002036760563686653 -9.574926393292943e-05 0.002039009935074587
9.347010830658302 0.0007124012742349047 -0.0013199192383383691 0.001499900787141355
9.371936192873392 0.0008264012128799623 0.0010218366766911041 0.0013141876420361717
9.39686155508848 -0.000649553778063208 0.0006596406219281536 0.0009257677142209857
9.421786917303567 -0.00011426160279366893 -0.0004359145372978861 0.0004506408744228694
9.446712279518657 0.0008917528629618497 0.00037924973104292917 0.000969047742423865
9.471637641733745 0.00015651703081822927 0.0013320232048433722 0.0013411873095050381
9.496563003948836 -0.0008997042097224796 0.0012981843958883132 0.0015794778854799634
9.521488366163924 -0.001627233962182602 0.00033667143004176113 0.0016616973308899712
9.546413728379012 -0.0015298446040403976 -0.0007344078119898677 0.0016969912630368093
9.571339090594101 -0.0004431086912237727 -0.0018542816918979276 0.0019064904681497586
9.596264452809189 0.0012308027175346873 -0.0009249073050669892 0.001539587234442093
9.621189815024279 0.0004655989312080994 0.00048297479729328467 0.0006708554386472647
9.646115177239368 -0.0003760591474966445 -0.00047078392439731917 0.0006025429328162797
9.671040539454456 0.000919606003129665 -0.0004502910209900074 0.0010239322265542484
9.695965901669545 -0.0003133734005031557 0.00024472830199846713 0.00039761140569903694
9.720891263884633 0.000860477723602785 -0.0015887560457149659 0.0018068114693051086
9.745816626099723 0.0018514408132057536 0.0010393877891480279 0.002123242817257133
9.770741988314812 -0.00018683116226060232 0.0008086980382253481 0.0008299990362772563
9.7956673505299 -5.0091850044721765e-06 0.0003740956642433014 0.0003741291995287803
9.82059271274499 9.948295363625833e-05 -0.0002842261419524232 0.00030113345518781694
9.845518074960077 0.0005011242865901299 0.0007974758414693899 0.0009418562885800456
9.870443437175167 -0.0007771719785851644 -0.00016255874791437075 0.0007939909513473483
9.895368799390257 0.0005478649087219217 -0.0001923828260006539 0.000580660925109377
9.920294161605344 -0.0002965001237688002 -0.00032043008652515463 0.000436563584996999
9.945219523820432 0.0012634868881889042 -0.0003101770920706952 0.0013010030534440391
9.970144886035522 -0.0002855154186136268 0.0009499743942637038 0.000991952823486483
9.995070248250611 -0.00023075721567624645 -0.001207334920123794 0.0012291893678099326
10.0199956104657 0.001539443833259471 -0.00047920071960059693 0.0016123029012646301
10.044920972680789 0.0010576375390100783 0.0007615821124021046 0.0013033052128546662
10.069846334895876 0.00021495005671564262 0.0006061347004259137 0.0006431195860354978
10.094771697110966 0.0003561636802024434 0.0002423688227242043 0.00043080762913865064
10.119697059326054 0.0002944067211407178 0.0003748125806394619 0.0004766128282562708
10.144622421541145 0.0003273548036664207 0.0003948183659598663 0.0005128768951538953
10.169547783756233 -0.00046327776025557014 0.0003947431099118668 0.0006086447288610243
10.19447314597132 0.0001982755601302638 -0.001421805641391961 0.0014355641677190802
10.21939850818641 0.002392315604656428 0.0003200951397807462 0.002413635194223416
10.244323870401498 0.00019306546195014095 0.0017382319373520129 0.0017489209646603682
10.269249232616588 -0.0001576841433204998 0.00048038268319638733 0.0005056004463701358
10.294174594831677 -0.0003170336328080144 2.584062666039533e-05 0.0003180849922861009
10.319099957046765 0.0012281555596731029 -0.00019700626392782223 0.0012438559188196804
10.344025319261855 0.00021141381445650205 0.001431445797751111 0.001446973694592394
10.368950681476942 0.0002284262191362669 0.00025365426253743756 0.00034134882816892916
10.393876043692032 -0.000715246779775041 0.0014842321489256932 0.0016475809624668363
10.418801405907121 -0.0008612942365698386 -0.0016716550543258801 0.00188049418573993
10.44372676812221 0.002192293408140558 -7.555183363571919e-06 0.002192306426613807
10.468652130337297 0.0005475137902071929 0.0017240222593563092 0.0018088737106893558
10.493577492552387 -0.0011279322902234472 0.0012547222402763502 0.0016871749024842723
10.518502854767476 -0.0004528432087077575 -0.0010687953504804155 0.0011607714989959445
10.543428216982566 0.0007188446728441639 0.0008790484771342422 0.001135545634850693
10.568353579197654 -0.0007759851779117807 -0.0004366054715374378 0.0008903804434707707
10.593278941412741 0.0010604968870328133 0.00037999897250135493 0.001126522466046893
10.61820430362783 -0.0005686549090160822 0.00011123193733623283 0.0005794315744172562
10.643129665842919 0.0009931060568033096 0.0005940140195861054 0.0011572001968217342
10.668055028058008 -0.0013876834503188796 0.0005403483101392407 0.0014891748233700581
10.692980390273098 0.0005392432797895389 -0.0005841611853505801 0.0007950016385318798
10.717905752488186 -0.0010649498676173663 0.00032935314226723944 0.0011147159785611538
10.742831114703275 0.0006971650430323413 -0.0020029597430680614 0.002120822206027078
10.767756476918363 0.0015337707280459192 0.0006289437913181787 0.0016577161816330906
10.792681839133452 0.0004586389322633183 0.00026559200611684226 0.0005299894186687178
10.817607201348542 0.0005544766613078423 0.0008007831504151741 0.0009740113048234825
10.84253256356363 -0.0001285486629406782 0.00024028526988006968 0.0002725101276378073
10.86745792577872 0.0005728754306069178 0.00014444423884639432 0.0005908048722962394
10.892383287993807 0.0003331641976445572 0.0006900687659656071 0.0007662853804904784
10.917308650208897 8.330612939853731e-05 0.0004687221586541374 0.0004760676141145921
10.942234012423986 -2.9695449923412294e-05 0.0007486907278236865 0.0007492794042780806
10.967159374639074 -0.000547106793418429 4.2813592298643926e-05 0.0005487794156946032
10.992084736854162 0.0003106652161070868 0.0001703222094668837 0.00035429159111746353
11.017010099069251 -0.000682753591007039 9.422963307004635e-05 0.0006892254274049403
11.041935461284341 0.000725608233464565 -0.0007770773221980273 0.0010631822389158049
11.06686082349943 0.0006376833816598408 0.0010514674159712127 0.0012297251002131775
11.091786185714518 -0.0006555177191241713 0.00044639819506524486 0.0007930793331333659
11.116711547929606 -0.000287180698657914 -0.00045540204195865697 0.0005383899827279126
11.141636910144696 0.0006481081614127457 -6.299439935484592e-05 0.0006511624092650676
11.166562272359785 -0.00043617494797195815 0.00040056529988644535 0.0005922002572706789
11.191487634574873 0.0003873487682411897 -0.0010576743203091245 0.0011263720682347087
11.216412996789963 0.0012414291159635687 0.0007395098691562714 0.0014449986493217262
11.24133835900505 -0.00031879471504084556 0.0008677977601296625 0.0009245014996331986
11.26626372122014 -0.0005625606921861454 4.497798253560366e-05 0.0005643558729258765
11.291189083435228 0.00016780639555880674 -0.0006377044248136705 0.0006594133148620621
11.316114445650317 0.0005610841048138957 0.000507872900385661 0.0007568026530218788
11.341039807865407 -0.0006029960243963471 0.00016761268972546083 0.0006258579864432534
11.365965170080495 -0.0002978705009671024 -0.0006508173723520509 0.0007157444289001631
11.390890532295582 0.0006885982329258194 -0.001215719750000432 0.0013971907661195283
11.415815894510672 0.0016267634686802012 0.00043668270217833813 0.001684354821708958
11.440741256725762 1.4147087021010036e-05 0.0006721982909395038 0.0006723471442738266
11.465666618940851 0.0003224164312453261 0.00024204953480710145 0.00040316291054275604
11.490591981155939 -0.00018307022698024547 -0.00016766443164140476 0.0002482459861593615
11.515517343371027 0.0012671203995744775 -4.719549546295978e-05 0.001267999022795277
11.540442705586116 -0.00017189069983392677 0.0011631754281209927 0.0011758075902433406
11.565368067801206 -0.0002269604847911238 -0.00038356667158022216 0.000445684252811059
11.590293430016295 9.496992966691927e-05 -0.0002896161731905207 0.0003047897887306287
11.615218792231383 0.0013986851000610929 -0.0007728622165652512 0.0015980100171547932
11.640144154446471 0.0013572789295046937 0.001844997096969701 0.0022904629183429343
11.66506951666156 -0.001232280793067387 0.0010033945381283107 0.0015891244608615507
11.68999487887665 -0.00029535051629388367 -0.0009815049307506866 0.0010249799298342255
11.714920241091738 0.001596357580695191 -9.29387429193943e-05 0.0015990607040942632
11.739845603306827 0.00029348254027751773 0.0018196063455959929 0.0018431221485243317
11.764770965521915 -0.00099598557847859 0.0004146381673032315 0.00107884757140289
11.789696327737005 -0.0005306638274782916 -0.0001522513600875985 0.0005520729792721554
11.814621689952094 9.208020561858666e-05 -0.0007112333013184223 0.0007171691384680903
11.839547052167182 0.0005037445240976639 0.00025477960078232044 0.0005645096903802276
11.864472414382272 -0.00012454305383300665 -6.856980262606216e-05 0.00014217169229571798
11.88939777659736 9.202630205154825e-05 -0.00015025931624845386 0.00017620074457486173
11.914323138812447 0.0005873331703453871 -0.0006433292785536337 0.0008711101041959635
11.939248501027537 0.0009086628819080693 0.00079223393620178 0.0012055301085527662
11.964173863242626 -0.0002887207348531557 6.119221994020394e-05 0.00029513412292609705
11.989099225457716 0.0006136732236963995 0.0005333406025308554 0.0008130479836946323
12.014024587672804 -0.0011491560009974137 2.2815671199920117e-06 0.0011491582659394182
12.038949949887892 0.000856298475840167 -0.0013971022408380985 0.001638640214043653
12.063875312102981 0.0011699574821209362 0.0005948933684937499 0.0013125161446049345
12.08880067431807 6.23663932168089e-05 0.0005487338720691927 0.0005522666288659154
12.113726036533158 -0.00011043969402806672 -0.0003145685490681783 0.0003333921086046757
12.138651398748248 0.0012403784893085948 -0.00014911086324160316 0.0012493089474890221
12.163576760963336 -1.4732304515247283e-05 0.0012404792373567018 0.0012405667169118292
12.188502123178425 -0.0004900793409203794 -0.0008613808757984966 0.0009910372210912859
12.213427485393515 0.0014438295912100087 -0.00031729751639484574 0.0014782833295292205
12.238352847608603 0.0007254596746900511 0.0007173983096413013 0.0010202705887545672
12.263278209823692 0.0005574352362478351 0.0005963877669491552 0.0008163408670263173
12.28820357203878 7.057871884991857e-05 0.0008604802409679491 0.000863369909511998
12.31312893425387 -0.0002763955150083564 0.00024322849920713877 0.0003681773805427102
12.33805429646896 5.7011964704599076e-05 -5.154719323890779e-05 7.686011482093787e-05
12.362979658684047 0.0003054491696078806 -0.0002372349051942531 0.0003867552138713453
12.387905020899137 0.0011881568416287362 9.817434223159651e-05 0.0011922058890065006
12.412830383114224 0.0005717524957912678 0.0016365099092567818 0.001733512503427415
12.437755745329312 -0.0011327678917434528 0.0007705060211174179 0.0013699790601111761
12.462681107544404 -0.00040814175322888296 -0.0004892299131173537 0.0006371229069948434
12.487606469759491 0.0002594236565364268 -0.0001903241761943794 0.0003217513412789434
12.51253183197458 6.321376902819377e-05 7.407959734604315e-05 9.738463604543435e-05
12.537457194189669 0.0002967986531961985 -0.00048272738708939815 0.0005666702487207486
12.562382556404756 0.0009274866356811303 0.0004011822232131483 0.0010105338369343928
12.587307918619846 8.538665867492436e-05 0.00045160710548953505 0.0004596083759118235
12.612233280834936 0.00026922954298884877 0.0007896530059053027 0.0008342879698001551
12.637158643050025 -0.001041334049415041 3.5980764554031045e-05 0.0010419554778823418
12.662084005265111 0.000578277725663612 -0.00046154637068130663 0.0007398852480538896
12.6870093674802 -0.0006330910680834157 0.00015752429866474764 0.0006523942099350826
12.71193472969529 0.0007813795663483458 -0.0012013985413152836 0.00143314775294846
12.736860091910378 0.0004638163388920691 0.0005054200270698337 0.0006859846936969615
12.761785454125468 0.0006673263510468292 -0.000863235143817389 0.001091100074384978
12.786710816340557 0.0012218785101004925 0.0006180046806585824 0.0013692760418415695
12.811636178555647 0.0009055030582265117 0.0003323766613196956 0.0009645776451108501
12.836561540770735 0.0005440859690725909 0.0017291875225345832 0.0018127655749795532
12.861486902985824 -0.0008951733868123714 0.0007318617333726755 0.0011562685627622973
12.886412265200914 -0.0009425388867050442 -7.802699320255457e-05 0.0009457630594495725
12.911337627416 0.00046408144090036356 -0.0014424950970261044 0.001515309766593124
12.93626298963109 0.0012895311518138091 0.0008310349835545938 0.001534115294034263
12.961188351846179 -5.980241146906438e-06 0.000284253360250344 0.00028431626069886853
12.986113714061267 0.00022972735035118097 0.001023006143721953 0.001048482820837917
13.011039076276356 -0.0009382943517711254 -0.0003410979199961547 0.000998370713508414
13.035964438491446 0.0006594764723595302 -0.00022915312959190538 0.0006981549787815988
13.060889800706532 9.305686311006154e-06 -0.00010796017713194018 0.00010836048931265836
13.085815162921621 0.0006357340054118821 0.00011667547407061178 0.0006463519876094115
13.110740525136713 0.00020281926856389361 -0.00021142794045310453 0.00029298025480402996
13.135665887351802 0.0012911527286810249 0.0007717035995032551 0.0015041947394758223
13.160591249566888 -0.0008643180773252159 0.0012261753505956813 0.0015001838984603187
13.185516611781978 -0.0007225933233496383 -0.0003929262956478951 0.0008225157656610917
13.210441973997067 -0.00015719563805246796 -0.0009395364120773191 0.0009525959994886839
13.235367336212155 0.0012807038836407769 -0.00040238789439966277 0.0013424300559552302
13.260292698427245 0.0001731494391426819 0.0008317637828347205 0.0008495950321835393
13.285218060642334 -0.0003315170060641156 -0.00043456108591603007 0.0005465774077861562
13.31014342285742 0.0008709120761670081 -0.0006092213504137661 0.0010628445315348342
13.33506878507251 0.0007045555990006042 0.000662516301556792 0.0009671227646537901
13.3599941472876 -0.00017474123133059169 -0.0002564115197304402 0.00031029238691499553
13.384919509502687 0.00099008231181484 -0.00011066923377940841 0.000996248294088346
13.409844871717777 0.00041013226499979534 0.00024801529775204283 0.0004792912086747438
13.434770233932866 0.0005935208633969125 0.0005080179350285952 0.0007812485120613891
13.459695596147954 -0.0003759873814055345 -0.00019992421351520043 0.00042583588637626856
13.484620958363044 0.0014206723423209088 -0.00030699799341606527 0.0014534640250783877
13.509546320578133 0.00010639305169513517 0.0008538980507921115 0.0008605006464817857
13.534471682793223 0.0007674347401563982 -0.0003379984699565594 0.0008385696429587072
13.559397045008309 0.00024577180227933773 0.0009404931130796966 0.0009720756526865452
13.584322407223398 0.0003608863661744478 -0.000887197363573442 0.0009577881452713141
13.609247769438488 0.001893068923509898 0.0008922080482178257 0.002092784066850564
13.634173131653576 -0.00011671941896365658 0.0013600130295336045 0.0013650124040697896
13.659098493868665 3.443504256347455e-05 0.0002448375114943345 0.0002472472025950682
13.684023856083755 0.0004347596211412508 0.0004365515182594508 0.0006161113180826298
13.70894921829884 0.00032952888272657347 0.0008283956937716178 0.0008915316651753788
13.73387458051393 -0.0003915981969610756 0.0007915584306880517 0.0008831273390947064
13.758799942729022 -0.00045817091027336524 -0.00020640985086855723 0.0005025192628708915
13.783725304944108 0.0006492489898190945 -0.00030840720386733335 0.0007187762198197584
13.808650667159197 0.0006711027961962278 0.0006728743971298363 0.0009503362128085177
13.833576029374287 4.3243266493754316e-05 0.0007267651008042203 0.0007280504734178932
13.858501391589376 -0.0003263752459480908 0.0004019677369604802 0.000517782640424345
13.883426753804464 9.223572497653966e-05 -0.00031985135611170903 0.00033288484340451304
13.908352116019554 0.000796198973250417 0.0005485162263019115 0.000966852033933584
13.933277478234643 -0.00043342184642450126 0.000890392189437399 0.0009902791262917485
13.95820284044973 -0.0006096853469778139 -0.0003324078589448859 0.0006944142906131617
13.983128202664819 0.00047941938564913114 -0.0009359751216689414 0.0010516141762639852
14.008053564879908 0.0017799554029257442 0.00017342384749554612 0.0017883839261424563
14.032978927094996 0.0007766546857550412 0.0017838481251697777 0.00194558645003942
14.057904289310086 -0.0006496675213706363 0.0014361426538780186 0.0015762530287398862
14.082829651525175 -0.0011400713971335954 0.00020592986451899633 0.0011585205650582818
14.107755013740263 7.795103169231481e-05 -0.00040606169126837955 0.0004134760699939394
14.132680375955353 4.3177261332192536e-05 0.0006198714828206938 0.0006213734232411893
14.157605738170442 -0.0005311088379663113 0.00022124347630712494 0.0005753479586948987
14.182531100385532 -0.0006274607152335209 -0.00022272830839293077 0.0006658189307318756
14.207456462600618 0.0002775843650916297 -0.0008219446080970511 0.0008675517382399382
14.232381824815707 0.0004556947972064415 0.0004521018915575554 0.0006419142221130012
14.257307187030797 -0.00047393536199266846 -0.00023731780780153613 0.0005300325171598895
14.282232549245885 0.00043105883876376776 -0.0005776843080097225 0.0007207849070263887
14.307157911460974 0.000709627285592683 -0.00020006209677935825 0.0007372894458931259
14.332083273676064 0.000863231136470175 0.0003801261816314454 0.000943219968476756
14.35700863589115 0.0002848560001842959 0.0007584833728704704 0.0008102098294651581
14.38193399810624 -0.0001514663501503222 0.000503059446108672 0.0005253673586615597
14.40685936032133 -0.0001392466457916393 0.00031776169907705374 0.0003469324512993247
14.431784722536417 -0.0005512427726053523 0.00010393851253423453 0.0005609561558067308
14.456710084751506 3.3448052615120826e-05 -0.0005175550505478625 0.0005186347487117928
14.481635446966596 -9.207041253456608e-05 0.00010881253130636818 0.00014253816272698528
14.506560809181684 -8.411929987941157e-05 -0.0009168481663495032 0.0009206989827031681
14.531486171396773 0.0008242737035744217 -0.0003858251334891215 0.0009101033853558572
14.556411533611863 0.0007728479366049913 -0.0003265549124408772 0.0008390065815915043
14.581336895826952 0.0011271855716730077 0.0005038897841458189 0.0012346870970226932
14.606262258042038 0.0002548967962445954 0.0007948198304655812 0.0008346921226638562
14.631187620257128 -0.0003708756680396472 0.000540957413230214 0.0006558838952684989
14.656112982472218 -0.00019481074999134042 -0.0006240580722820354 0.000653758140211316
14.681038344687305 0.000563824966563855 1.2721675678621244e-05 0.0005639684689349257
14.705963706902395 0.0001179676882937773 -0.0004649655012817862 0.00047969708448519945
14.730889069117485 0.0011056835481997205 1.615679637968138e-05 0.0011058015874598744
14.755814431332572 0.000316166389947621 0.00028786666944865673 0.00042758438408339156
14.780739793547662 0.0006377512546741161 0.0002340049842571002 0.0006793268694049831
14.805665155762751 0.00019672148534583193 0.00024344253199586058 0.0003129913883499448
14.830590517977837 0.0002806766104840494 0.00022503616897003723 0.0003597507984946328
14.855515880192927 0.00013715246416938243 -0.0006804985485936737 0.0006941823053534499
14.880441242408017 0.001912479457191826 0.00012814221557918364 0.001916767618047186
14.905366604623106 0.00028399248466494896 0.001268209714392539 0.0012996182558835407
14.930291966838194 0.00043170097133233903 0.00039257867635155303 0.0005835098506239826
14.955217329053283 -0.0001925380661073169 0.0006142682686010128 0.0006437362912796136
14.980142691268373 0.0006963186689807412 -0.00032652304381994415 0.0007690754104225099
15.005068053483459 0.0006695211673167153 0.0010355464507721109 0.0012331322091291967
15.029993415698549 0.0002646579191851856 0.000542688988264237 0.000603784027753876
15.05491877791364 -0.000224782518854692 0.0011883085296024458 0.0012093818017105214
15.079844140128726 -0.0005687454925692905 -0.0005682227041160158 0.0008039580068578222
15.104769502343816 0.0012301463178782518 0.0004043843782760604 0.0012949079846781147
15.129694864558905 -0.0006792486008690951 0.0010942161763240394 0.0012879005017127
15.154620226773993 -0.00036109261582894766 -0.0007388337417854524 0.000822352220892535
15.179545588989082 0.0008824384881114056 -0.00027320629311737755 0.0009237636948372034
15.204470951204172 0.0007869580323779452 0.00044737427857087893 0.0009052329478377272
15.229396313419258 0.0004970358038507375 0.0006223941781309689 0.0007965043021107125
15.254321675634348 0.00025582144373359397 0.0006991857945023194 0.0007445168811435909
15.279247037849437 0.00024240084880231973 0.00043696736145214883 0.0004996985556058152
15.304172400064527 0.00033869261472503225 0.0010994335802787217 0.0011504203078500342
15.329097762279615 -0.0009538259077760664 0.0006517233137362995 0.0011552173561768626
15.354023124494704 -2.2211817947127895e-06 -0.00040417702372976704 0.0004041831270100446
15.378948486709794 0.00023227105741906726 0.0003288081727395298 0.00040257255069723783
15.40387384892488 0.00023687528912839088 0.0002492539630032512 0.00034385671532265427
15.428799211139971 -6.071408762616704e-05 0.000457575929717397 0.00046158632117191046
15.45372457335506 0.0003586313376242568 0.00019536436371393883 0.00040839156570075715
15.478649935570147 -0.0003750358377823077 0.000955612868589953 0.0010265709104761327
15.503575297785236 -0.0003362715657237599 -0.0006220617421574333 0.0007071346243610547
15.528500660000326 0.0008259322323468834 0.0004806569649454334 0.0009556124582591322
15.553426022215413 -0.00028807897301231605 0.0006516186444597441 0.0007124579654263016
15.578351384430503 -0.00023546797425709465 0.0003034149659250024 0.00038406484927419506
15.603276746645593 -0.00014210999333048112 -3.132530702357542e-05 0.00014552156219787722
15.628202108860682 5.403724508800772e-06 0.0004516174358393699 0.00045164976319344435
15.653127471075768 -0.00039884335562411925 -0.00019257619600514928 0.0004429013587621078
15.678052833290858 0.00043730801410745465 0.0003267392565746599 0.000545890869120896
15.702978195505949 -0.0008749701191449041 0.00037411759011252637 0.0009515969107915662
15.727903557721035 -0.00020552955746525482 -0.0008517092317259699 0.0008761569576275162
15.752828919936125 0.00047808590974270863 -0.00035568995253635016 0.000595887136486285
15.777754282151214 0.0006516685472756729 -3.215298872405146e-05 0.0006524612710286143
15.802679644366302 0.0004917330810445104 0.000680641814789558 0.000839687265018084
15.827605006581392 -0.0005665403972094969 0.0006167673328555809 0.000837478336763454
15.852530368796481 -0.00039055536978515226 -0.000568184946691228 0.0006894690932264699
15.877455731011567 0.00041946647006931655 -8.883113197775776e-05 0.00042876927306053855
15.902381093226657 -0.00023601409403289523 -8.123958518149664e-05 0.000249604733093405
15.927306455441746 0.000424446684109267 -0.0006578162190367487 0.0007828647173548925
15.952231817656834 0.0008033276044398336 0.0001890860409794635 0.0008252810254382013
15.977157179871924 0.0001920613997399087 0.00029758498312797924 0.00035418131437631303
16.002082542087013 0.00027734360748417146 0.0002807624015186697 0.00039464794782041485
16.027007904302103 -0.00039204261513321335 4.4065917949286906e-07 0.00039204286278543744
16.05193326651719 0.0008221499190730989 -0.0006703835682160242 0.0010608226138077712
16.07685862873228 0.0004898338305809221 0.0009834849965775494 0.0010987173977300632
16.101783990947368 -0.0003129491023613065 -0.0002446370998920508 0.00039722090996363824
16.126709353162457 0.0004473358037025279 0.00012638803589000872 0.0004648475630680672
16.151634715377547 7.241929512829935e-05 -0.0003320656186243354 0.0003398707539333773
16.176560077592637 0.0008248018834264195 9.717740443831003e-05 0.0008305068300966199
16.201485439807723 0.00043009797408534006 0.0001599749052286361 0.0004588858655648755
16.226410802022812 0.00043897129155736253 0.0007603352847005524 0.0008779553177538188
16.2513361642379 -0.0004573908826034153 -0.0002219481603105257 0.0005083968974668886
16.276261526452988 0.001021177813849983 -0.00010422171041722145 0.001026482485199685
16.301186888668077 6.1199182477926e-05 0.00045663581102173696 0.0004607185733649621
16.326112250883167 0.0005272569902665798 -9.695693371685421e-05 0.0005360975478219862
16.351037613098256 0.000398159344407122 0.00011333855484764589 0.00041397643840400145
16.375962975313342 0.0010750459599466063 0.00014486512957634032 0.0010847625186024314
16.400888337528436 0.000663693776568439 0.0009477031330977574 0.0011569920732394767
16.425813699743525 0.00044787973591797314 0.001003913581876885 0.001099290106260777
16.45073906195861 -0.0005519311621429178 0.00108266342850583 0.0012152317092507215
16.4756644241737 -0.0004127967040190949 -0.0002998726164702134 0.0005102202514186594
16.50058978638879 0.0007399067987173657 5.5669633778376194e-05 0.0007419980989956772
16.525515148603876 0.0002863669084664038 0.0009118841746123857 0.0009557922128648662
16.550440510818966 -0.0001636150128164136 0.0003008984087115971 0.00034250507263993405
16.575365873034055 0.00039403770988864295 0.0005542415054895321 0.0006800362955178123
16.60029123524914 -0.00025543364238009145 0.0005297576551250567 0.0005881237274784609
16.62521659746423 0.0004569199385191334 0.00044448525293578435 0.0006374503669257057
16.65014195967932 -0.0004623880861827176 0.0012508301144242785 0.0013335586666488918
16.67506732189441 -0.0007474832159070232 -5.649366325999728e-07 0.0007474834293923206
16.6999926841095 -8.607329899426019e-05 0.0003437190199178097 0.00035433229806639834
16.72491804632459 -0.0008538051881388343 0.00013833698764915064 0.0008649395478555895
16.74984340853968 -3.295470271725866e-05 -0.0007586081336398495 0.0007593235890288926
16.774768770754765 0.0006300172703878875 0.00027148538896390066 0.0006860219219586828
16.799694132969854 -0.0001138522512802773 0.0005735028109196589 0.0005846946290623316
16.824619495184944 -0.00044228884115019983 0.00039953013590567635 0.0005960232784906936
16.84954485740003 -0.0004566519639316594 -0.0003472145612952309 0.0005736627648175199
16.87447021961512 0.00044012519401654147 0.00013931733666669083 0.00046164868320401213
16.89939558183021 -0.0006138759041545246 0.0006793200506223356 0.0009155978139330979
16.9243209440453 -0.0009450858199314622 -0.0003455174592246612 0.001006265134874795
16.949246306260388 -0.00027606885191235145 -0.0009702512709515697 0.0010087623802359702
16.974171668475478 0.00041272768878858107 -0.00040582944314456956 0.0005788278517968838
16.999097030690564 -0.0001303646428534865 -0.0004512897518693848 0.0004697418229715638
17.024022392905653 0.0006258839480710603 -0.0005986424425584312 0.0008660851519829573
17.048947755120743 0.0003381343358723713 -0.00024718351767413657 0.000418849042622291
17.073873117335832 0.0010687951038650498 -0.00027367847635199324 0.0011032782434473414
17.09879847955092 0.00031335340554843657 0.0007851165039401684 0.0008453391517775782
17.123723841766008 -2.170968801426648e-05 -0.0002475035957784857 0.00024845390010413764
17.148649203981098 0.00038517749759967495 -4.946604024387975e-05 0.00038834082169475405
17.173574566196187 0.0007692327249334995 -0.00032538634153149963 0.0008352216809709089
17.198499928411277 0.00084114540425742 0.0010753978075372264 0.0013652860636362081
17.223425290626366 -0.0007283753928164422 0.00023879342158727738 0.0007665200656563829
17.248350652841452 0.0007073628280047856 -0.0004620062712596829 0.0008448739344578004
17.273276015056542 0.0005666382326300303 0.0007023873626936749 0.0009024560343583837
17.29820137727163 1.9232397173958217e-05 0.0006955762397218959 0.000695842072863311
17.323126739486717 -0.0008057969083469134 0.0002452144772959935 0.0008422818989964056
17.348052101701807 9.978282976332184e-05 -0.001063727226176109 0.0010683970351998808
17.372977463916897 0.0011197632441777505 1.6660452354698333e-05 0.0011198871789980201
17.397902826131986 0.0005820995081968239 0.0006367955988892858 0.0008627563226124446
17.422828188347076 -0.00015433926762760798 0.0006591563416217796 0.0006769842629131306
17.447753550562165 3.580480495349896e-05 -0.00027805257050787286 0.0002803483833086856
17.472678912777255 0.0005060475266386943 0.0004720225493059632 0.000692018342437858
17.49760427499234 -0.00013382561716329008 9.21386488079206e-05 0.00016247715658911812
17.52252963720743 0.0004801823339719115 0.00017848114433861295 0.0005122797992729493
17.54745499942252 0.00012287898924359666 0.00025496355349379954 0.00028302943240538343
17.572380361637606 0.0004759416282924574 0.0004223844046612741 0.0006363403325601283
17.597305723852696 -9.157285273046802e-05 0.0006605213667122348 0.0006668388585262518
17.622231086067785 -0.0002648406756976435 0.0004737794063172951 0.0005427775873729063
17.64715644828287 -0.0006947853666479445 -8.697965548118884e-05 0.0007002086590265397
17.67208181049796 0.00017236128432544947 -0.0007277940799709679 0.0007479255545675025
17.697007172713054 0.0008823007531386245 -6.132036246799747e-05 0.0008844290846880776
17.72193253492814 0.00040944239356534523 0.0009336606207529847 0.0010194926328293736
17.74685789714323 -0.0006288260645065612 0.00014738106211047166 0.0006458663924308344
17.77178325935832 0.00044636757214383695 -0.00022065936389228222 0.000497930280596521
17.79670862157341 1.4800049418951027e-05 0.00034283799954404906 0.00034315730415389496
17.821633983788495 0.0004995901469661976 -4.499260536989824e-05 0.000501612050775974
17.846559346003584 2.819026599441511e-05 0.0010339686644208936 0.001034352884706744
17.871484708218674 -0.0007575848465008931 -0.00013896087712418083 0.0007702239447192638
17.89641007043376 0.00026479183555725187 -0.00018431683932440893 0.0003226258102451177
17.92133543264885 -0.00026898422034972463 -1.5302855034868015e-05 0.00026941916815506536
17.94626079486394 0.0005578980242724489 -0.0006435088306126945 0.0008516770635420561
17.97118615707903 0.0007269123899558023 0.0007937407196181355 0.001076301980231929
17.996111519294118 -0.0006148625582145675 0.00016301437194598162 0.0006361050628277575
18.021036881509207 0.0007051731192314718 -0.00047857017780655967 0.0008522315079674335
18.045962243724293 0.0005579380629124899 0.0011038241848104551 0.0012368195959876313
18.070887605939383 -0.0008731588886203642 0.000554937220353783 0.0010345828933974951
18.095812968154473 -0.0004122165216747642 -0.0004011924351506871 0.0005752198108234622
18.12073833036956 -0.0001648675530777091 -0.0003871613705230385 0.00042080308563876846
18.145663692584648 0.0003670384059313451 -0.0007316296771937163 0.0008185347738362765
18.170589054799738 0.0007785562944191177 -9.878454459871578e-06 0.0007786189616507831
18.195514417014827 0.0004932472056383136 0.00014166360021610345 0.0005131874720764263
18.220439779229917 0.00024524635194953 0.0004256946440701487 0.000491285765247237
18.245365141445006 9.809803444589378e-05 -0.00041373624290186415 0.0004252068944087079
18.270290503660096 0.0013403767552526993 0.00027519884133812497 0.0013683363067227298
18.295215865875182 5.568041129251626e-05 0.0012989682719037254 0.0013001610975622423
18.32014122809027 -0.0006003205166768427 0.00015995626485137575 0.0006212654258916674
18.34506659030536 0.000250263386593463 -0.00047928848399460207 0.0005406932712352476
18.369991952520447 0.0009187502551829925 0.0004883922526924388 0.0010404946054107195
18.394917314735537 -9.984595636554492e-05 0.0008025608946002805 0.0008087479239813558
18.419842676950626 -4.475975333630006e-05 0.00038324607000382377 0.0003858509889738553
18.444768039165716 -0.0003688619670534904 0.00020971079818331837 0.00042430857829326845
18.469693401380805 0.00037342956300514103 -4.4045889863031964e-05 0.000376018189639859
18.494618763595895 -0.00017220201147421035 0.000744695323028115 0.000764345901340298
18.519544125810985 -0.0002927318833672235 -0.0002605762703032281 0.0003919080863989192
18.54446948802607 0.0002694218653544825 0.00023622083995572773 0.00035831330809848306
18.56939485024116 -0.00014459468892696978 6.0061542219146853e-05 0.00015657270809317159
18.59432021245625 0.0002348155658693976 0.00014873735774789337 0.00027795890265359415
18.619245574671336 -4.7908495092277406e-05 0.00017625359894810684 0.00018264872034637106
18.644170936886425 0.00021486412233310192 0.00021717842825845162 0.0003055046002383362
18.669096299101515 -0.00015194739262795485 0.00032645725710472363 0.0003600865879795768
18.694021661316604 9.592890937550514e-05 0.00016910938350836438 0.0001944230933931279
18.718947023531694 -0.0003737994615535173 0.0005481698323702803 0.000663487906881927
18.743872385746783 -0.0006221518312422046 -0.0003979917239889336 0.0007385596208037047
18.76879774796187 0.0004236090396068125 -0.0005643239471607601 0.0007056246422679033
18.79372311017696 0.0006474744596846048 0.0005424349545264591 0.0008446649370229551
18.81864847239205 -0.0006964812363443553 0.000681683178818883 0.0009745655795606465
18.843573834607135 -0.0005356314860256838 -0.0007289643541765223 0.0009045938969958159
18.868499196822224 0.00048659417083822125 -0.0004884648886232777 0.0006894721419401129
18.893424559037314 0.0006366167397027331 8.359430463438166e-05 0.000642081677854962
18.918349921252403 8.736458133924841e-05 0.0005420486941454715 0.0005490440391238148
18.94327528346749 7.106813888381117e-05 -0.00014536624918516818 0.0001618086115340376
18.96820064568258 0.0004544329765522137 0.0007570980482510351 0.0008830100706354551
18.993126007897672 -0.0009231103422621869 0.00047538668052455316 0.0010383280791790067
19.018051370112758 -0.00023538120015551456 -0.0005791600424135583 0.0006251645096413624
19.042976732327848 0.0001559291818936618 9.119086611011165e-05 0.00018063688390785248
19.067902094542937 -0.0004280385485344168 -8.541792299798596e-05 0.0004364782017475101
19.092827456758023 0.00014552384126550837 -0.0005711606222799032 0.0005894078764487586
19.117752818973113 0.00023932182158003105 7.659350032314528e-05 0.00025127972177662065
19.142678181188202 4.278587527009945e-05 -0.00037821042632975554 0.00038062285494589517
19.16760354340329 0.0006631028458323528 0.00010315719809633846 0.0006710788267186294
19.192528905618378 -7.825002962477132e-05 0.0003952831131287295 0.0004029538517758796
19.217454267833467 2.6566497269203522e-05 -6.320739102223637e-06 2.7308066939147798e-05
19.242379630048557 -0.00011765849977809569 0.00030311412432773176 0.00032514872741101075
19.267304992263647 -0.00044567943640500066 -0.00024074505165456975 0.0005065454964072236
19.292230354478736 0.00017815422220016097 -0.00023628732013546418 0.00029592334234484384
19.317155716693826 -0.0005410727190520198 -9.899444053367632e-05 0.0005500541669316956
19.34208107890891 0.00030563187269760873 -0.0012370795677963667 0.0012742749698035714
19.367006441124 0.0008980426502879786 0.00027493207266725354 0.0009391848839910961
19.39193180333909 -0.0002468476664427882 -0.0001057946199151773 0.00026856334826488675
19.416857165554177 0.0003667324949932168 -0.00035108464408786474 0.0005076939532811598
19.441782527769266 0.00023064487278511622 -0.00034487442345294757 0.00041489206463135136
19.466707889984356 0.0007129358081914425 -0.00027334834457278336 0.0007635422608358142
19.491633252199446 0.0005455675310886778 0.00019984643683053577 0.0005810185274946546
19.516558614414535 4.126228555382774e-05 7.226335553499745e-05 8.32139937889239e-05
19.541483976629625 0.000531649650308151 -0.0006181237749012718 0.0008153087462863239
19.566409338844714 0.0010159110995806608 0.0003235929728680139 0.0010662025015637257
19.5913347010598 0.0004373565802480436 0.0003298473716494489 0.000547795643347328
19.61626006327489 0.00030031695738727375 0.000652321573331414 0.0007181320978259647
19.64118542548998 -0.00013988269834842846 -0.00022667585857025598 0.00026636274918952186
19.666110787705065 0.000946777462721343 0.00016147640102031537 0.0009604489533564695
19.691036149920155 0.00016631739904418935 0.0005317855687925899 0.0005571870138480279
19.715961512135245 0.0003444863628650738 0.00040856233819376424 0.0005344099909155545
19.740886874350334 -9.876459133669567e-05 0.00023069347262107324 0.00025094605558142243
19.765812236565424 0.0005891370469672867 0.0001413013769979187 0.0006058453096714069
19.790737598780513 0.0002491241252532019 0.0007527211370862202 0.0007928757405795345
19.8156629609956 -0.00019643706908538527 0.000735100634248977 0.0007608945160691492
19.84058832321069 -0.0005744693744853869 2.480358733151071e-05 0.000575004591430489
19.86551368542578 0.0002586843323165145 -4.297287981537218e-05 0.00026222938848585855
19.890439047640864 -6.707615068194704e-05 0.0002955387887834094 0.000303055086850348
19.915364409855954 -1.3294750701514542e-05 0.0002594308149239852 0.00025977124191938275
19.940289772071043 -0.00028868802040842587 -2.6626023238136695e-05 0.000289913294349903
19.965215134286133 0.0002972537563374858 0.0002996112953180416 0.00042205061774495733
19.990140496501223 -0.0009625685042652451 0.00023248485825966077 0.0009902460980601973
20.015065858716312 8.562769576702612e-05 -0.001050752182295216 0.0010542353868470407
20.0399912209314 0.0005534424393560272 5.459684027026262e-05 0.0005561288957137961
20.064916583146488 0.0002794343135029089 -1.7230231433989634e-05 0.0002799650271696642
20.089841945361577 0.00020658966148780629 0.0003615152435604188 0.00041638030640292695
20.114767307576667 -0.00020270604168742235 -2.3039905613442893e-05 0.00020401121681726071
20.139692669791753 0.0003671571354734573 -0.00027409649782531297 0.00045818473594083913
20.164618032006842 0.0005752720238134759 0.0005221953473417809 0.0007769336407749735
20.189543394221932 -0.0004582314524269993 0.00070879770983853 0.0008440202944631737
20.214468756437018 -0.0005865988134276469 -0.00033913729514489836 0.0006775782411448299
20.239394118652108 0.00021487121647607952 -0.0003369905414935181 0.0003996651907859937
20.264319480867197 -3.500140148996466e-05 -6.609309798596631e-05 7.478900793328018e-05
20.28924484308229 0.0005661804219247815 -0.0002782153770938868 0.0006308439317473199
20.314170205297376 -0.00012535427619816345 0.0009944090259148618 0.0010022789059848112
20.339095567512466 -0.00092069703277038 -0.0009731490796307503 0.0013396649421920238
20.364020929727555 0.001197513145185999 -0.00032535805345467833 0.001240925298251704
20.38894629194264 -0.00021550167771790298 0.0004165318403748541 0.00046897734182505435
20.41387165415773 0.0003523027900502917 -0.00013240833432249358 0.0003763631529191947
20.43879701637282 -0.0003759665032798129 0.00028195457493598164 0.0004699459478661132
20.463722378587907 9.618038068215151e-05 -0.0005411500613194067 0.0005496308347374274
20.488647740802996 0.0001130730214526225 0.00016345959634827116 0.00019875751009399613
20.513573103018086 -0.00035232729009186485 -0.00022155214327478824 0.0004161969143724271
20.538498465233175 -0.0001135451590526602 -0.0009598553461192737 0.0009665478718708374
20.563423827448265 0.0011824752617397556 -0.0006131920041969701 0.0013320105775246685
20.588349189663354 0.0004526836521087217 0.0005954670526899724 0.0007479996655920192
20.61327455187844 -0.000259535835403314 -0.00012960152423480015 0.00029009551003502206
20.63819991409353 0.0001341631945037859 -0.0009426521297653912 0.0009521516688588477
20.66312527630862 0.0015598592415285281 -0.0006045739083537435 0.0016729227310441077
20.68805063852371 0.0011304221205835966 0.0009484678435465391 0.0014756169628147196
20.712976000738795 9.367417654005417e-05 0.0008348295983114471 0.0008400686338432767
20.737901362953885 -0.000240028345289485 0.00026330959487646784 0.0003562941892543546
20.762826725168974 1.0138227708080587e-05 2.4882869088955743e-05 2.6868956718841954e-05
20.787752087384064 -0.00010528829571067718 -0.00030630395157724843 0.0003238946371360544
20.812677449599153 0.0006481614587252339 -0.00028351306881510205 0.0007074552542498924
20.837602811814243 0.00030114421869987005 -6.435480796606971e-05 0.0003079437964380917
20.86252817402933 0.0010697509354155976 -4.309683741161212e-05 0.0010706187001997625
20.88745353624442 0.00029839376213487294 0.0007907424835807229 0.0008451701086884302
20.912378898459508 0.0003914971540430458 4.6144199688196565e-05 0.00039420719017880493
20.937304260674594 0.00035508568891599884 0.0006769310302549528 0.0007644092269164347
20.962229622889684 0.00018183939070581334 0.0003677772040250495 0.00041027507335048317
20.987154985104773 -0.00017360750730832926 0.0006575141156378158 0.0006800473357471454
21.012080347319863 -8.00221630274128e-05 -0.0003151077389704565 0.0003251098794787067
21.037005709534952 0.0007576815013202869 0.0005867857572919935 0.0009583312487880703
21.061931071750042 -0.0006613462006941577 0.0009184632121474745 0.001131792149310488
21.08685643396513 -0.0004691303112466412 -0.0005464347535776788 0.0007201903837513169
21.111781796180217 0.00046269963378233695 0.00031243215363441624 0.0005583052943748144
21.136707158395307 -0.0008554923873676355 8.875757850629326e-05 0.0008600843752715645
21.161632520610397 0.0003554761274557417 -0.0007385668379669428 0.0008196610588135922
21.186557882825483 5.890300020359254e-05 0.00021900839352295424 0.0002267911811920596
21.211483245040572 0.00024053005333259003 -0.0005152106538547313 0.00056859187859272
21.23640860725566 0.0004002200313127935 8.789666017907803e-05 0.0004097583389446147
21.261333969470748 0.00061387506711747 -0.00014594260499085904 0.0006309848191359251
21.286259331685837 0.00037519379482385735 0.0008001307589946324 0.0008837305104858909
21.31118469390093 -0.0002087936844787865 0.00013350604797074156 0.0002478278990004818
21.336110056116016 5.073330752783008e-05 0.0002303313140560262 0.00023585245965961253
21.361035418331106 -2.686149169306759e-05 -2.3702795252147494e-05 3.582404553846432e-05
21.385960780546196 -4.333550689675772e-05 0.00018402772917136304 0.00018906128969719708
21.410886142761285 0.00010187389699066792 -0.00034985442101664004 0.00036438497059147984
21.43581150497637 0.00038964638313342885 0.0004852153318416496 0.0006223007489495453
21.46073686719146 -0.0004977923015022777 -3.12641694629833e-05 0.0004987731184889025
21.48566222940655 0.00039713962164551216 -0.0002536254719853519 0.000471217316235867
21.510587591621636 -2.2004353150039324e-05 0.0003567422590044482 0.00035742024413447604
21.535512953836726 -0.00020832836473855352 -0.00033534862027935833 0.0003947903300207707
21.560438316051815 0.000616478541128068 -0.00017029839478953859 0.0006395680846784684
21.585363678266905 -8.802354456867339e-06 0.000690508566575407 0.0006905646689181307
21.610289040481995 -0.0005762425433433357 -0.0003363251988053172 0.0006672106924429736
21.635214402697084 0.00031622954417033044 -0.00033349169181026825 0.00045958441347879707
21.66013976491217 -0.00013076632506178203 -0.0001666652002961556 0.00021184220722018855
21.68506512712726 0.0005083520290976181 -0.0006097869654322159 0.0007938903757438403
21.70999048934235 0.0004781606924044804 0.00034350055617431553 0.0005887531569790486
21.73491585155744 -4.329735214473135e-05 -0.0003087948250297433 0.00031181549779941124
21.759841213772525 0.0007550922103478105 9.910456217493392e-05 0.00076156809306314
21.784766575987614 -0.000307439749457251 0.00021728334835540417 0.00037647211453024405
21.809691938202704 0.0004417620189656468 -0.0005919419096314198 0.0007386128253548651
21.834617300417793 0.0005264857862367975 0.00012602118954224554 0.0005413581285277071
21.859542662632883 0.0007326587981494849 0.00013538260833668569 0.0007450619874519786
21.884468024847973 -7.890087117237534e-06 0.0008789010176069983 0.0008789364324143895
21.90939338706306 -0.00015924482429586584 -0.00016712277573722068 0.00023084396512608802
21.934318749278148 -5.0475890897339225e-05 0.0004998445253335233 0.0005023866688794352
21.959244111493238 -0.0006195182215116289 -0.0005914241797251234 0.0008564959936558179
21.984169473708324 0.0004723239634721917 -0.0004617261066352126 0.0006605156500936158
22.009094835923413 0.00015944332276838835 -0.0004598096167355038 0.00048666935060457154
22.034020198138503 0.0009602593727868314 -0.0002694117456201508 0.0009973368296132734
22.058945560353592 0.00037394878747258804 0.0003614945679081569 0.0005201115440742725
22.083870922568682 0.0003014639846863604 -0.00013876743872412166 0.000331868853785695
22.10879628478377 0.0006208641426065157 0.00011192708817711535 0.0006308723774602369
22.13372164699886 0.00019721232886590488 0.00037437682173749125 0.00042314383761432605
22.158647009213947 0.00012568460560963336 -0.00025793827801228565 0.000286929913656963
22.183572371429037 0.0008058296685729953 4.2768053315230514e-05 0.0008069637917136294
22.208497733644126 0.00030671351484115204 0.0004582197327426111 0.0005513968658424924
22.233423095859212 0.00024779328348277746 4.9223215726730566e-05 0.0002526349863056508
22.258348458074302 0.0006005414210524648 0.00020983975530195162 0.000636146776542094
22.28327382028939 0.00030577761497256617 0.0007133121840468284 0.0007760890552816521
22.30819918250448 -0.0003311142230851378 0.0002709050246605406 0.00042781556904301937
22.33312454471957 0.00024669910813479974 -0.0003118177153125207 0.0003976062594291315
22.35804990693466 0.0006912628513746805 0.0004065470819274075 0.0008019506590273143
22.382975269149746 -0.0002581155579388626 0.0006768135003723639 0.0007243618954199497
22.407900631364836 -0.00021013430367305288 -0.0005179952828979893 0.000558995115081274
22.432825993579925 0.0010133540913075513 -9.295809676577264e-05 0.0010176088256909272
22.457751355795015 0.0004884023569010471 0.0008455649770448808 0.0009764819469050145
22.4826767180101 2.2328962551523052e-05 0.0006558743364091932 0.0006562543163506255
22.50760208022519 -0.0003317167408265347 0.0006729248777979692 0.0007502425523149098
22.53252744244028 -0.0006953129858515337 -0.00011109635178740789 0.0007041324787809795
22.557452804655366 0.00025727853850323874 -0.000576490180008756 0.000631294839216107
22.582378166870456 0.0006349567346843845 0.00031479332661402625 0.000708706493127995
22.60730352908555 -0.00013589532237596829 0.0005996840050277781 0.0006148889692699199
22.632228891300635 -0.0003060156893681223 -0.00016485230276917475 0.00034759442439105204
22.657154253515724 0.00043299142625462126 3.4664000474982106e-05 0.00043437675828586947
22.682079615730814 -0.0002850405468467616 0.0003523676868286917 0.0004532230136121773
22.7070049779459 0.0001527325417269806 -0.0004555196056277774 0.0004804428586353113
22.73193034016099 0.0004528936935509626 0.00032588700160854144 0.0005579561232531092
22.75685570237608 0.0001761033315464957 0.0003029380165975418 0.0003504052301005616
22.781781064591165 -0.00032319858670355284 0.000612076093695691 0.0006921665052001218
22.806706426806254 -0.000259807915128341 -0.000535050429401366 0.0005947933378627584
22.831631789021344 0.000378829645293252 0.0005048965548011313 0.0006312150435493937
22.856557151236434 -0.000789998561871925 -0.0003498744590604417 0.0008640080236100511
22.881482513451523 0.0008594540451993862 -0.0003794279033501153 0.0009394821923007658
22.906407875666613 -0.00016926817290555097 0.00045243557111578146 0.0004830627913321899
22.931333237881702 0.0003021274343463662 -0.00036613651512470735 0.00047469667609156786
22.95625860009679 0.00029527239875029224 0.0004044420221648871 0.0005007585633382364
22.981183962311878 3.547009816067316e-05 0.0002866864438531501 0.00028887236792862894
23.006109324526967 -0.0003381359535290442 9.031437310109047e-05 0.00034998944135164836
23.031034686742053 0.0004541167859953808 -0.00010718640840378625 0.00046659509370467855
23.055960048957143 -0.00042791254734537905 0.0008356624454468732 0.0009388508246286305
23.080885411172233 -0.00048255263871976113 -0.000631750269188819 0.0007949625473917307
23.105810773387322 3.7700286422655675e-05 0.00031940985611918416 0.00032162706319964463
23.13073613560241 -0.0008811073633691386 -0.0006985094352200694 0.0011243956674030612
23.1556614978175 0.0004903837391721318 -0.0007426754688729363 0.0008899680127454453
23.18058686003259 3.485331306371674e-05 -0.0005008863903876857 0.0005020975298755438
23.205512222247677 0.0008865582891076502 -0.0004866476575604611 0.0010113414569741359
23.230437584462766 0.00017826977308588282 6.486608323196922e-05 0.00018970429818522538
23.255362946677856 0.0008613758273234345 -0.0005047759492753594 0.0009983822288402232
23.280288308892942 0.0004686290039451104 0.0007790914277642741 0.0009091735786715105
23.30521367110803 -0.00013534327714748523 -0.0003094274230618796 0.0003377323390078842
23.33013903332312 0.000569619703705458 3.429828587448037e-05 0.0005706513640248495
23.35506439553821 0.0002619764759658206 -0.0002091354968860309 0.000335215348719651
23.3799897577533 0.0008078676908761463 0.0003413742401987762 0.0008770328259722371
23.40491511996839 -0.00014973363513105768 0.00019175447478984858 0.0002432898273489695
23.429840482183476 0.0007617864608115334 -0.00011204268351893876 0.0007699819314801401
23.454765844398565 0.0001726879481994526 0.0006919056543492776 0.0007131301157389434
23.479691206613655 0.00010736450754006836 5.367611304370308e-06 0.00010749859873708215
23.50461656882874 0.00019250103287358437 0.0004229079455541449 0.00046465877595309053
23.52954193104383 -0.00020048315580393437 3.767511152463557e-05 0.00020399242581404427
23.55446729325892 0.0002509253707564716 -0.00029623967351962365 0.00038822865151388035
23.57939265547401 0.0006631743957214162 0.00025199945222155966 0.0007094392173121188
23.6043180176891 -0.0001628117326623004 0.00042281298306587805 0.00045307668108341976
23.62924337990419 0.0004219247224715469 -0.00038348320342581417 0.0005701577314589501
23.65416874211928 0.0006648338491032 0.0008298073343482434 0.0010632893581013186
23.679094104334364 -0.00033898159833413286 0.0005359308185489894 0.0006341374979290794
23.704019466549454 -0.00021665996126451378 0.00036903418775860566 0.0004279343063482927
23.728944828764543 -0.0006123576607589027 -0.00021547294089464006 0.0006491613766606115
23.75387019097963 0.00036000261120185795 -0.00040818659406991517 0.0005442592908261225
23.77879555319472 4.307509143495868e-06 0.00015775184719196223 0.0001578106457990002
23.80372091540981 0.00017836752046046855 -0.000379207826373564 0.0004190627016786136
23.828646277624895 0.0003579881485186977 6.100076777019958e-05 0.0003631481903416276
23.853571639839984 0.00031370368490144104 -0.00023962305604360233 0.0003947520879088773
23.878497002055074 0.0008719991472320888 0.00018216449801797553 0.0008908234489008644
23.903422364270167 0.00044154262993288646 0.0008991626924597313 0.0010017252325660382
23.928347726485253 -0.00050627693403629 0.0006621771772416019 0.0008335436089352744
23.953273088700342 -0.00011758484745354003 -0.0002762355411594192 0.00030022036997896974
23.978198450915432 0.00017325774248834507 0.0004281282495988645 0.00046185716778755884
24.003123813130518 -0.00027543676742648564 -0.0001674417072906383 0.0003223385459276562
24.028049175345608 0.0004695391696546048 0.00017363210498026413 0.0005006147617877575
24.052974537560697 -0.00012407422033959266 0.00016144097575654124 0.0002036113965526044
24.077899899775783 0.0005025479148736122 0.00033354110730315483 0.0006031617337040124
24.102825261990873 -0.00033945895841721685 0.000700447468652413 0.0007783694757576731
24.127750624205962 -0.0003369150156737931 0.0003972251654401771 0.0005208642432010939
24.152675986421052 -0.0010233693097581424 -9.025751934439847e-05 0.0010273417950969683
24.17760134863614 0.00019367865313809282 -0.0006833090156871417 0.0007102271690105329
24.20252671085123 -0.00018089913339156748 0.00015086427650950175 0.00023555153658712466
24.227452073066317 0.00024370773300197202 -0.00040199430129381946 0.0004700987953586635
24.252377435281407 -0.0001096356975383512 0.0005048777457298233 0.0005166444854132762
24.277302797496496 -0.00027662675016346393 -0.00013870627231384446 0.00030945401740032697
24.302228159711586 -0.0008455902937130305 0.00017200382658412623 0.0008629068670379621
24.32715352192667 -0.00045108234779371836 -0.0015813062782970835 0.0016443858520045916
24.35207888414176 0.0008794113627549221 -0.00045943118158488195 0.000992190181142179
24.37700424635685 0.00018705314992775867 -0.0003511747386636113 0.0003978851316314198
24.40192960857194 0.00040030357271375415 -0.0003442827625546639 0.0005279901238845921
24.42685497078703 0.0008561613290011186 -0.0005481356619025286 0.0010165947693777913
24.45178033300212 0.000800839125025134 0.001003064620753562 0.0012835427291596137
24.476705695217206 -0.0008416131696980645 1.06086088112879e-05 0.0008416800282709184
24.501631057432295 0.0003445511479360767 -0.0007239743060652287 0.000801781946283837
24.526556419647385 0.0007515370999680568 -0.0003859886615097071 0.0008448640479050178
24.55148178186247 0.0008893942394078265 0.0007013874121190514 0.0011326810738115502
24.57640714407756 -0.00043863368228941454 0.00019366983603619401 0.00047948671788596746
24.60133250629265 0.0006408161444829976 -8.712348818322454e-05 0.0006467115533398693
24.62625786850774 -0.00012389985552054643 0.00028225486245745654 0.00030825149079751423
24.65118323072283 0.0007687889146307283 1.643483492665629e-05 0.0007689645629404256
24.67610859293792 -0.0005017999421959568 0.0011138938591670631 0.0012217048381167846
24.701033955153008 -0.000554340191911515 -0.0008695215919945192 0.0010311938941407568
24.725959317368094 0.0005585487036906292 -4.1646581850823e-05 0.0005600991806585147
24.750884679583184 0.00013090439999444034 -0.00026036160863262555 0.0002914174483240029
24.775810041798273 0.0007080726873789242 0.0004808223956916634 0.0008558954999359923
24.80073540401336 -0.0005290994700900026 0.00036129295632383743 0.0006406862332989058
24.82566076622845 0.0001672673515287696 -1.844525266446848e-05 0.0001682812949596748
24.85058612844354 -0.0007928493881175029 0.0002033597893491707 0.0008185141148217529
24.875511490658624 5.319538976455736e-05 -0.0011368962608930278 0.0011381400869509652
24.900436852873717 0.0005139041048638681 8.352659208266962e-05 0.0005206477893748116
24.925362215088807 6.530698270340903e-05 -0.0004075294717147574 0.0004127290543515596
24.950287577303897 0.0004924311115655067 8.489631701184174e-05 0.0004996956916762598
24.975212939518983 -8.357864030305612e-05 -0.00017708772083786738 0.00019581994277003065
25.000138301734072 0.0004207212460922742 -0.0002863879710758023 0.0005089444339909324
25.02506366394916 0.00046100833306635477 -8.258627669596757e-05 0.00046834728167794674
25.049989026164248 0.0003196455000407069 0.0002788080458289017 0.000424154655892405
25.074914388379337 7.696553432046916e-05 -0.00018668810602191812 0.00020193103377957102
25.099839750594427 0.000522343260558646 0.0001954843499123483 0.000557724495527757
25.124765112809513 -3.5095926186558703e-06 7.826312533116559e-05 7.834177702190995e-05
25.149690475024606 0.0003445497422034016 0.0003615869148625245 0.0004994593295276694
25.174615837239692 -0.0008027069379549785 3.898368280695992e-05 0.0008036530070660169
25.19954119945478 0.0003089844193059316 -0.001014192626675298 0.0010602160418407014
25.22446656166987 0.0005636076517724961 -0.00010899343836095533 0.0005740497842019024
25.24939192388496 0.0007671825296851428 -0.00033855655049183755 0.0008385639938221931
25.27431728610005 0.0007974479816394069 0.0007363699433616776 0.0010854326220025102
25.29924264831514 -0.00017232045409628114 0.0004509772129649966 0.000482778194944246
25.324168010530222 -1.4551232193752215e-05 0.00016010711738415856 0.00016076699722088864
25.349093372745312 -8.58206668016055e-05 -6.846968661679983e-05 0.00010978745299748497
25.3740187349604 0.00013339660605754473 0.00014601571668759172 0.00019777574175682626
25.39894409717549 -0.00048268970892280583 -0.0003310648719556535 0.0005853147055584682
25.42386945939058 0.0008626213377069635 -0.0007573024659850618 0.0011478774312854167
25.44879482160567 0.0005388211672245784 0.0008414803401935598 0.0009992083932701555
25.473720183820756 -0.0006257526262367316 -3.959470125864344e-05 0.0006270040586869657
25.498645546035846 0.00017454769166410177 -0.0008038197195660191 0.0008225527571095121
25.523570908250935 0.0009966344147622685 -0.000280350655117597 0.001035314757218014
25.548496270466025 0.00041163907791387494 0.0005741958532969303 0.0007065037922114609
25.573421632681114 -1.3323153721981881e-05 -0.00018123458685491 0.00018172364154828472
25.598346994896204 0.0005916978606593825 -0.00024536481673555097 0.0006405546437272628
25.623272357111293 0.0009843622050148748 0.00018613607557654494 0.0010018061635330379
25.64819771932638 0.00026179899829734956 0.001040850361065902 0.0010732698587217076
25.67312308154147 -0.00021584265691128153 2.6499836201854654e-06 0.00021585892373424925
25.69804844375656 0.0003341242083471219 0.0003960507085574665 0.0005181651767076423
25.722973805971648 -0.0001345580743256343 -1.9866622559337974e-05 0.00013601675653439956
25.747899168186738 0.00047910138536712044 0.00033920420912019367 0.0005870243887144299
25.772824530401827 -0.00021822689526675357 0.0001582085551723976 0.00026954206489433925
25.79774989261691 0.0004898213005570232 0.00031468171675196006 0.0005821936871328428
25.822675254832 -0.0005812621613328953 0.00044103689517791406 0.0007296432300142057
25.84760061704709 0.00019027874860187244 -0.00038405313191154037 0.0004286056582694139
25.87252597926218 3.268918857655728e-05 0.0004946349993202377 0.0004957139957700662
25.897451341477268 -0.0002757343576426013 -0.00020481451259099886 0.00034347986920992387
25.922376703692358 0.000303116149938765 -4.879445723081988e-05 0.000307018402396583
25.947302065907447 -8.731750734533692e-06 0.0003145240090829318 0.0003146451902707082
25.972227428122533 -0.00021973427515657097 -6.053167994941785e-05 0.00022791936283712798
25.997152790337623 -1.0714270593262284e-05 7.306270243402243e-05 7.384412015393069e-05
26.022078152552712 -0.0005466144410401355 -0.00030720492782839874 0.0006270264865503462
26.047003514767802 0.00042961804041317573 -0.0008867504487332948 0.0009853415747735183
26.07192887698289 0.0007261067327968271 9.917976932077209e-05 0.0007328489708360137
26.09685423919798 0.0002195867610870433 0.0001928832700188363 0.000292270938510584
26.121779601413063 0.00012075445550887455 6.253146009366422e-05 0.00013598463893650005
26.146704963628153 0.00022518993985514067 -4.346642953721722e-05 0.00022934654893561347
26.171630325843243 0.00020466193812621682 0.00014527859793276674 0.00025098282796814984
26.196555688058332 0.00010916009714387413 -0.0001600697260891828 0.00019374788777874727
26.221481050273425 0.0008382688771343603 0.00019137112638339197 0.0008598358089689854
26.246406412488515 -0.0003073155504908789 0.001154301195721601 0.0011945099823851744
26.271331774703604 -0.0007895121123703166 -0.0006185110625912956 0.0010029383381480904
26.296257136918687 0.000639801796313091 -4.620184709451019e-05 0.0006414678084209702
26.321182499133776 -0.0005086196322620989 6.528200505682314e-05 0.0005127920343635144
26.346107861348866 0.000466801008991076 -0.00047355421366585167 0.0006649487012362455
26.371033223563956 -8.486582138288332e-05 0.0002939027139207925 0.00030591013858484434
26.395958585779045 0.00019369509980942168 -0.0006367773074261406 0.0006655848037200574
26.420883947994135 0.0007297664585087633 0.00024197757758010152 0.0007688382352718656
26.44580931020922 7.8686183404274e-05 0.0005077217186823591 0.0005137828909962842
26.47073467242431 -0.00036246833986316616 0.00022471376678673608 0.0004264734158029587
26.4956600346394 -0.0001891421619951956 -0.00024745312715761936 0.0003114607641169297
26.52058539685449 -7.628113087069606e-05 -0.00030182871860716403 0.0003113187856570092
26.54551075906958 0.0004437243104717079 -0.0002944710683028826 0.0005325452786111559
26.57043612128467 -0.00010109672627569438 0.00026130409144652555 0.0002801791860048795
26.595361483499758 0.00013861547947710708 -0.0007380436610911752 0.0007509478655855769
26.62028684571484 0.0006654232986424662 0.00034914932546298077 0.0007514608558318093
26.64521220792993 -0.00025288632812607684 -0.0001169538279350046 0.0002786210559554688
26.67013757014502 0.0005325772663438384 -9.518534571185196e-06 0.0005326623199801715
26.69506293236011 -0.0002180624106587426 0.00015471590607691 0.00026737282310568017
26.7199882945752 0.00011934912399236371 -0.0002466262999023996 0.00027398676099639
26.74491365679029 1.8127954398357922e-05 -0.00032964131627244057 0.00033013939499020126
26.769839019005374 0.0007584397733527264 -0.00010487917664296017 0.0007656569280667683
26.794764381220464 -0.00020283506155289224 0.00041295001524100115 0.00046007583862088286
26.819689743435553 9.084904950335566e-05 -0.00045260046284556656 0.000461628344844296
26.844615105650643 -0.00010395483958971194 -0.00019704123694614298 0.00022278208575060248
26.869540467865733 0.000931152030736673 -0.0010816266471316608 0.001427221184025205
26.894465830080822 0.001226765145847345 0.0010148927611539447 0.0015921557837437063
26.919391192295908 -0.0002626767700183994 0.0002939677960034654 0.00039422855121672016
26.944316554510998 0.0005490448973896931 0.0005410440223572359 0.000770830028915685
26.969241916726087 -0.0008952429146320709 0.0005400115232829165 0.0010455009906629746
26.994167278941177 -0.00026885588750136735 -0.0009214831781606348 0.000959903503419574
27.019092641156266 0.0006836807142119471 -0.0003309707064993304 0.0007595794412344399
27.044018003371356 0.00035803852008313853 8.321103824532962e-05 0.0003675808193434332
27.068943365586446 0.0006185136073900603 3.2694136552303647e-05 0.0006193770976485702
27.093868727801528 0.0001952070041991254 0.0008870237104072937 0.0009082493255230745
27.118794090016618 -0.0005511714279026472 0.00011284275424457827 0.0005626041504661562
27.143719452231707 -0.0002457437061588355 8.065799920817877e-05 0.000258641995725649
27.168644814446797 -0.0006201528910391043 -0.0006534399852450533 0.0009008736995723733
27.193570176661886 0.0004941797612489711 -0.0007896139854253154 0.0009315062438906894
27.218495538876976 0.0004937138809574781 -0.0004364173231526994 0.0006589487659885725
27.243420901092062 0.0010341192307137866 5.2445536606096556e-05 0.001035448268935718
27.26834626330715 -3.097880502949962e-05 0.000615394529894666 0.0006161737691474157
27.29327162552224 -1.1978324882669344e-05 -0.0004895654901834926 0.0004897120066381854
