0.0 0.3942840594924443 0.0 0.3942840594924443
0.10837525238252224 -0.06968859813438753 0.26625485488974576 0.2752238152164448
0.21675050476504448 -0.04377867473705088 -0.06183494044528986 0.07576366029703846
0.3251257571475667 0.006524254474733063 0.030125374931039738 0.030823758875043
0.43350100953008897 0.03578739000882054 -0.015597535384488976 0.039038703791414664
0.5418762619126112 -0.0077633614347195744 0.06570034483892997 0.06615742658780195
0.6502515142951334 -0.015103699945337367 -0.02471073229777069 0.02896104353663506
0.7586267666776556 0.01229716568403082 0.01500353061253123 0.019399129225345837
0.8670020190601779 0.008072825162291747 -0.0028115011545080237 0.008548394284468325
0.9753772714427001 0.004206245514559945 0.016198284065198788 0.016735498438517706
1.0837525238252224 0.006135138305755892 0.0057768879759747295 0.008426882977573302
1.1921277762077447 -0.015098168680809623 0.005009006396679075 0.015907383273063878
1.3005030285902668 0.018652121286788274 -0.026732551362482877 0.0325964864800617
1.4088782809727889 0.048498154120866804 0.0167272381693315 0.051301768487108615
1.5172535333553112 -0.013924347219057468 0.08785903719501807 0.08895559489044207
1.6256287857378338 -0.1165389951650041 -0.07503096255726809 0.13860368947592636
1.7340040381203559 0.15805521612175416 -0.09714956422457084 0.18552490175800776
1.8423792905028777 0.04489778522481519 0.14702292513259838 0.1537255724745862
1.9507545428854003 -0.04116839545353512 0.01486671594517562 0.04377049265444919
2.059129795267922 -0.024176367481816338 0.02985148483991663 0.038413642000773615
2.1675050476504447 -0.00269277832992628 -0.03423857193025032 0.034344298842122915
2.275880300032967 0.018284411336012926 0.04134417507858885 0.04520686353678526
2.3842555524154894 -0.02895756629975727 -0.00165450952564179 0.02900479353098859
2.4926308047980115 0.0012579621818177614 0.0012283017002533618 0.0017581791483603148
2.6010060571805336 0.0023984797336371756 -0.006483686811771234 0.006913096245952641
2.709381309563056 0.001791768199126321 0.01333001376429279 0.013449895919137651
2.8177565619455778 0.003834490785420732 -0.0060057160183196664 0.007125443458212122
2.9261318143281003 -0.0018603594337090012 0.022990873119025704 0.023066017948439405
3.0345070667106224 -0.01518497844009741 -0.023074994532914055 0.02762315953905774
3.142882319093145 0.04440203458395103 -0.0036990863073740016 0.04455585163257218
3.2512575714756675 0.008307574477116308 0.06132896357795573 0.06188907470013633
3.359632823858189 -0.07035000682585542 0.0023224003335024506 0.07038833002499034
3.4680080762407117 0.026260045696309027 -0.06212710693587921 0.0674489986300346
3.576383328623234 0.03892462196946163 0.035573512006131056 0.052731403849279844
3.6847585810057555 -0.0011162650637911286 0.020469643023761783 0.020500056907552234
3.793133833388278 -0.017698668444658932 0.03302112830046564 0.03746515419626321
3.9015090857708006 -0.02348212532732459 -0.018121194038173725 0.029661218505943446
4.009884338153323 0.009831854617586714 0.004990833098180968 0.011026050074041012
4.118259590535844 -0.009695650961665943 0.0008239174628435058 0.009730595436869842
4.226634842918367 -0.0005643624910976456 0.0013817683112142222 0.0014925778663888005
4.335010095300889 8.611501095084289e-05 -0.0015757566331566647 0.0015781079690719171
4.443385347683411 -0.004502694294342247 0.006455736850490774 0.007870882681827163
4.551760600065934 0.003052335076943558 -0.009084802177227399 0.009583860392414725
4.660135852448456 0.0013570891381088032 0.0175681663370985 0.017620503947865223
4.768511104830979 -0.017015949664010346 -0.012713589257192607 0.021240948537406164
4.8768863572135 0.020900936296130726 -0.010599749605592321 0.023435098245071843
4.985261609596023 0.014607088270661069 0.02217551437518269 0.02655410449536603
5.0936368619785455 -0.020801772315916768 0.01900075456548331 0.028173434393786216
5.202012114361067 -0.0105560459544358 -0.015245442192091382 0.01854329026425894
5.31038736674359 0.0054159234853542095 -0.0027220907337748967 0.006061518387509391
5.418762619126112 0.010162341973267697 -0.0006216786924751553 0.010181339733960165
5.527137871508634 -0.0012080520180890418 0.018858604789059197 0.018897258115090017
5.6355131238911556 -0.011622656914433208 -0.0030889409129066397 0.01202612613080582
5.743888376273678 -0.0006392180447773572 0.0009300637221612362 0.0011285469578397704
5.852263628656201 -0.002626545275766192 -0.003662041649281978 0.00450658286584476
5.960638881038723 0.001309497530714541 -0.0007108819698612732 0.001490012401968965
6.069014133421245 0.0061659530304491155 0.0004628283374267669 0.00618329902589466
6.177389385803767 -0.0053919374390507405 0.008978149580580887 0.010472829571702282
6.28576463818629 0.0011278527622311375 -0.007408842812702683 0.007494198000894332
6.394139890568812 0.0002421912547880114 0.01180726179380765 0.011809745453285841
6.502515142951335 -0.010122408934637334 -0.0072492651104637115 0.012450502290342032
6.610890395333857 0.0056732031635066535 -0.005566686730351835 0.00794815923898717
6.719265647716378 0.008881168536414867 0.00011930849911223936 0.008881969887933973
6.827640900098901 0.001204929586308678 0.010487570853646273 0.010556561832254516
6.9360161524814234 -0.0018477189287593588 0.00115274363446931 0.002177816136983365
7.044391404863945 -0.004372419095382328 0.004463126673720092 0.0062480035572441694
7.152766657246468 0.002084268422485158 -0.0058027461083108465 0.0061657146588603535
7.261141909628989 0.0010267371141088662 0.008852473675829099 0.008911816833998316
7.369517162011511 -0.003307696743288248 -0.0029370153167004435 0.004423450770167188
7.477892414394034 -0.0004260577831170845 0.0043998543781791155 0.004420434795779322
7.586267666776556 -0.0027062681764612787 -0.004939375532191951 0.00563216815187043
7.6946429191590795 0.0033232150409938954 -0.00042717516942658573 0.0033505576900066487
7.803018171541601 0.0065571419341495666 0.00018924483531788217 0.00655987225121627
7.911393423924123 -0.0015807100260572724 0.010129861689239832 0.010252450537779095
8.019768676306645 -0.0013860860337133294 -0.002591039798859654 0.002938489702573386
8.128143928689168 -0.0020938983549082107 0.007790697385689154 0.008067178941617147
8.236519181071689 -0.005219993467666328 -0.006057331488223194 0.00799622389385761
8.344894433454213 0.002422096168980015 0.0001676699477910246 0.0024278927206900867
8.453269685836734 0.0019101234652185016 -0.003002319197508049 0.003558439576008522
8.561644938219256 0.002633247290324072 0.002851177547918686 0.003881134460664134
8.670020190601779 0.005099238659047534 0.0009266470524641425 0.005182751167262941
8.778395442984301 -0.004233023239005027 0.009891309569074526 0.010759019041400657
8.886770695366822 -0.0015396535575551958 -0.007144533797124196 0.007308549531578907
8.995145947749347 0.0027994101116957833 0.007154995637328768 0.007683141254959347
9.103521200131867 -0.002914145353180648 -0.0028389624477819253 0.004068408892845004
9.21189645251439 0.0012313063106089992 0.004524043090586961 0.004688611853846847
9.320271704896912 -0.0022870621926667643 -0.0030878577279142383 0.0038425927211929957
9.428646957279435 0.001307538199987686 0.00183716463415025 0.0022549567706276453
9.537022209661957 0.0026942888175480882 -0.0035554219432609177 0.0044609659746501
9.645397462044478 0.0035040315079753843 0.00658726481178041 0.007461252877996071
9.753772714427 0.0011278943360597906 0.0006612187626049179 0.0013074233764685925
9.862147966809523 -0.0015213282260729297 0.010054839531125242 0.010169279107592882
9.970523219192046 -0.006586716420923273 -0.0035738757535601832 0.007493825532499784
10.078898471574567 0.0013910374205964545 0.0013977727255735258 0.001971992316885865
10.187273723957091 -0.0007400401609509216 -0.0013109542475563986 0.0015054104021848757
10.295648976339612 -0.0007379925066034441 0.0021871345454331985 0.0023082873433847265
10.404024228722134 0.0038821347383975143 -0.0022992834916403526 0.004511947994159794
10.512399481104657 -0.002991451354669801 0.010916150049617669 0.011318617986005343
10.62077473348718 -0.006057795991787107 -0.008748047465981325 0.010640734314189703
10.729149985869702 0.005705478514587774 0.0032064590939693623 0.006544758590026185
10.837525238252224 -0.0021985504646648986 -0.0016501739872225693 0.0027489449492094733
10.945900490634745 0.002893534194427606 0.004670989225507988 0.005494604669958843
11.054275743017268 -0.004058611686092852 -0.0006394905371540415 0.004108683118177773
11.16265099539979 0.0007173276959663671 0.0010995671439640049 0.0013128621128989805
11.271026247782311 0.0002465098328852883 -0.0016318361582311155 0.0016503503703818832
11.379401500164835 -3.1924566352312895e-05 0.0040431491595528685 0.004043275195226001
11.487776752547356 0.0006236464512386748 -0.003229544985827613 0.0032892089796221326
11.596152004929879 0.0012476698211997448 0.008629947326220962 0.00871967148670642
11.704527257312401 -0.006985858969540578 -0.0027400696400125208 0.007504012738157425
11.812902509694924 0.0010338214635270872 0.0010666637674721863 0.0014854488921828468
11.921277762077446 -0.0020053046563802005 -0.0035855207627832736 0.004108187666751613
12.029653014459969 0.0026977316511230687 0.0036629415503497075 0.004549164413686267
12.13802826684249 -0.003946020748581175 -0.00206166358885703 0.004452138418990585
12.246403519225012 0.0023783211431728764 0.0022591819461196773 0.003280291835452485
12.354778771607535 -0.00493631407944587 -0.001424168194590159 0.005137650410198977
12.463154023990057 0.0022163590328557557 -0.0018042567083043405 0.002857899513975695
12.57152927637258 -0.00019948280249329058 -0.00026652823890663827 0.000332912436873799
12.679904528755102 0.0006826541764271202 0.0006570835934668324 0.0009475101969882305
12.788279781137623 -0.0005280030872296275 -0.0005452885548688035 0.0007590302156007531
12.896655033520146 -0.00045600930647755715 -0.0004765508414757359 0.0006595795570705436
13.00503028590267 0.003229197595165197 -0.0013619763284450426 0.0035046678341699275
13.113405538285189 -0.001649651513986201 0.004054540017848364 0.004377287387632982
13.221780790667713 0.0016253192008172093 -0.0042720569212025186 0.004570791270944172
13.330156043050236 0.0011399310830635604 0.0070303860767417115 0.007122202697352707
13.438531295432757 -0.0038505773516795 -0.0028744546486936945 0.004805146768691244
13.54690654781528 0.000643554044095461 0.002773187794049538 0.0028468811616814923
13.655281800197802 -0.0026476308466065477 -0.003986945299371347 0.004785988081899262
13.763657052580323 0.0036035500142063397 0.002320655389575657 0.0042861421047432685
13.872032304962847 -0.0031132117166919634 0.0012018166033561292 0.003337132053283266
13.98040755734537 -0.0033046434154712623 0.0002485448616547502 0.0033139768634787643
14.08878280972789 -0.0012079382731069396 -0.006013705764354986 0.006133821964474756
14.197158062110413 0.002295055987429409 0.00016598895522531724 0.0023010506988531067
14.305533314492935 0.0004827001566114828 -0.003474122357234409 0.0035074956299657335
14.413908566875456 0.0030413559690849155 0.0016468444222588292 0.0034586041522286794
14.522283819257979 -0.00011096450222538014 -0.0002866842634166821 0.0003074101293791276
14.630659071640503 -0.0011536032349916804 0.000719120479587166 0.0013593876150476529
14.739034324023022 0.002106372247940913 -0.003805179000239859 0.0043492747982579886
14.847409576405546 0.0004788815676063002 0.0028706809982699416 0.0029103499702993066
14.955784828788069 0.002518792361154211 -0.0036967716532027776 0.004473302540018102
15.06416008117059 -3.0288711234915738e-06 0.006278375768147552 0.006278376498755282
15.172535333553112 -0.0010640575092233588 -0.006155555174705697 0.00624684543524015
15.280910585935636 0.004156973974760191 0.006085026765877531 0.007369395047646686
15.389285838318159 -0.00524875846448997 -0.0017228620428925746 0.005524284481939276
15.49766109070068 0.0002504176525221173 -0.00044537917731991166 0.0005109516731402777
15.606036343083202 0.0010512168585089425 -0.005103880090380883 0.0052110122683217495
15.714411595465725 0.002727926392198363 0.004780336536992213 0.0055039258541658325
15.822786847848246 -0.0038633256343797453 -0.0042257875272558015 0.00572560609741592
15.931162100230768 0.00290315608533029 -0.0005492008792787402 0.002954646655962577
16.03953735261329 0.0016208558970134581 -0.0050925433119134444 0.005344265264991779
16.147912604995813 0.006285795509535332 0.004459746361979482 0.007707176058770408
16.256287857378336 -0.002984447335968788 -0.0004791140012024101 0.0030226604386400036
16.36466310976086 0.003862701099012668 -0.0003692762349777 0.003880312451083415
16.473038362143377 0.0017055245366913074 0.001975473609325886 0.00260984864051522
16.581413614525903 -0.0029439791400317954 0.0019085197289424227 0.0035084841075177764
16.689788866908426 0.004285999128649982 -0.005384492175313455 0.006882045082444623
16.798164119290945 0.0005736212412714494 0.008877618569448688 0.008896131338568354
16.906539371673468 -0.0032926279467915577 -0.007128156119351302 0.007851879294655402
17.01491462405599 0.005075709040333348 0.004136904575983322 0.006548038006373621
17.123289876438513 -0.001106830921788611 -0.0030031033654218907 0.0032005787777893723
17.231665128821035 0.001240430582478545 0.006387372084567941 0.006506703480001671
17.340040381203558 -0.004176576614445004 -0.009061760935833345 0.009977940843406726
17.44841563358608 0.009962063639921678 0.004592760251885612 0.010969783894733293
17.556790885968603 -0.005215302447144905 -0.0007962154243735566 0.005275731097886434
17.665166138351125 0.0047262974687143225 0.0020676845171035026 0.005158798990564079
17.773541390733644 -0.0033048578455798566 -0.004571465473877327 0.005640955766387748
17.881916643116167 0.0101197606316252 0.0035631557573257773 0.010728729383871843
17.990291895498693 -0.006150381622136345 0.0018669142058755236 0.006427484947474582
18.098667147881216 0.006891728513839649 -0.0008997025668014861 0.006950207667198128
18.207042400263735 -0.0019805499896395564 0.004642122502562721 0.005046967365682131
18.315417652646257 -0.00012319266791202156 0.001138556018399626 0.001145201397336421
18.42379290502878 -0.0017275697852302521 -0.002814928075649371 0.003302774202684702
18.532168157411302 0.0058245201114033715 0.0028494714320965514 0.006484174733185149
18.640543409793825 -0.004197652803321471 0.0021200258392620472 0.004702637410684705
18.748918662176347 0.0007630477725877934 -2.4410527313325022e-05 0.0007634381291859266
18.85729391455887 -0.0009304811068548901 -0.0035794781764460896 0.003698440090885308
18.965669166941392 0.006688383308161388 0.004027682517293109 0.007807477040440171
19.074044419323915 -0.005937838200535993 0.0012408658360276142 0.006066108350397727
19.182419671706434 0.004442944436421455 -0.0011730668542506862 0.004595197613777885
19.290794924088956 -0.0014988949974178933 0.0017678559901717873 0.0023177577559509227
19.399170176471483 0.002413673760340889 0.00283768222650226 0.00372535386775068
19.507545428854 -0.006415718269681588 -0.000530854503065817 0.006437643001856453
19.615920681236524 0.004643964555041596 -0.0032663977809759054 0.005677654555540254
19.724295933619047 -0.0006280746319059385 0.001115920570509487 0.0012805297587053567
19.83267118600157 0.0049542974182526 0.0007518029535795834 0.005011014926091855
19.94104643838409 -0.0030854872920510765 0.004039525192484721 0.005083108852870201
20.049421690766614 0.0009327295837949846 -0.0010900365780084434 0.0014346303418939397
20.157796943149133 -0.0017847073636281252 0.0010506543736970963 0.0020710033768097267
20.26617219553166 0.0028428310869059686 -0.0006873758588921277 0.0029247519826588134
20.374547447914182 -0.0020499300292984423 0.0037260220676454134 0.004252699563054051
20.4829227002967 -0.0015387488693217163 -0.002491051973440214 0.002927983609451946
20.591297952679223 0.001912275131322361 -0.0011896469295087546 0.002252122553229189
20.699673205061746 0.002455166378437862 0.0022395213960774204 0.0033231458031961593
20.80804845744427 -0.0015538421557992124 0.001881071777869149 0.0024398476343072215
20.91642370982679 -0.0004447318789930041 0.0007853575493860467 0.0009025369380642017
21.024798962209314 -0.001140697825168196 -0.0009416947728236968 0.0014791824003505876
21.133174214591836 0.0018877182321073646 0.001753224642805892 0.0025762912824392357
21.24154946697436 -0.0035195347957264144 0.0009890257463047467 0.003655857916438033
21.34992471935688 -0.0003426159518545937 -0.0015716160063827345 0.0016085280731102099
21.458299971739404 -0.0004530940816864248 -0.002213302044767298 0.0022592034410894397
21.566675224121923 0.004108268536598148 0.0005466498183667692 0.004144477819065112
21.67505047650445 -0.0020965196172587695 0.0032094567299267955 0.003833537140399615
21.78342572888697 -0.0012982880756905282 -0.0015371388818474193 0.002012050662773517
21.89180098126949 0.0006471252756884989 -0.001079592127678585 0.001258685935641012
22.000176233652013 0.0019719558293653516 0.0013585613983743926 0.002394639610906196
22.108551486034536 -0.0021107966192476985 0.0025951840286406154 0.003345211878243118
22.216926738417058 -0.0029554898038365056 -0.0015737705619847532 0.0033483837537461787
22.32530199079958 0.0012774456624975558 -0.002423297642254634 0.002739386588926559
22.433677243182103 0.000422623090511963 0.0021567881208087313 0.002197804648892968
22.542052495564622 -0.0028802560546787653 -0.0005656568117598008 0.002935275552516995
22.65042774794715 -0.0016024093604622056 -0.0030137897869097043 0.0034133040647118056
22.75880300032967 0.003378165127587561 -0.003439126137477499 0.00482074560817407
22.86717825271219 0.0009550829948595999 0.0029372611093881856 0.0030886382682007774
22.975553505094712 -0.0004277327527287042 -0.002139233411394366 0.0021815762412033305
23.08392875747724 0.0001913056179841955 0.0013907583816965842 0.0014038542359275114
23.192304009859757 0.0007962768733661037 -0.0032507776055979904 0.0033468809211137317
23.30067926224228 0.0009840218124911862 0.0039939821071223675 0.004113416098508886
23.409054514624803 -0.002735309819804092 -0.0038235014544377647 0.004701178914102759
23.517429767007325 0.0021179528970349587 0.0010099871126712657 0.0023464437862051614
23.625805019389848 -0.00025257105847355807 -0.004289363360520977 0.004296793010858012
23.73418027177237 0.004965931361619989 0.004775152484997448 0.006889307334072001
23.842555524154893 -0.0062565276501800465 -0.0006136538678878579 0.006286549873105373
23.95093077653741 0.002256201131215761 -0.001849119585735633 0.002917136744626552
24.059306028919938 -0.001596764266751027 -0.0023376547155958822 0.0028309513759371793
24.16768128130246 0.004145572884559717 0.00021464604449744688 0.0041511260479073836
24.27605653368498 -0.0029467857196705267 0.0002692180760115423 0.0029590580342577773
24.384431786067502 0.0012376801203465944 -0.0025920203138488002 0.0028723546765164628
24.492807038450024 0.0016364603581276403 -0.0025781484088130456 0.0030536620182313044
24.601182290832547 0.004340955732142395 0.002351919544081909 0.004937147173242294
24.70955754321507 -0.0021513620199209178 0.0012392491975771673 0.0024827599792275256
24.817932795597592 9.07519094225377e-05 0.00014093916959964718 0.00016762982607899644
24.926308047980115 -0.0009673127461708288 -0.0022643299229053782 0.002462292417376382
25.034683300362637 0.0017418511575008958 0.0009184031580353866 0.0019691393591050334
25.14305855274516 -0.001449040984340722 -0.0020716316978845327 0.0025281174153862157
25.251433805127682 0.0008963661636227371 0.0007539631834073616 0.0011712953432937
25.359809057510205 -0.0009977690207091396 -0.005496743392852147 0.005586567008955554
25.468184309892724 0.006402761693601119 0.00253123932352442 0.006884949514557258
25.576559562275246 -0.004262026881273032 -0.0004967892789420963 0.004290882511135179
25.68493481465777 0.003738642742828801 -0.0008448598474295239 0.0038329150421454812
25.79331006704029 -0.002323419912798026 -0.001558657978240953 0.002797801777167311
25.901685319422814 0.0050273182380668234 -0.00022868747004947028 0.0050325169275181715
26.01006057180534 -0.003054404060877953 0.00045885967634315335 0.003088678741740791
26.118435824187856 0.003124938246238667 -0.0016263449808035719 0.0035228166343694595
26.226811076570378 -0.002194192894884298 -0.0010182130348081566 0.0024189336998384167
26.335186328952904 0.0050206705152053815 -0.0024586557158970965 0.005590359590542109
26.443561581335427 -0.00032905550894994894 0.0018665014013171156 0.0018952849413977483
26.55193683371795 0.0018979577440693589 -0.001051510649659001 0.0021697737772908825
26.660312086100472 -0.001242607337803155 -0.00033235790947459717 0.001286287205857451
26.76868733848299 0.003029788655252407 -0.0030791756143230555 0.0043198312188484815
26.877062590865513 0.002967137305630486 0.0006679486952745594 0.0030413910057707355
26.985437843248036 0.0012135481661621002 0.002353272234432317 0.0026477517559139615
27.09381309563056 -0.0017335407919516922 -0.0021213980740105373 0.0027396155689760776
27.20218834801308 0.004348230018815923 -0.0005548861740808658 0.004383492096801136
27.310563600395604 -0.0003185815726813235 0.0004517658555259259 0.0005527988844699103
27.418938852778123 0.00284443679966892 0.00017300997992785846 0.0028496935204448577
27.527314105160645 -0.0009980372548690887 -0.0002855648296107819 0.0010380874886141637
27.635689357543168 0.0035237411751071228 -0.000883317819364455 0.003632767848232543
27.744064609925694 0.0006153581991507898 0.0004705857964830675 0.0007746719984055873
27.852439862308216 0.0035020058416188387 0.0010800012046558707 0.0036647574976784755
27.96081511469074 -0.001313305338250341 0.002099220193165325 0.0024761858433627122
28.06919036707326 0.00029580627778760896 -0.0007029043045096926 0.000762611182239557
28.17756561945578 0.0005078745971568401 -0.001584531041559733 0.0016639336609683677
28.285940871838303 0.003323286341962772 0.0012243805611390256 0.0035416577854405153
28.394316124220826 -0.0014325472354748193 0.0005100167115726213 0.0015206277085302298
28.502691376603348 0.001581709407696304 -0.0010242799863536664 0.0018843975538191669
28.61106662898587 0.0020266176573925532 -0.0016083860307380528 0.0025872929391795954
28.719441881368393 0.004228968059528382 0.004347777581941539 0.006065256857755051
28.827817133750912 -0.004725376015242319 0.001010515042783713 0.004832216793265751
28.936192386133435 0.0022858777294355653 -0.0021219924197660033 0.003118988429519076
29.044567638515957 -2.750292326262907e-05 -0.00029755250372260304 0.00029882085479360335
29.152942890898483 0.0036993551240615476 0.0005837615172968499 0.0037451309513816936
29.261318143281006 -0.0015999930362134583 0.0017629762363450484 0.0023807693978730726
29.36969339566353 0.0014223076741580723 -0.000746070075833404 0.0016061069945750833
29.478068648046044 -0.00033368483556958244 0.00030929620655309134 0.00045498320065386126
29.58644390042857 0.0015540356589481277 1.5160331858874733e-05 0.0015541096051901915
29.694819152811093 -0.00012498690428499373 -0.00021360197446360795 0.00024748238268106683
29.803194405193615 0.0014726158140809054 0.0011320123181942144 0.0018574308128230799
29.911569657576138 -0.0014596540060435425 -0.0016539079672096496 0.0022059014894955115
30.01994490995866 0.00402023969806725 0.0004077249840110819 0.004040862147178828
30.12832016234118 -0.0015814555895551654 0.0011885247880307017 0.0019782803020549694
