0.0 0.7108851286855673 0.0 0.7108851286855673
0.02720935954953917 0.06711777567304038 0.45450536916731354 0.4594343548464922
0.05441871909907834 -0.006340423579451322 0.05691859110966322 0.0572706468016199
0.08162807864861751 0.006554270692645672 0.14224259381419171 0.1423935179679946
0.10883743819815668 0.0035337437712937014 0.04470114487939979 0.04484060323602089
0.13604679774769587 -0.035324284391025286 0.08296604711102251 0.09017300062084238
0.16325615729723503 0.014150469718050555 -0.01920587328455044 0.02385584544432819
0.1904655168467742 0.01763002245498334 0.07243700725584544 0.07455157752822285
0.21767487639631336 0.004598691211480201 0.00775947211181255 0.009019831944805953
0.24488423594585254 0.019537518998775375 0.05708905899117397 0.06033966610054492
0.27209359549539175 0.00429499844696029 0.0354427087634721 0.03570199736921862
0.29930295504493093 -0.02277901690985712 0.05378261270006826 0.05840764539189284
0.32651231459447005 -0.005388595070015409 -0.005087435056492461 0.007410732236602725
0.35372167414400923 0.0054153019351637355 0.04404094367450321 0.044372629117393446
0.3809310336935484 -0.016481648487862093 0.011826575553523226 0.020285773985742817
0.4081403932430876 -0.006609277891735925 0.013290520858287497 0.0148431970590828
0.4353497527926267 0.018766807722581512 0.000782511333692695 0.01878311465342483
0.4625591123421659 0.003882831485535457 0.045250414820828214 0.045416697610043105
0.4897684718917051 -0.008202364615066425 0.008771716150080293 0.012009237673394312
0.5169778314412443 0.003658789843181423 0.028542781460296478 0.028776329102350978
0.5441871909907835 -0.004968065905894386 0.0226981527959645 0.023235486205247808
0.5713965505403227 -0.024741341217111728 0.024528189940354956 0.03483914561196474
0.5986059100898619 -0.0007897229874367002 -0.01137423672779015 0.011401619338352617
0.625815269639401 0.004063708465163565 0.030220307656834956 0.030492305937131085
0.6530246291889401 -0.01063578223773329 0.00745024140397864 0.01298560590754396
0.6802339887384793 -0.005464583229986026 0.021113477797139412 0.021809186471937542
0.7074433482880185 -0.00782656121423394 0.007528274759188551 0.010859557140601384
0.7346527078375577 -0.01734650973981116 0.02013062658000439 0.02657336122241488
0.7618620673870968 -0.006145769846529571 -0.014513727114868012 0.015761305839662114
0.789071426936636 0.0064119329690076965 0.028972601257649822 0.02967363321256465
0.8162807864861752 -0.029383582314159898 0.0010398692719629779 0.029401976765445263
0.8434901460357144 0.002192900738826967 0.00012757985297551632 0.002196608811152571
0.8706995055852534 -0.016471100833539656 0.0022951438276313345 0.016630238959742732
0.8979088651347927 0.0036121682669458693 -0.013708405056047387 0.014176322822558617
0.9251182246843318 0.009396314467206037 0.00807458928690487 0.012389096727317304
0.9523275842338711 -0.0015553479978676836 -0.003930613236113336 0.004227153629379983
0.9795369437834102 0.03031259063597462 0.005818480726381935 0.030865966193000572
1.0067463033329496 0.0030343865156465272 0.033358283503468526 0.03349600841628921
1.0339556628824886 0.006548681745932347 0.015221644735359325 0.01657056731252735
1.061165022432028 0.00027653796715600295 0.034373564758667735 0.034374677125256076
1.088374381981567 0.007584884685364269 0.03237990132903994 0.03325640518409402
1.115583741531106 -0.024616179662069457 0.0754474362733119 0.07936165283920656
1.1427931010806454 -0.07087105846104526 0.0379140328933951 0.08037525003152612
1.1700024606301844 -0.08296321871960817 0.013597478659496329 0.0840701319507291
1.1972118201797237 -0.07479786261820459 -0.04394325350434067 0.0867509641491007
1.2244211797292628 -0.034275716119298284 -0.042012367114681023 0.05422051001299652
1.251630539278802 -0.027981047971665243 -0.049515476743485144 0.056874611934739826
1.2788398988283411 -0.012153573684178097 -0.03843231424012601 0.04030821418952394
1.3060492583778802 -0.01255911708102517 -0.06086299109275998 0.062145274209808414
1.3332586179274195 0.038974923241308745 -0.04208298794459599 0.057358717872795235
1.3604679774769586 0.009764116581040276 -0.006105560971627257 0.011515895422693089
1.3876773370264979 0.013457495092608187 -0.028315163145493864 0.031350480668141396
1.414886696576037 0.010466925786088125 -0.0010239106553943669 0.010516887773562416
1.4420960561255762 -0.004820439100453466 -0.038646043158768205 0.0389455168787186
1.4693054156751153 0.052336971431563274 -0.019606902719311797 0.05588907954934333
1.4965147752246544 0.01304255547415533 0.025981027012211434 0.02907098240351845
1.5237241347741937 -0.013926448744974554 0.0054561026498084544 0.014957106363586848
1.5509334943237327 -0.03105376000558502 -0.03077455021560293 0.04371966321298848
1.578142853873272 0.027618058155776323 -0.061270908840086714 0.06720774811274412
1.605352213422811 0.0407059643568712 -0.01578981025466556 0.04366112277646111
1.6325615729723504 0.04582858510227726 -0.015005048096479576 0.04822251217900551
1.6597709325218897 0.033767395458993765 0.02167145996806591 0.04012342424608792
1.6869802920714287 0.014261521218204745 -0.0017514109116746402 0.014368661302948064
1.7141896516209678 0.03222516095069067 0.006770553561724857 0.03292873204103225
1.7413990111705069 0.02242551843171124 0.021012449800783366 0.030731529795333352
1.7686083707200462 -0.002133980278388701 0.01998189456793194 0.020095521450126642
1.7958177302695855 0.005240214843581658 -0.006372876808915675 0.008250661211594424
1.8230270898191245 0.008823962765447365 0.006674070869956063 0.011063703758832191
1.8502364493686636 0.010680160333878044 -0.013336679387640677 0.0170860423107887
1.8774458089182027 0.030130461852660308 0.003267079340172365 0.03030707077349441
1.9046551684677422 0.025031827494759455 0.011494218844178778 0.027544681057606567
1.9318645280172813 0.01607051439242767 0.027808115763360116 0.03211779468060755
1.9590738875668203 -0.0013681648914116505 0.014032917831906001 0.014099455948621453
1.9862832471163594 0.004089730455099734 0.010176070161871434 0.010967146353299949
2.013492606665899 0.0032900418625253017 0.002642493344030622 0.00421985148203288
2.040701966215438 0.012013741788621248 0.003972920549283037 0.012653619618693296
2.0679113257649773 0.01787359587549781 0.00870419792603472 0.019880354399662986
2.0951206853145163 0.008321970299083398 0.024824962670715614 0.026182703475028126
2.122330044864056 -0.0039273877495234755 0.007741873316530992 0.008681070036828505
2.149539404413595 0.012300930874249766 0.008950901474920246 0.015212874073849443
2.176748763963134 0.004119403904173364 0.023590296171687643 0.02394726627391234
2.203958123512673 -0.017228333755085333 0.013726357175158544 0.02202789970189258
2.231167483062212 -0.002415368285343996 -0.009993719252021933 0.01028146042360128
2.2583768426117516 0.00540834470942377 0.005117792342780067 0.007445937883152825
2.2855862021612907 0.004488235750846716 -0.00898878507475988 0.010047015341652692
2.31279556171083 0.025877620954152476 0.005431751694775718 0.026441542933809483
2.340004921260369 0.014355082449584647 0.02124602450564281 0.025641020834372957
2.3672142808099084 0.002474853402127517 0.025175745449520687 0.02529709584717352
2.3944236403594474 -0.01011734000752368 0.015032097777525658 0.018119727713763557
2.4216329999089865 -0.0070372129696012345 0.0018302796053294406 0.0072713334274539165
2.4488423594585256 0.011084857338660607 -0.0028456609774941024 0.011444293277319077
2.4760517190080646 0.014762899259514245 0.023671846627950313 0.027898019953462087
2.503261078557604 -0.011366664060077468 0.021119005292725902 0.023983607660417593
2.5304704381071432 -0.005978035139372491 0.005578221863765368 0.00817639671792913
2.5576797976566823 -0.0018788884431402125 0.012303385108865795 0.012446023739284223
2.5848891572062214 -0.012792268486399088 0.007838859261346994 0.01500299461931933
2.6120985167557604 -0.0020191651281458393 -0.004610558557903181 0.005033316802127049
2.6393078763053 0.005011475441906772 0.004833824668680386 0.006962811718866002
2.666517235854839 0.007737232393904158 0.008013125899257952 0.011138893652182808
2.693726595404378 -0.0001495577704134538 0.022610009697205186 0.022610504329501444
2.720935954953917 -0.012847004984265465 0.010495093787437132 0.0165889279542966
2.7481453145034567 -0.007915039463579012 0.010023656749098383 0.012771904491255745
2.7753546740529957 -0.015428700232541831 0.001306805718026338 0.015483944331154858
2.802564033602535 0.001879677102713147 -0.00412161938519731 0.0045300035725039265
2.829773393152074 0.0014352815029563153 0.01504344071353221 0.015111755076571585
2.856982752701613 -0.01687145889952241 0.012412288120165376 0.020945429615461995
2.8841921122511525 -0.018493871058370203 -0.0025570807461881167 0.018669813300248854
2.9114014718006915 -0.00821356381240902 -0.012003729203526419 0.014544832253831875
2.9386108313502306 0.004076990718762009 -0.0028363430895588597 0.004966557705550179
2.9658201908997697 -0.006584685976241092 0.0017806314820940081 0.006821197686677201
2.9930295504493087 -0.001175790694406555 -0.005873221689088132 0.005989759324566246
3.0202389099988483 0.0006511387770441085 -0.00034790635303814607 0.0007382550626001832
3.0474482695483873 0.0006412608718303114 0.002889948573810602 0.002960239562098058
3.0746576290979264 -0.009380641735107005 -0.0014129274058631719 0.009486453669136355
3.1018669886474655 0.008412788417922297 -0.009182022701660165 0.012453294739085323
3.129076348197005 0.004175961972291812 0.013442292985380815 0.01407600437264942
3.156285707746544 -0.009694742011065474 0.005538377848825223 0.011165198245328013
3.183495067296083 -0.012997259725551153 -0.002530480285671962 0.013241302460468474
3.210704426845622 0.001094366306338308 -0.014122475544691681 0.014164813910633036
3.2379137863951613 0.005478392531975767 0.004774811104153405 0.007267159404798722
3.2651231459447008 -0.00724165764038242 -0.0011203284530937388 0.007327806030683433
3.29233250549424 -0.0015752741324520645 -0.0066614618363031826 0.0068451853436482185
3.3195418650437793 0.0043244510025349505 -0.004619417871569695 0.0063277087437320495
3.3467512245933184 -0.0003895636336720315 0.0006713668590422978 0.0007762044087095083
3.3739605841428575 0.0018516233896373577 -0.00571631150402686 0.006008720861225122
3.4011699436923966 0.0008466560654324557 8.678672103729787e-05 0.0008510924909091681
3.4283793032419356 0.0028933620821746052 -0.008404507747584071 0.008888604762152858
3.4555886627914747 0.00898024037876408 0.0017339383942734398 0.009146106254331423
3.4827980223410138 0.00027272946547334274 0.0025037277496701726 0.0025185380691595356
3.5100073818905533 -0.0019400588032815755 -0.0032278833625597977 0.0037660402497159645
3.5372167414400923 0.006799090791752294 -0.00905226193849985 0.011321266792974358
3.564426100989632 0.0117283643919775 0.0005448740160999134 0.011741014394183605
3.591635460539171 0.009056244244467285 0.004704725439441409 0.010205390794867876
3.61884482008871 0.0025145692437119485 0.005920659558109243 0.0064325164659293655
3.646054179638249 0.0074592522030332556 0.0019359874284707395 0.007706392849553754
3.673263539187788 0.002336148988042641 0.011263192051764105 0.011502916468846271
3.700472898737327 -0.0008014427719546751 0.00443811906459126 0.004509901478769442
3.7276822582868663 -0.005523523799476881 0.006307696738194877 0.008384292057438231
3.7548916178364053 -0.0010441950726887052 -0.0069317111311231845 0.007009918869371059
3.7821009773859453 0.005531915435231045 0.003686464742817798 0.006647714696238563
3.8093103369354844 0.0007273224980250055 0.0014611538214799977 0.0016321668132145484
3.8365196964850234 -0.0006707752997009546 0.003456132960025121 0.003520624169101398
3.8637290560345625 0.002898391877174563 -0.0044330565817206685 0.005296476765776323
3.8909384155841016 0.005596976366918894 0.006758212356181439 0.008774940381740044
3.9181477751336407 0.0010054542755425079 0.00033806386250372766 0.0010607664565481173
3.9453571346831797 0.00542982838862863 0.009437069889376346 0.010887668456879603
3.972566494232719 -0.005934575217337351 0.006149690695248723 0.008546220138602996
3.999775853782258 -0.004072699268614964 0.0038403075847322997 0.005597753270547862
4.026985213331798 -0.007957079049385718 -0.0021331050912051053 0.00823803643645124
4.054194572881337 -0.0012147043841835043 -0.005908324474589207 0.006031898941294064
4.081403932430876 0.0025121537529603773 -0.0053993848851066105 0.00595518879768145
4.108613291980415 0.005508876433826648 -0.0024594351360511797 0.006032954562369394
4.1358226515299545 0.00799661081722448 0.0013975885172900345 0.008117822258821175
4.163032011079493 0.00044594884025799566 0.00792071055066468 0.007933254439102418
4.190241370629033 -0.002312658457331324 -0.0016641524506853449 0.002849174006512789
4.217450730178571 0.001583275726435639 -0.0004299853490150064 0.0016406247061067493
4.244660089728112 0.005036993405954772 -0.002201528562796191 0.005497092921212022
4.27186944927765 0.0027743329896901888 0.007301902355710351 0.007811190789502691
4.29907880882719 -0.0034746684252420184 -0.0015793024126554268 0.0038167416438623534
4.3262881683767285 0.002635866645649002 -0.0015405302284296238 0.0030530355972949856
4.353497527926268 0.004756388007965101 -0.002490079945234857 0.0053687731388069515
4.380706887475807 0.004461576048855925 0.004670883598349187 0.0064593199664556246
4.407916247025346 0.002040015369856985 -0.001926021958414472 0.0028055700478775165
4.435125606574885 0.00754181275837171 0.006023384864458094 0.009651948244148492
4.462334966124424 -0.0025703027141167796 0.0045712251444730324 0.0052442878795560584
4.489544325673964 0.00010911449511523833 -0.00043901844150373077 0.00045237502696835293
4.516753685223503 0.004931884481898266 -0.001955281573439023 0.005305337932141468
4.543963044773042 0.005886365053880256 0.00800971329610531 0.009940060393848163
4.571172404322581 -0.0041969151322317644 0.0036111710957622517 0.0055366644570557745
4.59838176387212 0.001349539908363869 -0.000877903825094697 0.0016099605865929328
4.62559112342166 0.003410097721047953 0.001650070946590502 0.003788337444827021
4.652800482971198 0.00026718462093215553 0.004814038214148021 0.004821447038902338
4.680009842520738 0.00018428786701688105 -0.00137438934793004 0.0013866896183476647
4.707219202070277 0.0037047826645839584 0.004902104347640143 0.0061445945046808585
4.734428561619817 -0.0037625515445111656 0.0017078856469162666 0.004132029466018599
4.761637921169355 0.0009117788669430135 -0.0021207159659918135 0.0023084143715148882
4.788847280718895 0.004167046991340589 -0.0008432742011370198 0.004251516436090061
4.8160566402684335 0.0024878242316630356 0.004225058466598562 0.004903099882097648
4.843265999817973 0.0011535715776031506 -0.0013906081803106787 0.001806797856928328
4.870475359367512 0.005292582079399158 0.005140801112924603 0.0073782966292921534
4.897684718917051 -0.003060915347312584 0.001932647024133948 0.003619989956244012
4.924894078466591 0.003951009903265333 -0.0006990207789090656 0.004012369537448835
4.952103438016129 0.0025925031482977824 0.003861394272760159 0.004650961008613045
4.979312797565669 -0.0009553211381986299 0.004079814508437752 0.004190170032391085
5.006522157115208 -0.001915498352579609 -0.00357997280785684 0.004060214186927776
5.033731516664747 0.009174748302421118 -0.0006564812291392499 0.00919820493449626
5.0609408762142865 0.002296567743198131 0.008767976121730988 0.009063753564078347
5.088150235763825 -0.003121906361088804 0.0020162123343279797 0.0037163707436830115
5.115359595313365 0.0004368027724181709 -0.00041303093903246533 0.0006011582309095006
5.142568954862903 0.00122156808189849 -0.0013561039713423885 0.0018251702824130557
5.169778314412443 0.006316244682795294 -0.0004567474004637454 0.006332737566074423
5.196987673961982 0.003817991199068782 0.004637978115018562 0.006007320350335731
5.224197033511521 0.0037426638226597275 0.002416724761126901 0.004455119646035312
5.25140639306106 0.00278006703980029 0.005745181370498483 0.006382466743016118
5.2786157526106 0.0027777671055586313 0.004354462312583823 0.005165010370215769
5.3058251121601385 -0.0016858776827532874 0.00832192195209343 0.00849096982316744
5.333034471709678 -0.0019308970441534194 -0.001208491889902914 0.0022778972854546205
5.360243831259217 0.003930631667151092 0.006175401103162669 0.0073202079265382676
5.387453190808756 -0.004681223733383818 0.004364455696454656 0.00640018196368755
5.414662550358296 -0.0019077155479435399 0.001125478758634987 0.002214967504954434
5.441871909907834 -0.001388278343178258 -0.0019432177352958439 0.0023881817194062256
5.469081269457374 0.0048231280819399066 0.0017596640185623426 0.005134099916540414
5.496290629006913 -0.0017062306444527641 0.004517868873782942 0.004829323158866721
5.523499988556452 0.00014939065961329175 -0.00031590562488138834 0.00034944804050301216
5.5507093481059915 0.001902364789196307 0.002729996312515565 0.0033274422094940266
5.57791870765553 9.400577177342099e-05 0.0035620859401475557 0.0035633261610640713
5.60512806720507 -0.0016028955122926927 0.003444182320970082 0.0037989032474400972
5.632337426754609 -0.0025596408867681565 0.0006836877090252023 0.002649375464649623
5.659546786304148 -1.5333891928214507e-05 0.0007655523738826908 0.0007657059261877823
5.686756145853687 -0.0025621908539806893 0.0004366731148319722 0.002599135506555853
5.713965505403226 0.0014097934792715147 -0.0020574536166162124 0.0024941196921406186
5.741174864952765 0.0006476053385320848 0.0014460272103081425 0.0015844201991412521
5.768384224502305 0.001850300173860965 -0.0005074963377804903 0.0019186357825941136
5.7955935840518435 0.000741855876334089 0.002930408414702854 0.003022853555535351
5.822802943601383 0.00047922371997375366 0.0003908032563535776 0.000618370891101807
5.850012303150923 -0.0006745854242529625 0.0022342148560250638 0.0023338340809701203
5.877221662700461 0.0011540992689841004 -0.0012123141750084712 0.0016738132457344533
5.904431022250001 -0.00014779778272976771 0.00415690859376814 0.004159535219411328
5.931640381799539 -0.00265360553501071 -0.0030539107109935053 0.004045737629426843
5.958849741349079 0.0038482929512372475 -0.0007858610931296341 0.0039277138765746655
5.9860591008986175 0.0018271726483343326 0.0014727906921149468 0.0023468430517615624
6.013268460448157 0.0004247748653895606 0.002116418733222837 0.002158625011576415
6.0404778199976965 0.000531854413853913 5.5866403585129214e-05 0.000534780490094231
6.067687179547236 -0.0005229701501856944 0.002122930169199451 0.002186396643173982
6.094896539096775 -0.0010126724972612648 -0.0029421924981756233 0.003111591599652866
6.122105898646314 0.0031358413761349933 -0.0013118132297812795 0.003399169764237938
6.149315258195853 0.003663939406400704 -0.0004981866829192054 0.003697653572850489
6.176524617745392 0.002860639282447561 0.003018076443591299 0.004158370176360301
6.203733977294931 0.0007205407034216177 0.0009642218567484252 0.0012037037402611575
6.23094333684447 0.0005091888875261336 0.0010086852749619643 0.0011299200445629748
6.25815269639401 0.002737498759884652 -0.00183844772543005 0.0032975429488497844
6.2853620559435495 0.0034674658149213785 0.002792178866576845 0.004451918912177842
6.312571415493088 0.00273097541264246 0.0007523208811579899 0.0028327042578927984
6.339780775042628 0.0017027563973753968 0.005803460291033126 0.006048101412708052
6.366990134592166 -0.002791379538324007 0.00012092268725624412 0.002793997498794016
6.394199494141706 0.0004937430755970948 -9.171938910670747e-05 0.0005021898754835526
6.421408853691244 0.00100501026837769 -0.0038266560004827 0.0039564304348206165
6.448618213240784 0.006616102434160951 0.00020910289004118275 0.006619405973192311
6.4758275727903225 0.003699577766528472 0.0015535054039292958 0.0040125122667263365
6.503036932339862 0.005173970137809574 0.0037421341149504145 0.006385415782955792
6.5302462918894015 0.0016932403445264078 0.004287195442888157 0.004609458496380338
6.55745565143894 0.0013560140560161813 0.004152188222988458 0.00436800196419799
6.58466501098848 -0.00024762889369125214 0.0026928571988286635 0.002704218919073326
6.611874370538018 -1.7640752592152318e-05 0.001996724143914321 0.0019968020690700407
6.639083730087559 0.0016799449340790826 -0.0003814248180918691 0.001722701330293324
6.666293089637098 0.003769576534843626 0.0039660582128350635 0.005471683927242155
6.693502449186637 -0.00037188701899442127 0.004092044443889847 0.0041089083325947205
6.720711808736176 -0.0009606617988158314 0.002256181901456918 0.002452188382683073
6.747921168285715 0.0006167653027033517 0.00090442350919833 0.001094706043926578
6.7751305278352545 -0.0014593252732480856 0.002418419353080961 0.0028246030553862136
6.802339887384793 0.0013396347167452004 -0.0038614677152828407 0.0040872428470156595
6.829549246934333 0.005885368141691066 0.004021817693471646 0.007128294026115488
6.856758606483871 -0.0008061566062962352 0.0032643623593305035 0.003362432168369925
6.883967966033411 0.0010525293163007293 0.0018211011026179574 0.0021033846979639317
6.911177325582949 0.0013661705945967168 0.00122878640563864 0.0018374814622801165
6.938386685132489 0.0008062208757620713 0.004288382431557226 0.004363509594329228
6.9655960446820275 -0.0014643058264404455 -0.0005714724730049124 0.001571869059670616
6.992805404231567 0.0032597333048544324 0.0016230561629359073 0.0036414519805733304
7.020014763781107 0.0003375833075138041 0.0013537847523858225 0.0013952403539549386
7.047224123330645 0.002486150665182424 0.00219326571617642 0.0033153219499381767
7.074433482880185 0.0009462193027130511 0.0008020453925934997 0.001240406296584806
7.101642842429725 0.004462277047308303 0.0034661839082131825 0.005650340461643927
7.128852201979264 5.4270107922786044e-05 0.004193032954515248 0.004193384146756033
7.156061561528803 0.0020923803957988156 0.0040768434076122306 0.004582434712127879
7.183270921078342 -0.0024107417748302647 0.005276692988042619 0.005801307162611708
7.210480280627881 -0.002116960418461224 0.0003499644271942624 0.0021456925487200935
7.23768964017742 0.0017902343609567306 0.0004884810082968794 0.0018556812125515765
7.2648989997269595 0.0014664170413334775 0.004575364414854047 0.004804616370515543
7.292108359276498 -0.002082547575176147 0.003257560463223309 0.003866355464054968
7.319317718826038 -0.0015970090908144932 0.001463694630319303 0.002166296380223559
7.346527078375576 0.0004244905243611884 -0.0003464470364359087 0.0005479213030423808
7.373736437925116 0.0022472790300205503 0.004210761447315616 0.004772921013904337
7.400945797474654 -0.00297906479492271 0.0036253065732860194 0.004692299521839874
7.428155157024194 -0.0013724178551343673 0.0010294687011572787 0.001715615509300983
7.455364516573733 -0.0012477915739920666 0.0018406681860465488 0.00222374530539122
7.482573876123272 -0.0028499633955212083 0.0013385582879962238 0.0031486552123365552
7.509783235672811 -0.0014056906886400719 -0.0025900656637326248 0.0029469317017155527
7.53699259522235 0.002571791089715029 0.0002916799961752656 0.0025882787000835942
7.564201954771891 0.0005554845685848232 0.0019238463346615102 0.0020024354734488685
7.59141131432143 -0.0002549554324477594 0.002704435380465049 0.0027164265128373634
7.618620673870969 -0.0017473020515488312 0.0008451351335172966 0.0019409579730772259
7.645830033420508 -0.000685595405244805 0.0014421114416695623 0.0015967862943697417
7.673039392970047 -0.00247277911918582 -0.000274545132384593 0.0024879733925421057
7.700248752519586 -0.00010520783673502609 -0.0009457582659445851 0.0009515920273483656
7.727458112069125 -0.0004313540785403935 -0.0007382874344292772 0.0008550641361381006
7.7546674716186645 0.0006600075519917997 -0.0013940850572512122 0.001542427669466975
7.781876831168203 0.0029743660637239176 -0.00045934067111763843 0.003009625779590432
7.809086190717743 0.00032686272574790505 0.003774179301187396 0.0037883068301016393
7.836295550267281 -0.0024611607215779593 -0.0021373472557680217 0.003259687928188408
7.863504909816821 0.003501099167220553 -0.0009294456761050727 0.0036223700312837817
7.8907142693663594 0.0008260254781824085 0.0009767078676207641 0.0012791701799521346
7.917923628915899 0.0021375120192274506 0.0005142893246388594 0.00219851111932128
7.945132988465438 0.0009871634742632997 0.0015702055475402881 0.0018547337238660122
7.972342348014977 0.000579734539622322 0.0013692660968619072 0.0014869370465646983
7.999551707564516 0.00031663993484098903 -0.00018702719849157928 0.0003677499439996074
8.026761067114057 0.002564591823170752 0.0011924612393393584 0.002828267142050241
8.053970426663597 2.244312217072283e-05 0.002166777911867387 0.002166894139797596
8.081179786213134 0.00015440627425675695 0.0003825587978424249 0.00041254397503356433
8.108389145762674 0.001268184098635993 9.055893399837995e-05 0.001271413319326217
8.135598505312213 0.002003841723428435 0.0014130585005047488 0.002451961659243751
8.162807864861753 0.0014541381403869711 0.0021499010837085207 0.0025954946351435886
8.19001722441129 -0.0003733142625873958 0.003195522982717714 0.003217255145574918
8.21722658396083 -0.0010347436687627187 -0.000110690476442764 0.0010406473185568955
8.24443594351037 0.0013054085919446644 0.0015400167802316642 0.002018847016323439
8.271645303059909 -0.0010156424057343105 0.0010893955888727487 0.001489399961521814
8.298854662609447 -7.091775681675702e-05 0.0004588790751744542 0.00046432675333743485
8.326064022158986 0.00016025820584117146 -0.000999243929699717 0.001012013400890109
8.353273381708526 0.0024615641851875227 0.0014170787528131157 0.002840318719698951
8.380482741258065 -0.0008888774766276339 0.0009698360887573536 0.001315555094821981
8.407692100807603 0.0018712269648508144 0.00037460633333794143 0.0019083553806777415
8.434901460357143 -0.0006642384071343923 0.001485418398429306 0.0016271694687108405
8.462110819906682 0.001384945231529119 -0.0007840322059897736 0.0015914709530382375
8.489320179456223 0.001355212139101791 0.001819135724423986 0.0022684476467056567
8.516529539005761 0.0005412049319166525 0.0008940155629864672 0.0010450677514845237
8.5437388985553 0.0009919738546591472 0.0012632810541917303 0.001606203956602989
8.57094825810484 0.000608967090467846 0.002326945903037196 0.0024053104067738255
8.59815761765438 -0.002263270972564955 0.0013334953188826242 0.0026269003141986547
8.625366977203917 0.00021334996356841618 -0.0018522820793007635 0.0018645286557876777
8.652576336753457 0.0007617777270440874 0.0009324644127597802 0.0012040744106922537
8.679785696302996 9.924301784662028e-05 -0.0019879902923436716 0.001990465920091068
8.706995055852536 0.004017782871114823 5.3307183219000955e-05 0.004018136490365454
8.734204415402074 0.0018599010171587696 0.0020750584496067796 0.002786592787422073
8.761413774951613 0.0015559732116631115 0.002802102091008539 0.0032051253897230985
8.788623134501153 -0.0015249361169562554 0.0016182958152126704 0.0022235807847551803
8.815832494050692 0.0012337821072526138 -0.00010515397378376482 0.0012382550813056319
8.84304185360023 -0.0002658968816179864 0.0013879689817062305 0.0014132087764491133
8.87025121314977 0.0017406022848482033 -0.0006154420533500513 0.0018462029235841095
8.897460572699309 0.0009481754604839568 0.0027339301886976754 0.0028936846719254798
8.924669932248849 -3.9891607975483713e-05 5.956367599156051e-05 7.168801771912289e-05
8.951879291798388 0.001256388593320804 0.0015194164460440576 0.0019715827737976873
8.979088651347928 0.0002740215055949937 0.000911766491700416 0.0009520535283881006
9.006298010897467 0.0006812710187842592 0.001628696933758823 0.0017654415603669056
9.033507370447007 -0.0003161435890080161 0.0013403909308206256 0.0013771690587204798
9.060716729996544 -0.0010952425270844717 0.0009907480684554944 0.0014768676068905677
9.087926089546084 -0.0008719166668515182 -0.001645720143546057 0.0018624267676359025
9.115135449095623 0.002642933229087157 -0.0012885460998483796 0.002940314116696979
9.142344808645163 0.0020040103713495974 0.00233320636077829 0.003075696586214743
9.1695541681947 -0.001060497634195864 0.00031947409097190263 0.0011075734408775555
9.19676352774424 0.002409314684924969 -0.0004918750891996562 0.0024590116621053815
9.22397288729378 0.0003590782050243725 0.001767412541712338 0.001803519961055489
9.25118224684332 0.001247020470953628 -0.000614450466568765 0.0013901832364274795
9.278391606392857 0.0017735222450963992 0.001070075086674033 0.002071338177355936
9.305600965942396 0.002179740449108708 0.001700167053216443 0.0027643871715668403
9.332810325491936 -0.0008236061320846509 0.0023516689519410966 0.0024917210759495484
9.360019685041475 0.001506594098885033 -4.286163255604445e-05 0.0015072036685002377
9.387229044591015 -0.0012024697174989663 0.0031749104785297254 0.0033949948406705854
9.414438404140554 -0.0005478591570054896 -0.0028200233488309976 0.002872748047404568
9.441647763690094 0.002738493446423065 0.0009020360421517045 0.0028832300250661216
9.468857123239633 0.0013349701943992643 0.0004674254743140139 0.0014144369883356735
9.496066482789171 0.0012145857588250716 0.0025739472143385925 0.0028461241764445337
9.52327584233871 -0.0006033252308439374 0.0009038012526996464 0.0010866729216072058
9.55048520188825 -0.0010029377440135393 3.1375073787185015e-06 0.0010029426515606558
9.57769456143779 0.0027631426648269445 -0.0025438524014880534 0.0037558144824716097
9.604903920987327 0.002376979798855023 0.00382647479394898 0.004504657846373213
9.632113280536867 -0.0003189120417410063 -0.0007415639662597186 0.0008072310737467076
9.659322640086407 0.002561507051588486 0.003072115827777401 0.003999901753120689
9.686531999635946 -0.002540953854782463 0.0004587383147760268 0.0025820316290815276
9.713741359185484 0.0013403886506631203 -0.0009847671965699419 0.0016632522858143687
9.740950718735023 0.001073215592849478 -0.0008331564643389432 0.0013586542616887585
9.768160078284563 0.0029208658521816524 0.0003215152348923589 0.002938508018146069
9.795369437834102 0.0024989694174215623 -7.480818941579107e-05 0.0025000888813024092
9.82257879738364 0.004989952980877017 0.0035715831332648403 0.006136435189031603
9.849788156933181 -0.0011596107179379805 0.005379335279859875 0.005502903330997352
9.87699751648272 -0.0015251311461165881 0.0005526662180573294 0.00162217907810349
9.904206876032259 0.001014558745973537 0.001576157312517895 0.0018744602750752092
9.931416235581798 -0.0026772888944816588 0.0023821969191812915 0.0035836766017976088
9.958625595131338 -0.001113414448477209 -0.0035983502442815947 0.0037666717688961456
9.985834954680877 0.003370999716280427 -0.0003703541121671836 0.003391283128192316
10.013044314230417 0.002173789549071238 0.00036043717614357224 0.002203469074345653
10.040253673779954 0.002468090037056067 0.002952111510311573 0.003847912525036074
10.067463033329494 -0.00027827186249234726 0.0014093186765066453 0.0014365285800865232
10.094672392879033 0.0012791829531227877 0.002294071650809505 0.002626608795882589
10.121881752428573 -0.0015507914828409195 0.0010830137383644812 0.0018915266270233013
10.14909111197811 0.0010161362294027704 5.3686077016150985e-05 0.001017553453912994
10.17630047152765 0.0004462355120762697 0.0010695090653537202 0.0011588683156906823
10.20350983107719 0.0003000734744787791 0.0014553133658111001 0.0014859276842411273
10.23071919062673 -0.0007616019210538053 -0.0002918572610791957 0.0008156090650535319
10.257928550176267 0.0020750902840279725 0.00041488778436959105 0.002116159625474033
10.285137909725806 -0.0006497827837754751 0.0017699927796564858 0.0018854951885717182
10.312347269275348 -4.1027693198560394e-05 -0.0009575799105169094 0.0009584584271812562
10.339556628824885 0.0016409991643762851 4.023792596645807e-05 0.0016414924148986335
10.366765988374425 0.001131783962123602 0.0011387460671700717 0.0016055147281839256
10.393975347923964 0.00015767515026889026 0.0012584425216892359 0.0012682819218958693
10.421184707473504 -0.0010708338903025166 -0.0001455323799391984 0.001080677978970234
10.448394067023042 0.0015154056169854261 -0.001998625446756205 0.0025081781955061367
10.475603426572581 0.001966923936629131 0.0009731197565653335 0.0021944821332383663
10.50281278612212 0.0007884814247380357 -0.0006018553966750921 0.0009919339069030027
10.53002214567166 0.002121877237476556 1.5004265119039009e-05 0.0021219302860586405
10.5572315052212 0.0026741149769318896 -0.0005227217784314485 0.0027247254847962165
10.584440864770738 0.0034946834076964453 0.0024054889360332057 0.00424254512544145
10.611650224320277 0.0012789365802216715 0.0019728684639761657 0.00235114626350229
10.638859583869817 0.001332181922099672 0.0030749238630596557 0.003351099138668221
10.666068943419356 -0.0007240436987337841 0.0010544320513601925 0.0012790880456840187
10.693278302968894 0.001305138259506845 0.0019714650223649323 0.002364330816708381
10.720487662518433 -0.0024728659618926652 0.000814655315015862 0.002603599306300977
10.747697022067973 0.0014414097058596793 -0.002636211171849648 0.0030045417758339426
10.774906381617512 0.002979548687404309 0.0009605605384219396 0.003130556967791225
10.802115741167052 0.0010711151633914333 0.0012254148756486649 0.001627553166783835
10.829325100716591 0.0016680206381303527 0.00014042412066938903 0.001673921080246784
10.856534460266131 0.0024645345344092425 0.0013925820231798062 0.002830762293549097
10.883743819815669 0.0019511694880933771 0.001782143923808367 0.0026425554556969385
10.910953179365208 0.0013991718930549885 0.003241214849360188 0.0035303194878124086
10.938162538914748 -0.0011277632018922093 0.001994610359349446 0.002291357747093695
10.965371898464287 3.4463353067767404e-05 2.5640899107135215e-05 4.295553994185011e-05
10.992581258013827 0.0014219872867667696 0.0004131144671818945 0.0014807806747527805
11.019790617563364 0.0007748375177159533 0.0018612917058095351 0.0020161299543867677
11.046999977112904 -0.00021138398340680173 -0.00016815846907501184 0.0002701119382081783
11.074209336662443 0.0023176090906546916 -0.00020002076188163997 0.002326224452254979
11.101418696211983 0.002577356964431396 0.0014277233468842673 0.0029463813190660566
11.12862805576152 0.0013743569284757544 0.002942487029894167 0.0032476278863109776
11.15583741531106 8.968078557693931e-05 0.0010014071302803223 0.0010054147820068927
11.1830467748606 0.0020212417534838387 0.0021494177701914573 0.002950494022505594
11.21025613441014 -0.00108421571311242 0.002259538796669835 0.002506200168824517
11.237465493959679 0.0004975233822370338 -0.00024950861301617966 0.0005565824861077065
11.264674853509218 0.0014131390515583512 0.0007487025385467263 0.0015992240212883086
11.291884213058758 0.002586880732514674 0.0017874735727402 0.003144362208381896
11.319093572608296 -0.000509172817204047 0.004249793456255595 0.004280187072852351
11.346302932157835 -0.0019428826048763417 -0.0006331755527544305 0.0020434539625195764
11.373512291707375 0.002333777681067357 0.0005758906017974454 0.0024037820720453746
11.400721651256914 -0.0009978938569202619 0.0016522189217607894 0.0019301863938758822
11.427931010806452 0.0016196764859575793 -0.0013858000170367834 0.0021316176032260196
11.455140370355991 0.0022400817819638137 0.002448230905931176 0.003318403374914322
11.48234972990553 0.0005909501512924786 0.0010456645929841771 0.0012010980485927733
11.50955908945507 0.0017227452940876335 0.0026302313145701696 0.0031441959411662957
11.53676844900461 -0.0012304661522844422 0.002131257294873948 0.0024609560355421016
11.563977808554148 0.0001581628204371073 -8.564712398159072e-05 0.00017986358056854817
11.591187168103687 0.00127593006194597 0.0010190790326508985 0.001632948130764152
11.618396527653227 0.0005792373578708231 0.0014891429095645074 0.0015978305673191443
11.645605887202766 0.0009582009684235763 0.0007674314860964333 0.0012276400864015722
11.672815246752306 0.001943651586652475 0.0026011586769895496 0.003247123027107952
11.700024606301845 -0.001404072910621043 0.0040350369951546155 0.0042723464619113275
11.727233965851385 -0.0034012151199709958 -8.698486660983193e-05 0.0034023272416595154
11.754443325400922 0.0002588758334183743 -0.002374883433573914 0.002388951238554668
11.781652684950462 0.0025641414194607012 -0.00011216173000539053 0.0025665933594303057
11.808862044500001 0.0012559351821195143 0.0023270071279351107 0.002644302432617417
11.836071404049541 -0.0010974937756849153 0.0005378605626221352 0.0012222056179265954
11.863280763599079 0.0013441045425732685 -0.0008915925186205805 0.0016129334272146155
11.890490123148618 0.0019086170308605693 0.0003535153656358705 0.0019410801333875113
11.917699482698158 0.0030025788288704377 0.0016313576004252505 0.0034171343614271595
11.944908842247697 0.00036522414710615125 0.0034161390214750642 0.003435606859300701
11.972118201797235 -0.00013344478015788318 0.0014930345210832816 0.0014989861875607025
11.999327561346774 -0.000960258967798595 0.00138798713950474 0.0016877812609068076
12.026536920896314 0.0009338252035676784 -0.0006589720226732525 0.0011429232859139294
12.053746280445854 0.0006282254478510146 0.002715969750379649 0.0027876798414281545
12.080955639995393 -0.0016344682125340765 -0.0011942571876687974 0.0020242866812986058
12.10816499954493 0.00398946797337296 -0.0007364459229645494 0.004056871615915354
12.135374359094472 0.001125382977207223 0.004226885840896027 0.004374134286616622
12.162583718644012 -0.0018075564503487974 -0.00016158610858340542 0.001814764555440918
12.18979307819355 0.0027588228906404912 -0.0006544151593842692 0.0028353770371423084
12.217002437743089 0.001931850506406816 0.002199701718155157 0.002927581600563684
12.244211797292628 0.00112589721322952 0.0020826464581127587 0.002367500961826123
12.271421156842168 0.000643670624472418 0.0012791075090944092 0.0014319315251192764
12.298630516391706 0.0024552554993023156 0.002861181836559895 0.0037702309038989265
12.325839875941245 -0.0015823877097041754 0.003585938155331091 0.0039195539692268785
12.353049235490785 -0.0001541612291805268 0.0012306831442844034 0.0012403010466044914
12.380258595040324 -0.002105326924014096 0.0014424343272025802 0.002552061567688173
12.407467954589862 0.0018879552026620312 -0.0006878678153789698 0.002009362331361088
12.434677314139401 -0.0011278429149031743 0.004382060216207948 0.004524873631292894
12.46188667368894 -0.002130314558806497 -0.0020152183521179616 0.0029324640025371073
12.48909603323848 0.0016421629464571084 0.000256564301398731 0.0016620843490836772
12.51630539278802 0.0010859444986118026 0.0004391831099601176 0.001171391163591172
12.543514752337558 0.00029022388032543754 0.002441173632200048 0.002458365026447441
12.570724111887099 -0.0006053837864330361 -0.0001302971469313793 0.0006192470229031847
12.597933471436637 0.00036034112847117773 0.0007173677704824347 0.0008027840600029506
12.625142830986176 0.0014458282687677126 -0.0007697479675541505 0.0016379656029116077
12.652352190535714 0.0016879109172154112 0.0031986186243973267 0.003616656517945327
12.679561550085255 -0.0012318144573939386 0.0004037340287232524 0.001296290100013817
12.706770909634793 0.0018501964785346693 0.0009372176735158993 0.0020740308524061658
12.733980269184332 4.367326982191939e-05 0.0024859155623979585 0.0024862991649979085
12.76118962873387 -0.001784352873300815 0.0011864865992004155 0.0021428172172490685
12.788398988283411 0.00040190450141540195 -0.0017979644045330904 0.0018423363504599243
12.815608347832951 0.002388691142522993 0.0018199027665311309 0.0030029804285068968
12.842817707382489 -0.0006797401540370863 0.0020881878214627655 0.0021960362143452396
12.87002706693203 -0.0015351904624286209 -0.0003138143052633433 0.001566936238051733
12.897236426481568 0.003028861697653701 -0.0020908885348911474 0.0036804643795114917
12.924445786031109 0.0024207225204416075 0.004780181605542854 0.0053581744748508724
12.951655145580645 -0.00233946045081841 0.0006782624502722757 0.0024357986682796325
12.978864505130186 0.0012810407027861695 0.0005661364615034042 0.00140056266380283
13.006073864679724 -4.884901468161901e-05 0.00039736620104177645 0.00040035749520364735
13.033283224229265 0.0021108519299763593 0.0011477726401408009 0.002402723018523089
13.060492583778803 0.00048392130415840035 0.002507012947646346 0.0025532907684564224
13.087701943328343 -0.0007350285906542754 0.0023993614952206436 0.0025094227650650364
13.11491130287788 -0.0010600561428230292 6.624987502245054e-05 0.0010621243203492372
13.142120662427422 0.000610340177662582 0.001460191667242616 0.0015826164530782444
13.16933002197696 -0.0017230514490805195 0.00047753154698676405 0.001787999629347291
13.196539381526499 0.0003552748056011352 -0.0009475037382530698 0.001011920709096551
13.223748741076037 0.0013844525519593448 -0.0006330951349443912 0.0015223397513423208
13.250958100625578 0.003052303316948577 0.001380718691734632 0.0033500656179186517
13.278167460175117 0.000705257352404405 0.0033806046935938514 0.0034533861683091927
13.305376819724655 -0.0007550225789265871 0.0021396953849698824 0.0022689987737216535
13.332586179274196 -0.00038985760659660955 0.0015717128150973439 0.0016193424982265036
13.359795538823734 -0.0014033520551833365 0.0020991054893294034 0.0025250031378436203
13.387004898373274 -0.002243555052992168 -0.00020570863403839118 0.002252965893644338
13.414214257922811 -0.0002086752758617023 -0.0012924759289024666 0.0013092132742789661
13.441423617472353 0.001332100897919145 6.548480418483117e-05 0.0013337095117813766
13.46863297702189 -0.0007322378111292032 0.0011612004909838315 0.0013727923340069968
13.49584233657143 0.00033073582430033965 -0.001919867233096175 0.001948146908780749
13.523051696120968 0.002621660485980596 0.0010282086354074696 0.0028160817995361047
13.550261055670509 0.00030947218037516476 0.001522702635771005 0.0015538327926164143
13.577470415220047 0.0004338523085787301 0.0011434294831866338 0.0012229713032935589
13.604679774769586 9.836674052133517e-05 0.0010985240771141844 0.0011029193822035962
13.631889134319124 -0.0004891547867571188 0.0008821183547075269 0.0010086650569536533
13.659098493868665 0.00046334885775841604 -0.00027653486412181907 0.0005395958627166278
13.686307853418203 0.000452802175677557 0.0014278305797571973 0.001497908533518687
13.713517212967743 -0.0003329094942280363 -0.00042326075602281717 0.0005384964242556989
13.740726572517284 0.0021765994960767135 0.0003441864745159458 0.0022036446391288044
13.767935932066822 0.0008589595733412016 0.0032119580958487486 0.0033248287712486515
13.795145291616361 -0.0031532146515210915 0.0010464443493511263 0.003322319733989518
13.822354651165899 0.001479660735068673 -0.002489892158511355 0.002896369943898794
13.84956401071544 0.0006755499831618696 0.0033871387189690857 0.0034538495163063403
13.876773370264978 -0.0019475629496515303 -0.002324310463821372 0.0030323951878152176
13.903982729814517 0.0039014358426973325 0.00031430131358315576 0.003914075491147755
13.931192089364055 -0.00046469579135727213 0.001825317412939602 0.0018835407711238115
13.958401448913596 0.0016462469948330337 2.4552444498637826e-05 0.0016464300745940147
13.985610808463134 0.0008703486226774167 0.002381703387580008 0.0025357479668544664
14.012820168012675 -0.00023838484692868039 0.0015708731234764918 0.0015888579877717203
14.040029527562213 -0.00037507332418358164 0.0014059830430666995 0.0014551523342609936
14.067238887111753 -0.001180334699186571 0.0010888548528377518 0.0016058626630730832
14.09444824666129 -0.00127434995769111 -0.0008621533903984364 0.0015385955554475166
14.121657606210832 0.0014170734449629355 -0.0014936000964220733 0.002058868231930142
14.14886696576037 0.0024233171949931097 0.001738691201286962 0.002982534714128567
14.176076325309909 -0.0013741292969072047 0.002219756595249492 0.00261066096358227
14.20328568485945 -0.0006966507142899207 -0.0011668153496910995 0.0013589629420979145
14.230495044408988 0.0010972923519531883 -0.000603860123206222 0.0012524765682652883
14.257704403958527 0.002285688819979128 0.0003505580986447606 0.0023124152659725738
14.284913763508065 0.0006002434409866258 0.0023224426961925212 0.0023987563997924953
14.312123123057606 -2.2355990211768103e-05 0.0005855201942087951 0.0005859468304587489
14.339332482607144 -3.523401250680157e-05 0.0005520128205489312 0.0005531361402834892
14.366541842156684 0.001984362871553337 -0.00023757294913033693 0.0019985336905236025
14.393751201706221 0.0009129189381709446 0.003035089136491276 0.0031694143077418144
14.420960561255763 0.00014776503124269423 0.000872436203104425 0.0008848612506746014
14.4481699208053 -0.0002799513937581431 0.0033144129013099074 0.0033262149153710265
14.47537928035484 -0.0021972896117379227 -1.6354086223214677e-05 0.002197350471360358
14.502588639904378 -0.00012783645031475943 0.0008282966577038297 0.000838103520570349
14.529797999453919 -0.0015973588970661517 -0.00044412669304939623 0.001657951737993415
14.557007359003457 -4.80706489050101e-05 -0.000732267556013549 0.0007338436896752638
14.584216718552996 0.0008118580239391546 -0.0015998719736767019 0.0017940746314439025
14.611426078102534 0.00209037730431343 0.0013656830044035358 0.002496951610044806
14.638635437652075 -0.001052988584736319 3.8528028333240737e-05 0.0010536932041881274
14.665844797201615 0.0024350091965812015 -0.0009493695623881873 0.0026135363692560633
14.693054156751153 0.0018504257218523949 0.002463479452008381 0.003081039818399053
14.720263516300694 -0.0006407953788167655 0.002044679644742048 0.0021427397338770263
14.747472875850232 -0.0009578891288898854 0.00042783405784801 0.0010490917806846634
14.774682235399771 -0.00013274443629330486 -0.0009667931017915452 0.0009758637133527122
14.801891594949309 0.002726733994559847 0.00044366574150143376 0.0027625925445621397
14.82910095449885 -0.0011854649748296617 0.0031775577123446326 0.0033914893810579366
14.856310314048388 -0.0010214964147199409 -0.002342861348036898 0.0025558666282517488
14.883519673597927 0.002775696547407437 0.000663861898830612 0.0028539803685394462
14.910729033147465 -0.00016501478569202346 0.0016542435148620936 0.0016624534537725494
14.937938392697006 -0.0005051289922501838 -0.00022620072413762304 0.0005534636992722028
14.965147752246544 0.002201696215460334 -0.0009465163477340418 0.0023965307053530832
14.992357111796085 0.0019110057244242145 0.0026434991176746392 0.003261905955714958
15.019566471345621 0.0004693661629184607 0.0015695320424510093 0.0016382110447598734
15.046775830895163 -0.00028166064636766765 0.0034339318479126185 0.003445463779496285
15.0739851904447 -0.002917841719325594 0.0007431264109417372 0.0030109860779611863
15.101194549994242 -0.0017478173834444997 -0.0013103173086241725 0.002184444335557872
15.128403909543781 0.0016726837241101097 -0.002999709500617444 0.003434549159496399
15.155613269093319 0.003217721939024155 0.002233372237586221 0.003916846439228662
15.18282262864286 -0.0005655024750402456 0.0018513112682433154 0.001935754752338559
15.210031988192398 -0.0006661891230690763 0.0012199335350702566 0.0013899804954331401
15.237241347741938 -0.0002948720754229129 -0.000742894948528523 0.0007992762009552223
15.264450707291475 0.0004894588319565386 0.0017274659474823184 0.0017954688936016806
15.291660066841017 -0.0020610887787850616 -0.0009901956845217753 0.002286607628710978
15.318869426390554 0.0015582085989119022 -0.0016793623896297373 0.002290910751955627
15.346078785940094 0.0026247299139814636 -0.0002131789560444927 0.0026333728161142245
15.373288145489632 0.0020813845359872957 0.0036455028068736917 0.004197839003769799
15.400497505039173 -0.0026999532017614497 0.0018665632117306871 0.0032823475615918985
15.42770686458871 -0.000974780732634092 -0.0009190605712044695 0.0013397275134359758
15.45491622413825 0.00031504576266992034 -0.0011465543529704922 0.001189050342454791
15.482125583687788 0.0010969348755146121 0.00028653928365621217 0.0011337419821980982
15.509334943237329 0.0003245830347067072 -0.0002562701850256493 0.00041355598672065675
15.536544302786867 0.00078664999698665 0.0005805443805335068 0.000977675813103776
15.563753662336406 0.00014913333669515095 -0.0008686116037411465 0.0008813210937380291
15.590963021885948 0.0019099931767248865 0.00014387227744749268 0.001915404178588308
15.618172381435485 0.0014977500818460548 7.50824134104252e-05 0.0014996308467330878
15.645381740985025 0.001786782162241479 0.002711252959312561 0.0032470730057523275
15.672591100534563 -0.002038848210728769 0.00039234247408967074 0.0020762549562533756
15.699800460084104 0.002042092363070952 -0.0011081512615828566 0.002323389859205807
15.727009819633642 0.001194271109710934 0.001526242685194815 0.0019379629040827547
15.754219179183181 0.0009090011433827 0.0008311711740273275 0.0012317177433182579
15.781428538732719 0.0007821573237134137 0.0013271450123233956 0.0015404817307496366
15.80863789828226 0.0005064906820758264 0.0016533581666998388 0.0017291980911459182
15.835847257831798 -0.0006584821122256832 0.0016975180569251025 0.0018207597990146786
15.863056617381337 -0.0015130123724569349 0.00031370479493762326 0.001545191618400326
15.890265976930875 -4.437702718223142e-05 -0.0013293258535848399 0.0013300663688517937
15.917475336480416 0.000981911147704405 3.1633143533135945e-05 0.00098242056053198
15.944684696029954 0.0005200364966046521 -0.00037209050488108914 0.0006394445258374679
15.971894055579495 0.0013677461931969328 -0.00019457020976284414 0.0013815162740741995
15.999103415129031 0.0020053064987133576 0.0005146383529832523 0.0020702914741995487
16.026312774678573 0.0006167622325019499 0.001697032467191265 0.0018056341949968886
16.053522134228114 0.001134247946378744 0.00011391161423895824 0.0011399536217420966
16.08073149377765 0.0005751636753744924 0.0021976428223253403 0.0022716617767591157
16.107940853327193 0.0005883744120828044 -0.0004486380067698737 0.0007399057439378552
16.13515021287673 0.0014939366602919333 0.0032212262707742014 0.0035507950423095506
16.16235957242627 -0.0020223628675370806 0.0003919827759387757 0.0020600005011226262
16.189568931975806 0.0010248446331191947 0.0007644156344855439 0.0012785295398539502
16.216778291525348 -0.0015098608138177625 0.00018157143835599858 0.001520739249289339
16.243987651074885 0.0011090549740921211 -0.001001002110605964 0.001493990683035229
16.271197010624427 0.001688969668074036 -0.0002315266316155805 0.0017047648285970051
16.298406370173964 0.0026396950246747775 0.0028683289278979254 0.0038981150139405633
16.325615729723506 -0.00261246784810056 0.002370963478090086 0.0035279535246083116
16.352825089273043 6.15703542704467e-05 -0.0015078910104901616 0.0015091475103653814
16.38003444882258 0.0009903108645569316 0.0011517905140365269 0.0015189920989537844
16.40724380837212 -0.000491336521644006 0.000651856485361765 0.0008162894431569134
16.43445316792166 1.5059120142362617e-05 -0.0004552209076018647 0.0004554699241633058
16.461662527471198 0.0011757587818111033 1.0663116645750892e-05 0.0011758071334460132
16.48887188702074 0.0007649220336472864 0.0008490722912384795 0.0011428164652769323
16.51608124657028 7.475672382339785e-05 0.0006176871856024478 0.000622194525059712
16.543290606119818 0.0005385143821099907 -0.00023890339438411868 0.0005891286545293471
16.570499965669356 0.0010174166136569904 0.0004709141610284086 0.00112111404986395
16.597709325218894 0.0009887896942054081 0.00022594581793875134 0.001014276378513685
16.624918684768435 0.0012761665825605042 0.001053895308943235 0.0016550820126678657
16.652128044317973 0.0006913331125529644 0.0012300426979773025 0.0014110090401409378
16.679337403867514 -0.00026336111651704405 0.0008617204204963781 0.0009010666794380751
16.70654676341705 0.001507254242259202 -0.00041510547714879316 0.0015633706879583256
16.733756122966593 0.0009600171158133484 0.002415740319047865 0.002599506520808913
16.76096548251613 0.00038512063723403954 9.954038663171945e-05 0.0003977765626508742
16.78817484206567 0.0009151845023886427 0.0031188055549812637 0.003250309333462638
16.815384201615206 -0.0020594324456475878 -6.347724897795902e-06 0.0020594422283223635
16.842593561164747 0.001231986315043584 0.0006693651387159373 0.0014020841520332775
16.869802920714285 -0.0013241693913512835 1.9487816796919357e-06 0.0013241708253626733
16.897012280263827 0.002073814515223119 -0.000525797622138961 0.002139432116940635
16.924221639813364 0.0009195081081281552 0.0013712074330822033 0.0016509709220495993
16.951430999362906 0.0012857713633467203 0.0022642275213045353 0.002603830690931222
16.978640358912447 -0.002763339519515929 0.0020107819842864957 0.0034174975476874395
17.005849718461985 -0.000673089639006187 -0.0024729308768274673 0.002562896171073683
17.033059078011522 0.002085576813473937 -0.0006533173088381494 0.0021855100436574577
17.06026843756106 0.002306212867802783 0.001027341601900275 0.0025246878140899242
17.0874777971106 0.000501251623323095 0.0023944121721994594 0.0024463161774923884
17.11468715666014 -0.00019653483478579913 0.0005131255299170126 0.0005494758873116239
17.14189651620968 0.0013237759706025362 0.0012587716490176368 0.0018267153266766192
17.169105875759218 -0.0007340098350899324 0.00237729433510631 0.0024880311078717045
17.19631523530876 -0.001304514455726621 -0.0005727926340986242 0.0014247278220338659
17.223524594858297 0.0019061593121538908 -0.0001320127723446184 0.0019107251752601957
17.250733954407835 0.00018113529506871685 0.0025413498116550848 0.002547796864021731
17.277943313957373 -0.0010292420496155997 -5.796623541872517e-05 0.0010308730674266058
17.305152673506914 0.0009802533849570356 0.0008748508472473008 0.0013138724076747507
17.33236203305645 -0.0012436213642542232 0.00031939002489789073 0.0012839797839661693
17.359571392605993 0.0021067950067029185 -0.0005417232288858306 0.0021753273907581913
17.38678075215553 2.168915690496283e-05 0.0028961308653550617 0.002896212079387403
17.413990111705072 -0.000979927614619949 -9.918217190176982e-05 0.0009849341262835273
17.44119947125461 9.789540860064348e-05 -1.156307355636691e-05 9.857593872318383e-05
17.468408830804147 0.0017964084404273576 0.00021300365659070744 0.0018089924937820122
17.49561819035369 -0.0008668401856735545 0.002667657703394879 0.002804961591533938
17.522827549903226 -0.00013785684418264428 -0.0019301130111149692 0.0019350299080797928
17.550036909452768 0.0022280562453428385 0.002223801302662267 0.003147940098879523
17.577246269002305 -0.0010742952329169198 0.0012341532088028606 0.0016362287096449617
17.604455628551847 -0.00022289691842852915 0.00067837376935484 0.0007140546247967506
17.631664988101384 0.0006001592584511576 -0.0001911192427941507 0.0006298553012167579
17.658874347650922 0.00017897213753065587 0.0023560163191173188 0.002362804249606685
17.68608370720046 -0.0004752647563652 -0.0005753276545408318 0.0007462429220584458
17.71329306675 0.0008015182567327523 0.002895117746400695 0.003004020353026948
17.74050242629954 -0.0026228967152974237 -0.0003335646721494639 0.0026440220440881717
17.76771178584908 0.0011294219144956479 0.0008231476459283641 0.0013975571215304303
17.794921145398618 -0.002413229334160438 0.00022496808412857596 0.0024236927317894306
17.82213050494816 0.0007133805877084542 -0.0007338377705873357 0.0010234401479616922
17.849339864497697 -0.0007976485987408106 -6.515972784655506e-05 0.0008003056148786011
17.876549224047235 0.0011205919294956185 -0.00031774348744859315 0.0011647691600770976
17.903758583596776 -0.0002186462637951759 0.0005207949275057345 0.0005648305455508696
17.930967943146314 0.0005516705669286363 0.0006066930358240193 0.0008200102768458013
17.958177302695855 -0.00144989804993512 0.00017537321875978897 0.001460465720605531
17.985386662245393 0.0006443155511061162 -0.0010450280884576977 0.0012276914250180001
18.012596021794934 3.0662115841530615e-05 0.0001585586579948578 0.000161496171388085
18.039805381344472 0.000562691072222894 -0.0006843893951814521 0.0008860079497364479
18.067014740894013 0.0010450702846142347 -8.046723024491715e-05 0.001048163572600654
18.09422410044355 0.0006419751776636898 0.0010514829760166113 0.001231969389875039
18.12143345999309 -0.0005724787216809386 -0.000699446964475017 0.0009038572580284773
18.148642819542626 0.002046414599007428 4.497718096706056e-05 0.0020469088054523767
18.175852179092168 -0.00034570747885090565 0.0006526806838859967 0.0007385836012607792
18.203061538641705 0.0019223000379619396 -0.00033757239466544633 0.0019517152859955364
18.230270898191247 7.548204313817564e-06 0.0019993697817739468 0.001999384030060049
18.257480257740784 0.00024043776016466838 -0.0007626342339962528 0.0007996382253094544
18.284689617290326 0.0013345926582090206 0.0013900038414770856 0.0019269790457258416
18.311898976839863 -0.0004806678219086941 0.0008393040169591915 0.0009671984221979908
18.3391083363894 7.662519777948136e-05 0.0002205111460120324 0.0002334450394638629
18.366317695938942 0.0004930036155459076 -5.540108513439518e-05 0.00049610668729156
18.39352705548848 0.0008093495077434889 0.0014779361861616503 0.0016850347165713448
18.42073641503802 -0.001841515875901978 0.000294257551107378 0.0018648775368862002
18.44794577458756 0.0012862021000246049 -0.0016112737258572743 0.0020616786514259895
18.4751551341371 0.00046738411050893165 0.0014476885723306884 0.0015212659561079688
18.50236449368664 0.00039169953811122194 -0.001341052815241663 0.0013970866764177999
18.529573853236176 0.001940692764388289 0.0016962358405951665 0.0025774996474623715
18.556783212785714 -0.0010098241038606407 0.0005108379698715624 0.0011316802340769433
18.583992572335255 0.0005500452841687784 -0.0002251491219535768 0.0005943416035856643
18.611201931884793 0.001054067941403021 -0.0008457516718859381 0.0013514270663233965
18.638411291434334 0.002672442454985495 0.002171115543549745 0.003443209459015267
18.665620650983872 -0.0017810440140172527 0.001954898115684227 0.002644568853815765
18.692830010533413 0.00023641876818512978 -0.0005604021565661407 0.000608230557464976
18.72003937008295 0.00015301471392514782 0.0008640655725212827 0.000877509439433062
18.74724872963249 -0.00020308897010922944 0.0006674101671342644 0.0006976255879583362
18.77445808918203 -0.0011270315986866824 -0.000718617754098402 0.0013366419494179025
18.801667448731568 0.0020329506896214675 -0.0007984636691563752 0.0021841320329584156
18.82887680828111 -0.0006704381078292354 0.001556725602987909 0.0016949577751164526
18.856086167830647 0.0006032825117230879 -0.0027082485048724155 0.002774627858487439
18.883295527380188 0.003342259746771181 0.001710114824009755 0.0037543565262485225
18.910504886929726 -0.0010103226245033422 0.0014478585462090578 0.0017655158383356202
18.937714246479267 0.000867366064812554 -0.0002936903277708753 0.000915738990659773
18.9649236060288 0.00011840774182502214 0.0008600997238962374 0.0008682119144370716
18.992132965578342 0.0004895967494925608 -0.0006557542647744343 0.0008183633868175801
19.01934232512788 0.0016406868136600767 0.00013704207285254494 0.0016464002399932337
19.04655168467742 0.0016642493099799543 0.0009576155839537855 0.0019200920218572608
19.07376104422696 0.001226927551492408 0.0018400737758865332 0.0022116108874113633
19.1009704037765 -4.63536192589794e-05 0.0024750355995494387 0.0024754696275768474
19.128179763326038 -0.0017402946664167556 0.0008950334770034552 0.001956964601344516
19.15538912287558 -0.0002588211701902518 -0.0004524713830446112 0.0005212664871377735
19.182598482425117 -0.00024524142614951075 -0.0002882734253772507 0.0003784771127539673
19.209807841974655 0.0013698376886807288 -0.0007469827263709626 0.0015602687226329822
19.237017201524196 0.0013096699912235267 0.0013349875622933527 0.0018701409779450801
19.264226561073734 -0.00026928755133472874 0.0014512244998351367 0.0014759974031906685
19.291435920623275 -0.0011871930238523975 -0.0008435468943855914 0.0014563648714904433
19.318645280172813 0.002888383895787341 -0.0010127786452579447 0.0030607976270466126
19.345854639722354 0.0007893225777928594 0.0029503869714480936 0.0030541469206808334
19.373063999271892 -0.00047643299624893935 0.00020840900117717674 0.0005200218377014664
19.40027335882143 0.0001906335479731675 0.000969233725497369 0.000987803201176402
19.427482718370968 -6.136284942862434e-05 -3.2686113682330766e-05 6.952540052135098e-05
19.45469207792051 0.0001362591417074633 0.0003040304416815048 0.00033316822052516573
19.481901437470047 0.0010013830663199751 -0.0004381790154055162 0.001093054845400789
19.509110797019588 0.0007807109221992847 0.0012333951029498116 0.0014597167615745987
19.536320156569126 0.0002884705430670421 0.00018833807086960445 0.00034450904655216
19.563529516118667 0.0002553191728303457 0.00014972449560437487 0.0002959819328924595
19.590738875668205 0.0026558228934401747 -0.0004575515049109073 0.0026949487232537797
19.617948235217742 0.0012391477083188004 0.004103879521779338 0.00428687697191225
19.64515759476728 -0.002046610260647916 0.00063366562497116 0.002142462527854203
19.67236695431682 0.0007577723588228823 -1.166288284823093e-05 0.0007578621052885061
19.699576313866363 0.0007816971598959867 0.0013787413080610634 0.0015849220940927615
19.7267856734159 -0.0009617376516622314 0.0017931202770018588 0.002034752967418897
19.75399503296544 -0.0005775472732216607 -9.76369488294716e-05 0.0005857421161078521
19.78120439251498 -0.0010002381827546563 0.0006879945173484256 0.0012140069514388419
19.808413752064517 -3.8099334038092775e-05 -0.0018647020911858032 0.0018650912707229247
19.835623111614055 0.0015220080911083516 0.0001548325984404418 0.0015298633151164542
19.862832471163596 0.0018255419084849574 0.0001897461981137042 0.0018353764952547217
19.890041830713134 0.000549660024795522 0.002947788200486401 0.0029985965746970812
19.917251190262675 -0.0008536735021171217 0.00033387282645888725 0.0009166403397541249
19.944460549812213 -0.0005546262635900805 0.0013584400851878184 0.001467300159241108
19.971669909361754 -0.00045803288961834566 -0.0013339759136071284 0.0014104204571886018
19.998879268911292 0.0008395808877361339 0.0012765120002340205 0.0015278674529530546
20.026088628460833 -0.0005749154826778234 -0.0010466289888304918 0.0011941356926593446
20.05329798801037 0.001638874356512341 0.00091735466446316 0.0018781503499044096
20.08050734755991 -0.0003170758312464686 -0.00013903911701595607 0.0003462209681998128
20.107716707109446 0.001587249393996786 0.0008247573490245689 0.0017887384726429961
20.134926066658988 0.00019692660189614945 0.0006661052433120328 0.0006946051264582971
20.16213542620853 0.0007630543738145793 0.0017115601252381345 0.0018739503834687668
20.189344785758067 -0.0006965011748641854 0.0006190409879214397 0.0009318399172142942
20.216554145307608 -0.00011099512800276501 0.0016099931495262207 0.00161381469195249
20.243763504857146 -0.0021556170906017087 -0.0006889178559710628 0.0022630273647417393
20.270972864406684 0.0008151081652461625 -0.0014258151362620379 0.00164236114294174
20.29818222395622 0.001518834197697574 -0.0008944086227703845 0.0017626185363207915
20.325391583505763 0.0022818697696907844 0.0015274737556728183 0.0027459252939761305
20.3526009430553 0.00030050516003878903 0.00096619764389639 0.001011850403113461
20.37981030260484 0.0014491298884098697 0.0022330730092622723 0.0026620654571551136
20.40701966215438 -0.0016962381483647372 0.0019715111415534348 0.002600784504190449
20.43422902170392 -0.0008531791939601083 -4.0748437970970556e-05 0.0008541517266876501
20.46143838125346 4.8543293377226225e-05 -0.00034010838273700397 0.0003435551823796111
20.488647740802996 0.0007716411120495929 0.0008631446913333297 0.001157777510570162
20.515857100352534 -4.721405585216186e-05 0.0010204505523763409 0.001021542214945222
20.543066459902075 -0.0009987181323610171 0.0013890822351784705 0.0017108440501679555
20.570275819451613 -0.0007728619325695277 -0.0009349872522603105 0.001213060892414058
20.597485179001154 -2.5539984094218686e-05 0.0011815533310042 0.001181829329808096
20.624694538550695 -0.0017374057285342672 -0.001998628149716415 0.002648224527184685
20.651903898100233 0.0030526415092808224 -0.0010030433484693186 0.0032132096326092452
20.67911325764977 0.0009722166853530788 0.0019359011679268446 0.0021663145236228854
20.70632261719931 -6.324551964808072e-05 0.0011739465784042745 0.001175648997236275
20.73353197674885 0.00022787218654780016 0.0010232155341329016 0.0010482822915097605
20.760741336298388 -0.0016593907517905787 0.0021844347520263365 0.002743234013530101
20.78795069584793 -0.0019985048513918888 -0.0019415691226897778 0.0027863438946438878
20.815160055397467 0.0008015597490234381 4.126090800415656e-05 0.0008026210150400029
20.842369414947008 -0.0012693113515404426 -0.001021615088915006 0.0016293706444662124
20.869578774496546 0.0007492333951467478 -0.001073364730642115 0.0013089929432160978
20.896788134046083 0.0009440568788356816 -0.0016683053338191359 0.0019168949051333896
20.92399749359562 0.002593023096713901 0.0009312371406172903 0.002755171753658348
20.951206853145163 0.00020766980637116231 0.0007354010104079601 0.0007641605816759229
20.9784162126947 0.0004659348657765716 0.0018849571832529638 0.0019416896976198795
21.00562557224424 -0.0021385902672278914 -0.0007977579237039728 0.002282539383212114
21.03283493179378 0.0011722518749775566 -0.0008402181753204149 0.0014422694063617812
21.06004429134332 -0.0003917708876973924 -0.0014033567673965425 0.0014570156639668898
21.087253650892862 0.003082647301605202 -0.0008710421140408034 0.0032033464924242127
21.1144630104424 0.0009637174700727145 0.0006451028404399879 0.0011597021328199296
21.141672369991937 0.00238739439732688 0.0005307840445256472 0.0024456867563755545
21.168881729541475 0.0003993850767299577 0.0016260861551602862 0.001674414710732845
21.196091089091016 0.0007341561429514247 0.0006986699653458325 0.001013471737499206
21.223300448640554 -9.840676040439785e-05 0.0003471290337804473 0.0003608080605898869
21.250509808190095 0.0014724571645438308 -0.0003370848407041452 0.001510548341248633
21.277719167739633 0.0020569048372097933 0.0009203821900464165 0.0022534331330420444
21.304928527289174 0.0007534936801359398 0.002798196105942011 0.0028978706274286705
21.332137886838712 -0.0008288191303905035 -0.00015698102868795782 0.0008435544998808315
21.35934724638825 0.0023394060021910083 0.0014464903253075237 0.002750482631156863
21.386556605937788 -0.0010996624471048136 0.0017322911190068909 0.002051850388932559
21.41376596548733 0.00065085279126299 0.0006774489334212692 0.0009394394143788308
21.440975325036867 -0.0010842390556717028 0.0003490972847668098 0.0011390536616311916
21.468184684586408 0.002290095092403528 -0.0005481171934738051 0.002354775571053922
21.495394044135946 0.0010795286352452288 0.002588385918596186 0.0028044827932974465
21.522603403685487 0.00018628899171089909 0.0018364330351661575 0.0018458574920838956
21.549812763235025 -0.0006733411611224433 0.0018534561561116337 0.001971975669700271
21.577022122784562 -0.0008057078329530594 0.0013895189756527057 0.0016062154574591977
21.604231482334104 -0.00159346385701064 -1.9397857258949764e-05 0.0015935819214792392
21.63144084188364 0.0009156570669889161 -0.00022990041975792913 0.0009440773630013678
21.658650201433183 -0.00018386912702622471 0.0012326301620790546 0.0012462684190576371
21.68585956098272 -0.00012185559351848995 0.00043314441613160584 0.00044995874355070953
21.713068920532262 -7.691641809398885e-05 0.00015330153053662437 0.00017151528980613033
21.7402782800818 0.0010117389680759819 0.001044792225020279 0.0014543749629948523
21.767487639631337 -0.0007732675387681672 0.0011070889273915921 0.0013504031174673898
21.794696999180875 0.0006624906067648316 0.0007710081888410168 0.0010165369798052306
21.821906358730416 -0.0011923179242553739 0.001672137029502874 0.0020536952738747145
21.849115718279954 -0.0006037767745078991 3.0831863064272085e-05 0.0006045634765805626
21.876325077829495 -0.0010423981833228174 0.00032848519071831717 0.0010929302325015807
21.903534437379033 0.0004389767093094719 -0.001168397396924217 0.0012481398272851721
21.930743796928574 0.0014966975300262151 0.0012811122486876656 0.001970114740344871
21.957953156478112 -0.000796247311596428 0.0019813522454883033 0.002135360976960589
21.985162516027653 -0.001378965427745465 -0.00022069973373690097 0.0013965149563784742
22.01237187557719 0.0005804467595476476 -9.135704444387026e-05 0.0005875921631870901
22.03958123512673 -0.00017095867925574648 0.0006379825874857115 0.0006604912201898165
22.06679059467627 0.000349404690123946 0.00044649800853306703 0.0005669604122904928
22.093999954225808 -0.00027189228821145734 0.0006652083581720017 0.0007186289558393486
22.12120931377535 0.0009600827543073522 0.00048450799883632676 0.0010754101059850488
22.148418673324887 8.052416577289368e-05 0.0028130965416399956 0.002814248797434286
22.175628032874428 -0.0026867830793597773 0.0018861878545233174 0.0032827591958724724
22.202837392423966 -0.002632722034636782 -0.0010935813403597722 0.002850814876424829
22.230046751973504 2.2412712547192108e-07 -0.0015508481912097063 0.0015508482074050273
22.25725611152304 0.0003350257100373055 -0.00023078959527263917 0.00040682436464905744
22.284465471072583 0.0006646900100015079 -2.7408555778616094e-05 0.0006652548671942762
22.31167483062212 0.00041005863978446465 0.0014401614242935618 0.0014974020889811613
22.33888419017166 -0.0014650618370109978 0.0010905770456874117 0.0018264075336151902
22.3660935497212 -0.000994271372913859 -0.00032248351587689435 0.0010452612979577561
22.39330290927074 -0.0008832880329858157 -4.930334176720428e-06 0.0008833017929400153
22.42051226882028 -0.000536919487489418 -0.0009269902029422311 0.0010712578458974189
22.447721628369816 -3.0505355815608557e-06 -0.00022303030176786524 0.00022305116290662866
22.474930987919358 0.00011390298263902167 -0.0006682367703486476 0.0006778748193435543
22.502140347468895 0.00046220602856066723 0.00046653655079395085 0.0006567273148457745
22.529349707018437 -0.0002631443792945018 0.00012194452679012961 0.0002900266056215486
22.556559066567974 -0.0005023363694657334 0.000586801822059206 0.0007724494847302431
22.583768426117516 -0.0008743903620969459 -0.0012824747321666535 0.0015521919803857891
22.610977785667053 0.0015893818089035773 -0.0003466328733153924 0.0016267417998368679
22.63818714521659 0.00012713542549902215 0.0013402201888389777 0.00134623681831556
22.66539650476613 -0.0009614476656096573 0.0004956611071878804 0.0010816938323227024
22.69260586431567 -0.00043006135448550017 -0.000317453920818818 0.0005345369589328164
22.719815223865208 -0.0007856837843359648 0.0002292623951798998 0.0008184499097758564
22.74702458341475 -0.00030473815666289027 -0.001546098596678832 0.0015758446036264332
22.774233942964287 0.0011788373360025223 0.0005553695881394233 0.0013031089149352316
22.801443302513828 -0.001236550968591315 0.0004910551870225154 0.0013304861873111786
22.828652662063366 -0.0006592230456086378 -0.0011036171810574764 0.001285513868531483
22.855862021612904 0.0007064491525393073 -0.0009961558138151592 0.0012212275834263028
22.883071381162445 8.56778781416567e-05 0.00026833415118310077 0.0002816805202601198
22.910280740711983 0.0006050442302186086 -0.001409016332141662 0.0015334293413009844
22.937490100261524 0.0016406973743386159 0.0014867812123533178 0.002214137811331632
22.96469945981106 -0.0013763360955085396 0.0008736440754928974 0.0016302009135206407
22.991908819360603 -0.0009582090725898972 -0.0005846488529419834 0.0011224878208871436
23.01911817891014 0.00037697017237703557 -0.0017317780668772394 0.0017723323006081676
23.046327538459682 0.0012408634359049498 0.0006686349492769061 0.0014095441681481174
23.07353689800922 -0.00031273645869076764 -0.00033730181942568234 0.00045997457536511497
23.100746257558757 0.0005585748738634208 0.00025545758268965705 0.0006142185818299373
23.127955617108295 0.0006689737556585167 -0.0009805188270772484 0.001186989071564184
23.155164976657836 0.0018129242307010033 0.0026568550385611188 0.003216453475831794
23.182374336207374 -0.0029611313721369576 0.0009151836514976512 0.003099332205334284
23.209583695756915 -0.0002477128210109979 -0.0008021180680362873 0.0008394968950290958
23.236793055306453 -0.0009572701030555929 -0.0009094406102521912 0.0013203970136969954
23.264002414855995 0.0013400189076552803 -4.002018388348143e-05 0.0013406163836055854
23.291211774405532 -0.0018238263274233388 0.000658721490118242 0.0019391380750596644
23.31842113395507 -0.0002940504663850817 -0.0017916404998060784 0.0018156104640937325
23.34563049350461 0.00020711285584264243 -0.000852081465734377 0.0008768914181946015
23.37283985305415 0.0007794874304319787 -0.0004701997458204949 0.000910323269597733
23.40004921260369 -0.00029525326581867484 -0.0003819388424365684 0.0004827543581764735
23.427258572153228 0.0008193748518999682 -0.0007540113780911291 0.0011135117000808652
23.45446793170277 1.6987400428506822e-05 4.658001645548861e-06 1.7614447270589266e-05
23.481677291252307 5.446583304829071e-05 -0.0007951921838111046 0.0007970552905312892
23.508886650801845 0.0006351320587634199 -0.0013487531395392496 0.0014908144631328348
23.536096010351383 0.0021005908945399194 -8.992254608501421e-05 0.002102514725398714
23.563305369900924 0.0005633758913045323 0.0012002224502399707 0.0013258681401116836
23.59051472945046 -0.000534290345825049 0.0005769956771801866 0.0007863778895203454
23.617724089000003 -0.00013740395306468205 -0.0009892247345633998 0.0009987218941175918
23.64493344854954 0.0006391856263267899 0.0007540499300252515 0.0009885087565994837
23.672142808099082 -0.0015187340731191805 -0.0011752949136509948 0.0019203831177416332
23.69935216764862 0.0018678667351362255 -0.0012689480007910502 0.002258130901639687
23.726561527198157 0.00015972160872486458 7.026741819344863e-05 0.000174494992344284
23.753770886747695 0.001662105261160503 -0.0005184807633661459 0.001741096264184771
23.780980246297236 0.00020797245540928944 0.0011584962360631954 0.0011770157480601353
23.808189605846778 -7.868046463383823e-05 -9.62646415098012e-07 7.868635334743356e-05
23.835398965396315 -0.0007244869625421019 -0.00040619708074215934 0.0008305886029177942
23.862608324945857 0.0009712536709854553 -0.001171016161419573 0.001521385074104697
23.889817684495394 -0.0002089365029063952 0.0002926441476121295 0.00035957622193129497
23.917027044044936 0.0003807226844679721 -0.0023538218273565182 0.0023844133361077473
23.94423640359447 0.0024555239774411174 -0.00021396453758749394 0.0024648283565257187
23.97144576314401 0.000604615941453653 2.3889495415555155e-05 0.0006050877164933172
23.99865512269355 0.00207743071172838 -0.0005669682539028393 0.0021534092418687904
24.02586448224309 0.001721446273209369 0.001666018031426707 0.0023956196176741717
24.053073841792628 -0.000269244942138405 0.0011141907391700883 0.0011462608089433666
24.08028320134217 0.00017173328207658911 -0.0004090218975856136 0.0004436115788359604
24.107492560891707 0.001615311908033722 0.0005228843441903456 0.0016978340901380533
24.13470192044125 -0.0005010493225605371 0.0015655774293781685 0.0016438014207977578
24.161911279990786 -5.221231583694615e-05 -0.0009192298301947562 0.0009207114676406162
24.189120639540324 0.0008440586800239116 0.0010237387557818437 0.0013268293392194287
24.21632999908986 -0.0011470329331532008 -0.00027141026673095577 0.001178706105280279
24.243539358639403 0.0010879522712163535 -0.0016697153550601826 0.001992884721043486
24.270748718188944 0.0026519272179975177 0.0009576573594401392 0.0028195435069609965
24.297958077738482 -0.0011859744168455034 0.002284401712607541 0.0025739126834405817
24.325167437288023 -0.00027589161607156 -0.0020154323529662883 0.0020342280484748525
24.35237679683756 0.0015967743689214255 0.001059631774343151 0.0019163788462728426
24.3795861563871 -0.0004032899120671277 -0.0002702403719905408 0.00048546123617514245
24.406795515936636 0.0009982551330535675 0.0004945668419843725 0.0011140510185167424
24.434004875486178 3.5509050461027204e-05 -0.0002144894895517361 0.000217408909184532
24.461214235035715 0.0005881557538405472 0.0008135096822707007 0.0010038551658102472
24.488423594585257 -0.00023475373097074482 -0.0011836997740108542 0.0012067536903602293
24.515632954134794 0.0022195731270500726 0.0007186972404417042 0.002333030344796518
24.542842313684336 -0.00036382874761496723 0.0005336319793780754 0.0006458594638201397
24.570051673233873 0.0012769296041196011 0.0004942492589656163 0.0013692448808978993
24.59726103278341 7.965825554114993e-06 0.0005829135420303246 0.0005829679681244053
24.62447039233295 0.0009491146094541303 0.0013320530451178584 0.0016355989291042673
24.65167975188249 -0.0013185993133406353 0.0009583802607586154 0.0016300910629023604
24.678889111432028 -0.0005414077402520253 0.0001807599918612188 0.0005707858756683388
24.70609847098157 -0.0011644276391469595 -0.001184074793058449 0.0016607001060895282
24.73330783053111 0.0011759370616380431 -0.0008186161033551456 0.001432815514156054
24.760517190080648 0.00045382797505081447 -0.0009577952856937274 0.0010598734076463338
24.787726549630186 0.0027046359396479228 0.0008566136906965537 0.0028370482162141646
24.814935909179724 -0.0010115834243760366 0.001374202748007401 0.0017063804432492307
24.842145268729265 0.0011214248125986435 -0.00013275846710957784 0.001129255693322459
24.869354628278803 -0.000883764478997371 0.0013231909553493 0.0015911863368743737
24.896563987828344 0.0003869975142882777 -0.000900427591711347 0.0009800698566839008
24.92377334737788 0.0001012010702055567 0.0012972139918683472 0.0013011555623021263
24.950982706927423 -0.0010008597215477712 -0.0006349976879051352 0.0011853025967496864
24.97819206647696 0.0008985280193205941 -0.0007898301354142752 0.0011963211292594987
25.005401426026502 0.000456075613591635 0.0007029668332146404 0.0008379542552626643
25.03261078557604 -0.0001802355416640618 -0.0007279609304428635 0.000749941308857018
25.059820145125578 0.0016110990715534049 0.00015993276680512244 0.0016190178220940575
25.087029504675115 0.00031792265729195155 0.0009538249355496049 0.001005413757462958
25.114238864224657 9.251224367534716e-05 0.0013428805777277106 0.001346063431368729
25.141448223774198 -0.0016631551536829086 6.35692760709139e-05 0.0016643695857838183
25.168657583323736 0.00022814624694622666 -0.0005636927446616038 0.0006081120130204474
25.195866942873273 -0.0010780737534428686 -0.00023691960681628584 0.0011037997635243353
25.223076302422815 0.0003231694514315739 -0.001825964830890053 0.0018543424867013979
25.250285661972352 0.001413743168287714 -0.0008503397750192995 0.0016497719475309478
25.27749502152189 0.0015336291961722877 0.0008333127178478538 0.0017454021304785423
25.304704381071428 -0.0008127920989583784 0.00021717808984456392 0.0008413069112028618
25.331913740620973 0.0014353583337459585 -0.0008619749017984969 0.00167429217210871
25.35912310017051 0.00016563619021134557 0.0013386966599110278 0.0013489047760181854
25.386332459720048 -0.00038749676885524984 -0.0010249135645232074 0.001095719654207647
25.413541819269586 0.001653333416384658 -0.00035441335554920405 0.001690893317842912
25.440751178819127 0.000693334691278338 0.0015062647627202648 0.0016581756630534546
25.467960538368665 -0.001594265881060477 0.0001894255842029733 0.0016054799131300825
25.495169897918203 0.00045346198269238125 -0.002326326311198393 0.0023701100978480365
25.52237925746774 0.0023579939018541778 0.00032450435921120465 0.0023802181245273645
25.549588617017285 -0.0003527666519325373 0.0004780008882793221 0.0005940784122584433
25.576797976566823 0.0020962889483649156 -0.001169674559297579 0.002400534509167671
25.60400733611636 0.0013360520890542274 0.0029470715428142357 0.0032357790195147204
25.631216695665902 -0.0016834324442399128 0.00010758524085876584 0.0016868667340279747
25.65842605521544 0.0006536206336323456 -0.00018705352042132597 0.0006798595091722704
25.685635414764977 -0.00032169129814550485 -0.00020471828062952965 0.0003813067868874759
25.712844774314515 0.0007065662119018643 -0.0005191489542691324 0.0008767847218787996
25.74005413386406 0.0010098454730108801 -0.0007151318540834441 0.001237417248984914
25.767263493413598 0.0021335436781882537 0.0012300668294525365 0.0024627368985858963
25.794472852963136 -0.0010435292797803708 0.0014263287923758571 0.0017673050618722593
25.821682212512673 0.00011511811275306412 -0.0014034071520371597 0.0014081206675114453
25.848891572062218 0.0023770342063662163 0.0003966391219085814 0.0024098992118475574
25.876100931611752 -6.265628070130186e-05 0.0024094135263133193 0.0024102280701819288
25.90331029116129 -0.0008151063909844879 -0.0005052307231394583 0.0009589872325676587
25.930519650710828 0.0009597985901760747 0.0007875025030173914 0.0012415206506388194
25.957729010260373 -0.000941511077507836 0.000493190958571814 0.001062864257883833
25.98493836980991 -0.0003005360889976125 -0.0005008229803069818 0.0005840767059158825
26.012147729359448 0.0007290292700814909 -0.0011778559684939556 0.0013852178020630494
26.039357088908986 0.0013451701701303529 0.0010062514658384747 0.001679888329357223
26.06656644845853 -0.0003398918316873197 -0.0003814191065534392 0.0005108884340947494
26.09377580800807 0.0019444503900650438 0.0004380385989912317 0.0019931796541281226
26.120985167557606 -0.00015484778068732753 0.0013814630167066093 0.0013901143484303428
26.148194527107147 -2.1391172260796463e-05 0.0003915357638174035 0.00039211967127239186
26.175403886656685 7.606615931602255e-05 0.00042225619762556324 0.0004290528604103336
26.202613246206223 -0.000912166341791818 0.0007172578086612004 0.0011603905373551333
26.22982260575576 1.3531068480920583e-05 -0.002278625217595873 0.002278665392741566
26.257031965305305 0.002570406058731517 0.0013511369354487004 0.0029038867617552505
26.284241324854843 -0.001346188824207305 0.000555947914989616 0.0014564691670618873
26.31145068440438 0.0012339650184076394 -0.0003134121169888167 0.0012731444622387426
26.33866004395392 0.00025563608915807047 0.0005140350355259327 0.0005740921771180826
26.36586940350346 0.000712285065251265 0.0011639890628370347 0.001364632020943462
26.393078763052998 -0.0009073555173517472 -0.00016548325715090402 0.000922322472493178
26.420288122602535 0.0016103382319262245 0.0009955982992233886 0.001893252543803859
26.447497482152073 -0.0023722209588796094 0.000909233373196504 0.0025404994793705405
26.474706841701618 0.0008143347740239791 -0.0017645683301470243 0.0019434100226001056
26.501916201251156 0.00025076131240138005 0.0008364048046338945 0.0008731862533342619
26.529125560800694 0.00024737125854491386 -0.0008309023073444922 0.0008669435874983421
26.556334920350235 0.0016034535210123083 0.0001528591242404966 0.0016107231624057376
26.583544279899773 0.0005474487450146957 0.0022585245927046298 0.002323926303536706
26.61075363944931 -0.0022048834438376736 -0.00018899969998034948 0.00221296902090882
26.637962998998848 0.0016293699609079319 -0.001599682770912934 0.0022833815793828235
26.665172358548393 0.0016471834245224257 0.0016038378064444246 0.0022990234760440985
26.69238171809793 -0.0006688574060821151 0.002356119131909308 0.002449217751327955
26.71959107764747 -0.0020564286575310993 -0.0009020087613417975 0.0022455553052758517
26.746800437197006 0.0018045466949674217 -0.00026320418042736685 0.0018236406485139243
26.774009796746547 -0.0010764668144282378 0.001347081938931091 0.001724358011771229
26.801219156296085 -1.609492241281117e-05 -0.0005575215297207944 0.0005577538010894136
26.828428515845623 -0.0005043315916520841 3.4689108759674416e-05 0.0005055231830538191
26.85563787539516 0.0010041808947428407 -0.0005073170604540869 0.0011250554960508872
26.882847234944705 0.0002264840628735331 0.0011262159285294296 0.0011487633996646602
26.910056594494243 -0.0003184250286103299 0.0009869263681705287 0.001037023700325002
26.93726595404378 -0.0018206143912522258 -0.0002840347591612709 0.0018426373777948048
26.96447531359332 0.0009333268360763958 -0.0009352960319285747 0.0013213166351339534
26.99168467314286 -0.0009773972848379586 0.0006135710300720506 0.0011540255029037663
27.018894032692398 0.0004910773958082509 -0.0014867517985449493 0.001565754744252897
27.046103392241935 0.00014722493593293909 0.0004862933539769844 0.0005080909444997447
27.07331275179148 0.0007593812878259493 -0.0009108013644087111 0.0011858410794490834
27.100522111341018 0.00030659063289627405 0.0012735954033219444 0.0013099782698741702
27.127731470890556 -0.0003058755374980105 -0.0007699299073788395 0.0008284635820095445
27.154940830440093 0.0007112896560784637 0.0006174030480590874 0.0009418702132443042
27.182150189989635 -0.00032145200819151063 -0.00019220623247874103 0.00037453254781664416
27.209359549539172 0.0005784141669793514 0.0004895718961332638 0.0007577886183137987
27.23656890908871 -0.000764184442168575 8.322682151074477e-05 0.0007687031712379477
27.263778268638248 0.0004965256895636907 -0.0004992169890560107 0.0007040989721330714
27.290987628187793 0.0001875168977555794 0.0006118591831232039 0.0006399486283414246
