0.0 0.36640684650772504 0.0 0.36640684650772504
0.0342373587998783 -0.01442079041369763 0.24721139989314092 0.24763165272897208
0.0684747175997566 -0.03589808784590161 -0.012414300532779875 0.037984043606628395
0.10271207639963491 0.002709059186774945 0.04164044015444223 0.041728470591828964
0.1369494351995132 0.016346407141173126 0.0021159164061494455 0.016482782794868353
0.1711867939993915 -0.008326668338483804 0.04630825969642674 0.04705091201805561
0.20542415279926982 0.005942866847700441 -0.009226175555707854 0.010974515103376464
0.23966151159914809 0.0068345410727598584 0.04293455124745631 0.043475126710519126
0.2738988703990264 -0.013602415797553467 0.009980816051745113 0.0168713486298015
0.3081362291989047 -0.012218727191544725 0.014344796492397244 0.018843313949241696
0.342373587998783 0.006223287487012691 -0.0009731256389832091 0.006298911069006706
0.3766109467986613 -0.016242778117465054 0.027801347315622293 0.032198489926346864
0.41084830559853963 -0.009713386379770214 -0.019286469357612905 0.02159439221753757
0.4450856643984179 0.007819297339933489 0.013677628417786232 0.015754965249892634
0.47932302319829617 -0.008391723766396488 0.001710208257442515 0.00856421858988479
0.5135603819981744 -0.007206315835928732 0.0007688821110665457 0.007247217923305147
0.5477977407980528 0.01062119449541909 -0.008168545026450633 0.01339906341348798
0.5820350995979311 -0.0027322434462183818 0.018743244171317175 0.018941339876445345
0.6162724583978094 -0.0032883928999891134 -0.009761848813206232 0.010300835894071643
0.6505098171976877 0.002875040133721429 0.010820470367215123 0.011195911518866586
0.684747175997566 -0.001371189842335319 -0.0028533452310254928 0.0031657132831542844
0.7189845347974443 -0.006623803987412192 0.01021302725395571 0.012172949722795201
0.7532218935973226 -0.0006314922630002692 -0.018498123561272325 0.018508899420719958
0.7874592523972009 0.01374923617996808 0.014639692371187757 0.020083876325439676
0.8216966111970793 -0.014374795586431417 -0.001666564289108891 0.014471080978331273
0.8559339699969575 0.008532085156904698 -0.008575000669798051 0.012096574457742593
0.8901713287968358 0.012887099253023898 0.006090410477294117 0.014253786407099801
0.9244086875967141 -0.008394867176723286 0.017962073334358362 0.019826998597460326
0.9586460463965923 -0.011375151885012385 -0.01597662315116833 0.01961240851403898
0.9928834051964707 0.015864189202156386 -0.0026790798588256118 0.016088814994640852
1.0271207639963489 0.0030364260472836076 0.007872688067462007 0.008437955946091508
1.0613581227962272 -0.00681971713073662 0.004360997738209472 0.008094865225309847
1.0955954815961055 0.0012509773645727992 -0.01601999139800894 0.01606876064788302
1.1298328403959839 0.020540307699268737 0.004384246833038248 0.02100299646892425
1.1640701991958622 0.0021404875253962863 0.012241812531026087 0.012427536396694416
1.1983075579957405 -0.0014222069688745488 0.008638900698877428 0.008755185774578416
1.2325449167956188 -0.00832236911666193 0.0037173381750264006 0.009114846725067672
1.2667822755954972 -0.0094250618236372 -0.010273106355145719 0.013941610544105682
1.3010196343953755 0.019994096457602382 -0.017604553011428912 0.02663989827097917
1.3352569931952536 0.013411596978829855 0.027767480681143392 0.03083672999687596
1.369494351995132 -0.026281527938824607 -0.012641541386643553 0.029163800839901513
1.4037317107950102 0.04417458644397965 -0.018771171322381045 0.04799740576646629
1.4379690695948886 0.00360187823195067 0.058397064684499365 0.0585080395378567
1.472206428394767 -0.056658284865546256 -0.024049845214550464 0.061551249367898485
1.5064437871946452 0.049567165021382815 -0.05706462296303443 0.07558620933854451
1.5406811459945233 0.06275603413195176 0.04739031336430012 0.07863944061816092
1.5749185047944019 -0.020335284281120088 0.05822461354004475 0.06167357139554618
1.60915586359428 -0.03729320433446527 0.0004164632597956297 0.03729552964068132
1.6433932223941585 -0.003741301384080395 -0.014749649117435515 0.015216750150212368
1.6776305811940366 0.0037283185664715337 -0.012113565241637786 0.012674337150183101
1.711867939993915 0.033393475101910125 -0.002118369154614648 0.033460598728311995
1.746105298793793 0.013403675510598685 0.038369606517439384 0.04064339087104507
1.7803426575936716 -0.010926731054531505 0.02442954997903935 0.02676184529729676
1.8145800163935502 -0.02193732539427105 0.014462275812688807 0.026275533622296107
1.8488173751934283 0.0010697245627633554 -0.007694521668372107 0.007768524592561134
1.8830547339933066 -0.0030903005353819448 0.041598194603727094 0.04171282478673114
1.9172920927931847 -0.05847318386291578 -0.004755958272744482 0.058666279668634524
1.9515294515930632 0.007325113076717889 -0.03656625761086798 0.037292740275435166
1.9857668103929413 0.005941401674114484 0.015868161082850458 0.01694398979002467
2.02000416919282 -0.018822024356282437 -0.004658583148226299 0.019389971578561618
2.0542415279926978 -0.002637764920275345 -0.007544051320134692 0.007991903033412079
2.0884788867925765 -0.00413615038689556 -0.009883378214252525 0.01071395841642937
2.1227162455924544 0.006067746311869104 0.003272728910367661 0.006894077155497856
2.1569536043923327 -0.023283903905694753 -0.006571239322500953 0.024193415784531342
2.191190963192211 0.01637387952667228 -0.02795103158846402 0.03239388981912007
2.2254283219920894 0.006685375256537619 0.013723175092562866 0.015264985323997638
2.2596656807919677 -0.004444630641883002 -0.018262698817740553 0.018795768397441685
2.293903039591846 0.02379201200554448 -0.003483901113276304 0.024045735635223567
2.3281403983917244 0.010977101090749147 0.016006496138713015 0.01940888113712794
2.3623777571916027 -0.013733656293034122 0.010019379498691344 0.01700003766801686
2.396615115991481 0.004295519430910363 -0.016759001823675665 0.017300740715567434
2.4308524747913594 0.011673269332303251 0.013509212158904231 0.017853963987271217
2.4650898335912377 -0.006409845023087618 0.0011092328007192877 0.006505114190096332
2.499327192391116 -0.0020968684001812484 8.5196286156688e-05 0.0020985984596519555
2.5335645511909943 0.010289296991088723 -0.014923657038904931 0.01812691843600793
2.567801909990872 0.01788432280489988 0.022758832082030302 0.028945007167522237
2.602039268790751 -0.014482488355507224 0.0005601850965971186 0.01449331833328213
2.636276627590629 0.018286304570881217 0.0066581961550865884 0.019460742814667715
2.670513986390507 -0.014014725530833943 0.01772988258961696 0.022600028060739467
2.7047513451903855 -0.002755547497981872 -0.004169480595567177 0.004997760543528009
2.738988703990264 -0.0016222318874504302 0.00885202573826558 0.008999444203259292
2.7732260627901426 -0.01383198903992329 0.005112776358179081 0.014746674299289076
2.8074634215900205 -0.00922924846143321 -0.020444071452501187 0.022430762018215995
2.841700780389899 0.027368915909891763 -0.0014100979474810941 0.02740521728255802
2.875938139189777 -0.006827090817765189 0.024492006622189148 0.025425726290813615
2.9101754979896555 -0.011725665816173956 -0.0052970897520635005 0.012866638981257172
2.944412856789534 0.0016583765139939245 -0.0005152080900897772 0.0017365632836901157
2.978650215589412 -0.0035899337809233963 0.005402038173197437 0.0064861113909720405
3.0128875743892904 -0.01137853042901632 -0.0058911777772841754 0.01281315458142987
3.0471249331891688 0.008902006659642287 -0.010911165210261344 0.014081876608390413
3.0813622919890467 0.007640104483216652 0.007094780301505567 0.01042626990064513
3.1155996507889254 0.0012138083458848857 0.010322653475822296 0.01039377243749573
3.1498370095888037 -0.017217361567856033 0.008382437625156268 0.01914948563011345
3.184074368388682 -0.009310061521782804 -0.01861691369756032 0.020815059960561964
3.21831172718856 0.011202814240537073 -0.009576564710841876 0.014738169444300816
3.2525490859884387 0.015435038682175141 0.0011604560834552343 0.015478600629316308
3.286786444788317 0.005017701989641947 0.022805242035389278 0.023350725846310278
3.321023803588195 -0.02325838051476288 0.0058195010752472385 0.023975380225020528
3.3552611623880733 -0.0019991621308797876 -0.016294328186463092 0.016416509381525335
3.389498521187952 0.008774280829727001 0.004898435725331199 0.010049013714495356
3.42373587998783 -0.010884755827247225 0.004700937638137828 0.011856505560090345
3.4579732387877082 -0.0020219572745868906 -0.011949687810351248 0.012119544132726779
3.492210597587586 0.009818638772761124 0.0009549756577923245 0.009864970646532302
3.526447956387465 -0.0018187489088930288 0.01062691437335466 0.010781426468339494
3.560685315187343 -0.015274844650968384 0.0012051732900825545 0.015322314504354291
3.594922673987221 -0.004317060288789742 -0.01594412808235263 0.01651823930821657
3.6291600327871003 0.007242287313222963 -0.0015830280855017077 0.007413278859368336
3.663397391586978 -0.006877475297794613 -0.0032775124402917868 0.007618513914671451
3.6976347503868565 0.004035562600965782 -0.01319638956111027 0.013799654450561211
3.7318721091867344 0.010508516153294284 -0.002532446230723421 0.010809356856703
3.766109467986613 0.0017538330173613615 0.001854022172431152 0.002552122345941351
3.8003468267864915 0.003327194425204819 -0.010624189834634612 0.011132997457354755
3.8345841855863694 0.019568162355733908 0.0015990445950316795 0.019633387929678912
3.8688215443862477 0.00044411500046100745 0.012660397990769276 0.01266818516672018
3.9030589031861265 -0.00020898601256552252 -0.003086427539842688 0.0030934948055795124
3.9372962619860044 0.007789345222246488 -0.0004946507699858494 0.007805035449988795
3.9715336207858827 0.011868418667051336 0.005697192109970611 0.013165005111822935
4.005770979585761 0.0015885626688725354 0.015591019650883406 0.015671739696254783
4.04000833838564 -0.004576624238423447 0.004099369651189889 0.006144128982762464
4.074245697185518 0.0018299959303257748 0.007277569537084392 0.00750412576334563
4.1084830559853955 -0.0073178862527337 0.007339264484502831 0.010364181703416507
4.142720414785274 -0.002881682061940654 -0.0005769805379447397 0.00293887700444873
4.176957773585153 -0.002586868417870591 0.008805182265194085 0.00917731567151663
4.211195132385031 -0.016398189435065918 -0.0028508175606520372 0.016644151450657663
4.245432491184909 0.006582982856556399 -0.01400039330892564 0.015470833076933034
4.279669849984788 0.006396081812298293 0.012564630590853236 0.014098929194595523
4.3139072087846655 -0.014131505819447823 0.0009538300764666185 0.014163659433206518
4.348144567584544 0.0006688882144742641 -0.010446185169719825 0.010467578327556808
4.382381926384422 0.007309141559944399 0.0009651642281740069 0.00737259061189845
4.416619285184301 -0.000739859827547402 0.008273933154662218 0.008306946635932913
4.450856643984179 -0.010774547131944142 0.0010208302178168023 0.010822798170163465
4.485094002784057 -0.002760644555191726 -0.01052202249603454 0.010878148545003725
4.5193313615839354 0.006141072596284544 -0.0006487131709481815 0.006175241000236237
4.553568720383814 -0.0052764353415867245 -6.183549583093209e-05 0.00527679765980183
4.587806079183692 0.004042843851777341 -0.009234422051420792 0.01008063177750385
4.62204343798357 0.007206418023542366 0.0035596773441153714 0.008037646640917011
4.656280796783449 -0.00034911893009941723 0.003423161423321806 0.003440918214295762
4.6905181555833275 -0.0047809281633390205 0.002451312026853088 0.005372727869155743
4.724755514383205 -0.004195095049305174 -0.010328148893321239 0.011147622259267556
4.758992873183083 0.0120052030041754 -0.005717130522432826 0.013297010212149012
4.793230231982962 0.006130150185473012 0.006305873439903544 0.00879447446619386
4.82746759078284 0.0006392882844207182 0.004379568138857854 0.004425980862305714
4.861704949582719 -0.0024622033230885833 0.0020214609617552766 0.0031857102228748037
4.895942308382597 0.0007298967339113077 -0.002639552051876069 0.0027386099168624873
4.930179667182475 0.002880632590657066 0.001881180935945919 0.003440477559310917
4.964417025982353 -0.0003477444774961943 3.533920476958125e-05 0.0003495355218326853
4.998654384782232 0.003917779864813897 0.0002163270853309439 0.003923747759093209
5.032891743582111 0.0018245410200615402 0.004372607761127504 0.004738000481907921
5.067129102381989 -0.0016358325340354155 0.004155587730994753 0.00446596657728233
5.1013664611818665 -0.0047889581779772365 -9.682017891575873e-05 0.004789936803075833
5.135603819981744 0.0009099245123887087 -0.004182974734105291 0.004280799019389846
5.169841178781623 0.0029078311388715246 0.0015176870975813009 0.0032800695203540455
5.204078537581502 -0.0013240090401277925 0.0005618746184639939 0.001438298656473744
5.23831589638138 0.002315475510738246 -0.0015244226528766294 0.0027722357882099353
5.272553255181258 0.0006349752270635765 0.0038267841975857036 0.003879106963448688
5.3067906139811365 -0.003102690502499552 -0.002927910876609504 0.004266069673091282
5.341027972781014 0.005307970392878377 -0.0014603010578591391 0.005505182001646989
5.375265331580893 0.0006848028884453215 0.002015784548116471 0.002128929858038583
5.409502690380771 0.0030031984580213876 0.0013900500121056783 0.003309295999818849
5.44374004918065 -0.0031363310959510175 0.001853769622069946 0.003643217610181783
5.477977407980528 0.004309338934528978 -0.004864025885821227 0.006498395945968999
5.5122147667804064 0.00516928767564768 0.006258044709563088 0.008116936531752206
5.546452125580285 -0.0011562220537074213 0.0034494019447679353 0.0036380246307643684
5.580689484380163 -0.0010232063677783761 0.0038335822930165102 0.003967783319234046
5.614926843180041 -0.004055116962378799 -0.00012096736965798903 0.004056920837666694
5.649164201979919 0.0014565594559877958 -0.0034265595978522382 0.0037232883485516883
5.683401560779798 0.004908240662530064 0.003444239867749785 0.005996133309718073
5.717638919579676 -0.0040661163133743575 0.004563060934024841 0.006111859533849967
5.751876278379554 0.00011849716887867854 -0.003120762354225723 0.003123011247271572
5.786113637179432 0.0022877579388886587 0.004110310582140364 0.004704092842260147
5.820350995979311 -0.0025262670438186297 0.002890643475887962 0.003838990086126527
5.854588354779189 -0.003969658812224109 0.0018566042436688641 0.004382370409159609
5.888825713579068 -0.003661272908647269 -0.0034598474556802204 0.005037406448577614
5.923063072378946 0.0013492335312085169 -0.0023422556100458057 0.0027030709322044166
5.957300431178824 0.00045170410030356074 3.075891776574476e-05 0.0004527501576511809
5.991537789978702 -0.0005786232469716965 -0.0008836237826100266 0.0010562177101005835
6.025775148778581 0.0012808213668678938 -0.0007482578773426335 0.0014833722475598105
6.06001250757846 -0.0012580451869905922 7.245407916054763e-05 0.001260129868742582
6.0942498663783375 0.001448225390765263 -0.0031366331440420645 0.003454826227577938
6.128487225178215 0.001887161392168376 0.0008149463990092569 0.002055605933380481
6.162724583978093 0.0010538572348706746 -0.0007150940005087566 0.0012735676272004096
6.196961942777972 0.0003885065127695839 0.0007598064485932624 0.0008533716363860992
6.231199301577851 0.0012189904056923682 -0.002544883320598136 0.002821766950800268
6.265436660377729 0.0032692634220021963 0.0007892695824412426 0.0033631874458924355
6.2996740191776075 0.00209774491068957 0.00017837821196061123 0.0021053152962979813
6.3339113779774845 0.0026673756835960856 0.0026005306598428776 0.0037252721712946715
6.368148736777364 0.00047757929740053606 0.002347376506825764 0.0023954662281282773
6.402386095577243 -0.0013359572562652933 0.002192983198247311 0.002567870148267411
6.43662345437712 -1.4763100314157713e-05 -0.002383843484748356 0.002383889198118921
6.470860813176999 0.003708348792616433 0.0019269438442039322 0.004179110353462228
6.5050981719768775 -0.00039844969199877924 0.0027182492866559805 0.002747297097414051
6.539335530776755 -0.0007849332572100725 0.0014840711157824813 0.0016788648828819645
6.573572889576634 -0.00017879036327686558 -0.0005037875706137067 0.0005345726426834187
6.607810248376511 0.001197838973112765 0.002449698584826408 0.0027268739175122032
6.64204760717639 -0.0031491170590441805 0.0009629533087466199 0.0032930559251839516
6.676284965976269 -0.0006299720667154562 -0.0024230069515958517 0.0025035629595285924
6.7105223247761465 0.002071279222144731 -0.0017701818119700318 0.0027246543383552323
6.744759683576025 0.002871835021222247 0.0017209226734476368 0.0033479861464923576
6.778997042375904 -0.0008813115278725319 0.0015258936128070993 0.001762118420188189
6.813234401175781 0.00112899669251899 -0.000695656674343218 0.0013261115112527622
6.84747175997566 0.0012405851786738533 0.002004856335114699 0.0023576472403637446
6.881709118775539 -0.0009228375776824478 0.0007742824534565531 0.0012046337669655068
6.9159464775754165 0.0006528910183214284 -0.00020602526127439077 0.0006846262411622656
6.950183836375295 0.0004037038223453899 0.0008704414779766252 0.0009595025496362215
6.984421195175172 -2.4413202470121545e-05 0.00010596143723986828 0.00010873743898393824
7.018658553975051 0.000587173200338738 -0.0007389397945414289 0.0009438243412589892
7.05289591277493 0.0028432909132849416 3.907709472392423e-05 0.002843559430871945
7.087133271574808 0.0015948563038468938 0.0030742288066893052 0.0034633003603208494
7.121370630374686 -0.0011050588184491645 0.002278883568027787 0.0025326794721913233
7.155607989174565 -0.001495320868412666 -0.0002932962644024919 0.0015238133738167763
7.189845347974442 0.0012021859625207065 -0.0008294367127365205 0.0014605534392541078
7.224082706774322 0.0008901123571728539 0.0004163731995521402 0.0009826833923991495
7.258320065574201 0.002591827284433061 0.0003648791157444963 0.00261738522985023
7.292557424374078 0.0012736003449694696 0.003758369911741591 0.003968299665119917
7.326794783173956 -0.0016837340003627596 0.0024424587825061556 0.0029665746389091635
7.361032141973834 -0.0016788455354076323 -0.00021742943887312016 0.0016928667675416217
7.395269500773713 0.0012829124188625325 0.00041788191536827797 0.001349255190712111
7.429506859573592 -0.002125242952051112 0.0015086495171461683 0.002606277224477145
7.463744218373469 0.0009569022851125444 -0.00237517530474735 0.0025606873513834673
7.497981577173348 0.0013408859019097084 0.002486420807259237 0.0028249360050648735
7.532218935973226 -0.00039732459249596256 0.00013665411900730197 0.00042016803786550035
7.566456294773104 0.00013472491731470512 0.002312579295189254 0.002316500334531269
7.600693653572983 -0.002327076361872259 -0.0002503437215371417 0.0023405034443251082
7.63493101237286 -0.0002721210995392755 -0.000949839934172446 0.0009880515135169729
7.669168371172739 0.0001988830712430773 -0.0022658507058272354 0.0022745623528768913
7.7034057299726175 0.003913040427103811 -0.0009704319500799071 0.004031578295641133
7.737643088772495 0.002995241858013892 0.0031091372362214652 0.004317199108410147
7.771880447572374 -0.0002839752415319877 0.003163928174418076 0.003176646569997936
7.806117806372253 -0.00044576381188579043 0.0020944472163834243 0.002141358101346719
7.84035516517213 -0.00235691862189107 0.0016252595966059552 0.002862958984438417
7.874592523972009 -0.00045250251073929875 -0.0009577312664022061 0.0010592486492178041
7.9088298827718875 -0.0005115988167295828 0.0014526942359360522 0.0015401473606122694
7.943067241571765 -0.0011252186824526568 -0.000739146606786888 0.0013462744109820491
7.977304600371644 -0.00034805628781399265 0.0001671725875990619 0.0003861215527931883
8.011541959171522 -0.00014137943999373255 -0.0013836772140768871 0.0013908812957289048
8.0457793179714 0.0009572208491095904 0.0005187182864618095 0.0010887333992672225
8.08001667677128 -0.00044097355439623665 -0.00048068083435215354 0.000652312609252905
8.114254035571156 0.0011830848451521883 -0.00014928456039400796 0.001192466196921661
8.148491394371035 -0.00014228281739488155 0.000768642569845789 0.0007817005822595783
8.182728753170915 -0.0006400528522565806 -0.0014863106758069835 0.0016182666896094712
8.216966111970791 0.0029370892739060575 -0.0012650355713862422 0.003197938148208393
8.25120347077067 0.0011621464456475015 0.0017362231438871993 0.0020892714439489837
8.285440829570549 0.0013187001952096257 -0.00034209563612259443 0.0013623507731491283
8.319678188370426 0.0015042863582317646 0.0017496064475465 0.002307379502565295
8.353915547170306 0.0011742628180377343 0.0008790188393256796 0.0014668221724924212
8.388152905970182 0.00026877180839452814 0.002515854994057544 0.0025301708709318327
8.422390264770062 5.1157884613527305e-05 9.067408653780786e-05 0.0001041101298029968
8.45662762356994 0.0009474314858630428 0.002055528880718506 0.0022633659447540795
8.490864982369818 3.99335229968348e-06 0.0012380208289768909 0.0012380272694263311
8.525102341169697 -0.0007158116906726304 0.002647301871815532 0.002742370065658832
8.559339699969575 -0.0017782632163874895 -0.0003910456950622098 0.001820751713546761
8.593577058769453 0.0003287699534779781 0.0003665679608536032 0.0004924040538361567
8.627814417569331 4.724623104730538e-05 -5.065401672256027e-06 4.751699319482091e-05
8.66205177636921 0.0003055359702206585 0.0014304138000806642 0.001462681054967174
8.696289135169089 -0.00027560631790778887 7.720615722047493e-05 0.0002862160603171001
8.730526493968966 9.061731320739966e-05 0.001988118929357402 0.001990183000309808
8.764763852768844 -0.0015442614479580672 -0.000571908212174871 0.0016467611917951562
8.799001211568722 0.0016259889368407463 0.0010229007626818489 0.0019209804770022024
8.833238570368602 -0.0020245373472759904 0.0022120966301151655 0.002998686874530613
8.86747592916848 -0.002262895957934864 -0.0009136343889348816 0.0024403741338332448
8.901713287968358 0.00022552228248973855 -0.0018082718686192965 0.0018222808375053785
8.935950646768237 0.00037151342492812076 0.0005881541400430591 0.0006956633649629774
8.970188005568113 -0.0003147713217058495 -0.001653716475068966 0.0016834070110591122
9.004425364367993 0.0024854613131367717 0.0008048823048616828 0.002612537743991275
9.038662723167871 -0.0011632059182849392 0.0013452655112547306 0.001778422701189051
9.072900081967749 5.5121767379712674e-05 -0.00039374876854228084 0.00039758835743470384
9.107137440767628 -0.0001901106334324571 5.4705364482902985e-05 0.00019782499803436707
9.141374799567506 0.0004218130434645941 0.00014591469592454843 0.0004463376996441338
9.175612158367384 -0.0009628472692660152 -0.00022411774926934882 0.0009885866828308891
9.209849517167264 0.0012532065817181719 -0.0016748801520477025 0.002091829405134434
9.24408687596714 0.0017353832024624438 0.0008110980075062971 0.0019155768940894782
9.27832423476702 0.0007805196201735611 0.0008378869302706957 0.0011451049669765343
9.312561593566897 0.00018678245614937866 0.0013308657312395575 0.0013439089554404334
9.346798952366775 1.7276689098471115e-06 0.0002399641102371048 0.0002399703295029355
9.381036311166655 -0.0001134011039440669 0.0017933862686228725 0.0017969680350136458
9.415273669966531 -0.002487284506105419 -0.0013941286225512004 0.002851346845006511
9.44951102876641 0.002967862278379272 -0.0018431508495307192 0.0034936244156394966
9.483748387566289 0.00044590041626964153 0.0019581185799191795 0.0020082468857822596
9.517985746366167 0.0012025167251084549 -0.0008705436025359807 0.0014845513255128254
9.552223105166046 0.0012677339161208162 0.002621088888115774 0.002911572812327902
9.586460463965924 -0.0010774244302189234 0.0005944983371135448 0.0012305574654047416
9.620697822765802 0.00042952918016811534 4.3219921321462976e-05 0.0004316981332076
9.65493518156568 0.0012152126889594438 0.0013148684718011963 0.0017904248036555055
9.68917254036556 -0.0023018468050712516 0.0020184507369144416 0.003061477109397877
9.723409899165437 -0.00010245546782099732 -0.0031632832635402315 0.0031649420418516606
9.757647257965315 0.0027878985859943876 0.0019376333515973457 0.003395114361993108
9.791884616765193 -0.001191972547940291 0.0009885243174278535 0.0015485408878003425
9.826121975565071 0.0005575358368175265 0.0005707497805479618 0.0007978731235800377
9.86035933436495 -0.0003084520546290286 0.0004663293403831089 0.0005591115485366178
9.894596693164829 0.00037740459528464836 0.001123184620987025 0.0011848957428245476
9.928834051964706 -0.0011870097104748386 0.0003149837903221343 0.0012280907299248125
9.963071410764586 0.0007026572442812399 -0.0003553432570431168 0.0007873982685191253
9.997308769564464 0.0005826495710502763 0.0015880018034480864 0.0016915171445774488
10.031546128364342 -0.001932935676536478 0.0012809885778264042 0.0023188730163916363
10.065783487164222 -0.0007136571131324226 -0.0019379263456465704 0.002065154956964628
10.100020845964098 0.0014778501449318347 0.00037537213434400474 0.0015247771280147858
10.134258204763977 -0.0002530273719823626 0.0006522363305411012 0.000699596370666702
10.168495563563855 -0.0004036949775139674 0.0001764910685288722 0.0004405890740139453
10.202732922363733 0.0011189840062419342 -0.0012181308315204482 0.0016540761557213585
10.236970281163613 0.002001662671028768 0.003296395890931262 0.003856537218585934
10.271207639963489 -0.003662462091091951 0.0015200461899133237 0.003965371229551608
10.305444998763369 -0.00016081320836896671 -0.001992724527018301 0.0019992028232688726
10.339682357563246 0.000573464762344223 0.0008913872075023927 0.0010599212175201654
10.373919716363124 -0.0013201657335347617 0.0003106053289394481 0.0013562128278279033
10.408157075163004 0.000162980392401325 -0.0013628914655890196 0.0013726018196413246
10.442394433962882 0.0008555819917682657 0.0014280652714021183 0.0016647495199047088
10.47663179276276 -0.0020233282717657584 -0.00014308558883410915 0.0020283813204273536
10.510869151562638 0.000751997681020006 -0.0008887083564507595 0.001164174838709752
10.545106510362515 -0.000839989351911432 0.0005322010490601978 0.000994394322160662
10.579343869162395 -0.0003302149231966124 -0.0013345666399345267 0.0013748127188558728
10.613581227962273 0.00037074458732289133 -0.0006642076003656668 0.0007606729161819411
10.64781858676215 0.0005370209867591135 -0.000526330797810155 0.0007519412536516441
10.682055945562029 -0.00010182848650860177 -0.0006757844238423571 0.0006834132191965407
10.716293304361908 0.0015064979739742002 -0.002008677995117113 0.0025108411804923214
10.750530663161786 0.0035697550290054664 0.0004716634987771318 0.0036007801131405543
10.784768021961664 0.001214055370251335 0.003716786525605872 0.0039100425213751165
10.819005380761542 -0.0029128160999163377 0.0011807213875338629 0.003143024121274241
10.853242739561422 0.0005150641393736596 -0.0018699232401617311 0.0019395628352197503
10.8874800983613 0.00045401928432576416 0.0016188816489816121 0.001681342113892679
10.921717457161177 -0.0012205662579417272 -0.0011632294396387206 0.0016860856203847073
10.955954815961055 0.0016594871174163794 -0.0007698106111749618 0.0018293457491541866
10.990192174760935 0.0012847809388031447 0.0005004639529557675 0.0013788133408551
11.024429533560813 0.0006166311905558483 0.0016572200028718493 0.0017682228827511806
11.05866689236069 -0.0005931103619548538 0.00027629236396868904 0.0006543067872532152
11.09290425116057 0.00010276012775114323 0.0012970420639857284 0.001301106359835271
11.127141609960447 -0.002420421902464756 -0.001308991935973979 0.002751708937074562
11.161378968760326 0.0032332439727582544 -0.0022458977385312294 0.003936740179300288
11.195616327560204 0.0014027496354187023 0.003222505378922969 0.003514576426378401
11.229853686360082 -0.001822330548980659 0.0003783595072898015 0.0018611943870817823
11.264091045159962 0.000760824343693475 -0.0013088530912837041 0.0015139187879538041
11.298328403959838 0.001391962748456637 0.0015336688718750639 0.002071159216875778
11.332565762759717 -0.0010956747836449738 0.00015993523765740536 0.0011072861020350571
11.366803121559595 0.0015259332826097884 0.00042794473372515207 0.0015848056909600545
11.401040480359473 -0.0015148630691737349 0.0010849370932349877 0.0018633031461959303
11.435277839159353 0.0006348158135878803 -0.00098214171668454 0.0011694415200570304
11.46951519795923 -0.0003683618956385257 6.169715959659214e-05 0.0003734930061737374
11.503752556759109 0.002924788084781468 -0.0008622133815560324 0.003049228960936508
11.537989915558986 0.0003214065443936262 0.004386748300207469 0.004398506884859017
11.572227274358864 -0.0027689636674891613 -4.690376135556363e-05 0.0027693608928242497
11.606464633158744 -8.605531723349163e-05 -0.0011345602471251122 0.0011378191736742499
11.640701991958622 0.00156754145059431 0.00011882024917044138 0.001572038310902199
11.6749393507585 -0.0005155822901231846 0.002000785523629062 0.0020661480608737334
11.709176709558378 -0.0005551273376844904 0.00014468888142191017 0.0005736734554184931
11.743414068358257 -0.0014136632958526734 0.001237755943083737 0.0018789581391505652
11.777651427158135 -0.0017885133174824817 -0.0009149563211986141 0.002008961163515486
11.811888785958013 -0.0015507023576108755 -0.002179889669399101 0.0026751816335816997
11.846126144757893 0.0032108037732472418 -0.0025323083533783583 0.004089235437938067
11.88036350355777 5.730014457657307e-06 0.0032349082579409528 0.0032349133327432833
11.914600862357648 -0.0013646118547873897 -0.0028345860021192844 0.003145956661754397
11.948838221157526 0.002227812117847633 0.00033676018031972364 0.002253121002404826
11.983075579957404 -0.00021247555516032952 -0.00010980185884568706 0.00023917004358125292
12.017312938757284 -0.00011635576227921407 0.0003585902080451161 0.0003769954916460098
12.051550297557162 0.00010577562476567322 -0.0025131880528045697 0.0025154130220610277
12.08578765635704 0.0026755291417863867 0.000502877472490538 0.0027223779937559497
12.12002501515692 0.0003408361400538756 -0.0003967067975003995 0.000523015829158017
12.154262373956795 0.0027718166726790404 0.0011558846371600429 0.0030031711508610543
12.188499732756675 -0.0005535435358072908 0.0020816736755940824 0.0021540138666441807
12.222737091556553 -0.000675161864339977 0.00048134298170960727 0.000829177067398833
12.25697445035643 -0.000530885556986691 -0.0009214500491716965 0.0010634423669083298
12.29121180915631 0.0017684403817426711 -4.899926824097623e-07 0.001768440449625317
12.325449167956187 -0.0003880252564375714 0.0018529329691527748 0.0018931255076742167
12.359686526756066 -0.0021150873289470314 -0.0010970429848083817 0.002382666094858776
12.393923885555944 0.0020190813137193385 -0.003078713837526698 0.0036817344071495674
12.428161244355822 0.0029157347256516825 0.0015542744902625166 0.0033041304728251724
12.462398603155702 0.0007212966107026076 0.0006462265151958854 0.0009684407620258903
12.49663596195558 0.0015332065887392434 0.002636710465737276 0.0030500761505054116
12.530873320755457 -0.0024279121825875986 0.0014319842927838036 0.002818747342550731
12.565110679555335 2.0064284896076287e-05 -0.0011236721120680456 0.0011238512316885422
12.599348038355215 0.0004142807176285633 0.0008907720857070703 0.0009823967740550464
12.633585397155095 -0.0011785759654237434 0.00027267284380998744 0.0012097073141987423
12.667822755954969 -0.00017034375500580702 -0.0016376286188791228 0.0016464642383730724
12.702060114754849 0.0018299893331888517 -0.00047380215837956137 0.0018903305120719258
12.736297473554728 0.0011322399128836213 0.0013223131318019154 0.0017408271708766784
12.770534832354606 -0.000947145979432949 0.0010638724436402899 0.0014243981475321997
12.804772191154486 -0.00016958941633506058 -0.0011808087096404386 0.0011929248840122266
12.839009549954362 0.001109250490322695 0.00018560625528830945 0.0011246716553213602
12.87324690875424 0.00021159164162449617 0.00041419157508103846 0.000465108249414543
12.90748426755412 -0.00029932348867004274 -0.0001867656111844127 0.00035281148562751245
12.941721626353997 0.001532827415956534 -0.001019477798911242 0.001840895127263065
12.975958985153877 0.0007657395272177988 0.0016423947194833808 0.0018121306349517497
13.010196343953755 0.00026298028995492276 -0.0013480175320087083 0.0013734299761937717
13.044433702753631 0.0033906927252340675 0.001741841629067418 0.0038119298810061373
13.07867106155351 -0.0009549360669085596 0.003442339727460422 0.003572338966438527
13.112908420353389 -0.002254995304200994 0.00042106134697739487 0.002293969590009194
13.147145779153268 -0.00027006366124417857 -0.0013898538058969233 0.001415848855948534
13.181383137953146 0.0007353059868488349 0.00049480372264667 0.0008862875482825771
13.215620496753022 4.148018495291815e-07 -0.0003495865085434857 0.0003495867546349532
13.249857855552902 0.001293094477555622 0.0011741852705801355 0.001746655197093059
13.28409521435278 -0.001237483926379046 0.0014330420939132032 0.0018934033143980808
13.31833257315266 -0.0012433620645562516 -0.00027112440884680323 0.001272579140427075
13.352569931952537 -0.0003635587358243704 -0.0011047112758350104 0.0011629969722020909
13.386807290752417 0.000612652981034996 -0.0004771349718042081 0.0007765316841505371
13.421044649552293 0.0007706769636447125 0.00011112137881376169 0.0007786468667644563
13.455282008352171 -0.000699240527916934 0.0010825296114327827 0.0012887232734417285
13.48951936715205 -0.0007948946428539299 -0.0017082832755257512 0.0018841680505408392
13.523756725951928 0.0008667164070108381 -0.00022818082448559772 0.0008962498640695595
13.557994084751808 0.00012375104281362847 -0.0017207184666866336 0.0017251627060059756
13.592231443551684 0.0027804549700176204 0.00043065351551836993 0.0028136084110487046
13.626468802351562 -0.0007303192265362481 0.0008071867181276663 0.0010885387317731126
13.660706161151442 0.0013552994678014884 -0.0010732740233353841 0.0017288012542190964
13.69494351995132 0.0015212047583250997 0.0011184090820503464 0.001888095016561302
13.7291808787512 -0.00017417667243945176 0.0017539521841506448 0.0017625792968002595
13.763418237551077 -0.0017691178340470907 -0.00105803632426707 0.002061363329016028
13.797655596350953 0.0026055294794734055 -0.0019213099645071245 0.0032373161489294374
13.831892955150833 0.0018624437658061317 0.0023305076896127015 0.0029832805553843
13.86613031395071 -0.001027921476971458 0.0008378327992475358 0.0013261170243663058
13.90036767275059 0.0005244316841921846 -0.0011559770531875983 0.0012693744675551556
13.934605031550468 0.00217923207668371 0.0003993753079159943 0.002215525463771561
13.968842390350344 0.0015151857305853245 0.0014358151517270788 0.002087427351573807
14.003079749150224 0.0011086290415864189 0.0030478318198558438 0.0032431985992187723
14.037317107950102 -0.0022457857315665566 0.0026273112597772026 0.0034563446020123637
14.071554466749982 -0.0018646933384666778 0.00025165905490859405 0.0018815986624249846
14.10579182554986 -0.002300101694926817 -0.0006564655541261073 0.0023919479155615647
14.14002918434974 0.0006560998078998118 -0.00257945102383182 0.002661584968073196
14.174266543149615 0.001246165988611129 0.001104972395307676 0.0016655010253863957
14.208503901949493 -0.000565003366073467 -0.0006664630516070603 0.0008737286780412689
14.242741260749373 0.001973902213972818 0.000916428757806325 0.0021762655211304605
14.27697861954925 -0.0020854651232052285 0.0022415921968307133 0.0030616826022626417
14.31121597834913 -0.002079982276774342 -0.0019375062542269068 0.00284257924372633
14.345453337149007 0.0005882423734768365 -0.0019500241509526498 0.0020368169478999004
14.379690695948884 0.0013302278125397276 -0.0007881921905908387 0.0015462059896930336
14.413928054748764 0.0010268919512863902 9.835234170909964e-05 0.001031591131571241
14.448165413548644 0.00038018133126936274 0.00022663408977028474 0.00044260688572564074
14.482402772348522 0.0005759646732549145 -0.0007481660415780236 0.000944186279612328
14.516640131148401 0.0018670310012264106 0.0009290143413356724 0.0020853950239577744
14.550877489948277 -0.001068632086246352 0.0011269961684688499 0.0015530920447606122
14.585114848748155 0.0003792647489927693 -0.0006470652946415143 0.0007500234965373138
14.619352207548035 -0.0008636940379119219 0.00025676356542630595 0.0009010521181679943
14.653589566347913 0.001222159174156948 -0.0023449978060539 0.002644369066029475
14.687826925147792 0.001820857982309652 0.0016856401498837664 0.0024813114489400444
14.722064283947669 -0.0006384660718763932 -0.0003534087591042224 0.0007297511054797093
14.756301642747546 0.0014635913467408758 0.00016370553191277654 0.001472718279724135
14.790539001547426 1.4600032764608693e-05 0.0004514536190602171 0.00045168964026120334
14.824776360347304 0.0006024959396642462 0.0003115318110723461 0.0006782723837971873
14.859013719147184 -0.0007368796559294773 0.00019947514680276437 0.0007634015729055902
14.89325107794706 0.000141868290019661 -0.0020567234920637525 0.002061610568104466
14.927488436746938 0.0033048667036943177 -0.0010426818704698968 0.0034654479381739304
14.961725795546817 0.0022814284167170422 0.0026357765805775863 0.0034860054221594813
14.995963154346695 -0.000688222886491543 0.0017109322318321636 0.0018441637246765644
15.030200513146575 -0.0003948349496390793 0.00012810623096658823 0.0004150973908240801
15.064437871946453 0.0003274992607699823 -0.0005476633843500848 0.0006381151529016323
15.098675230746329 0.001971171694369504 4.3390959221741746e-05 0.0019716492142431733
15.132912589546208 0.0010005839346916212 0.0026542704397404535 0.002836603563708356
15.167149948346086 -0.0018004880009440218 0.0006723305558181733 0.0019219223235683001
15.201387307145966 0.0009321481588174571 -0.0002443934455545898 0.0009636536443229068
15.235624665945844 -0.0011043368037089555 0.001016378335513421 0.0015008613183526132
15.26986202474572 0.0010415907010994192 -0.0015512692632252488 0.0018685147887143377
15.3040993835456 0.000533094870833037 0.0022670635122888304 0.0023288982609937815
15.338336742345478 -0.000924130552057118 -0.0012346168136421313 0.001542172478607125
15.372574101145357 0.0018371974380414259 0.00087916122462044 0.0020367176744021474
15.406811459945235 -0.0010521597358726243 0.0007666448207875956 0.0013018388498704419
15.441048818745115 0.00011324590836263376 -0.0005785485767879795 0.0005895278546975322
15.47528617754499 0.0008219296122057392 -0.0004419232948975054 0.0009332012033820704
15.509523536344869 0.0010422422932336035 0.0008382212058258006 0.0013374916028524814
15.543760895144748 0.0004866880730606469 0.0003149185054938775 0.0005796886626129434
15.577998253944626 0.0005155882858730456 0.0020511369224461675 0.002114945378763111
15.612235612744506 -0.0022653769310082175 -0.0001601569328470754 0.002271031237716292
15.646472971544382 0.0013942449171074716 -0.0012789925007705995 0.001892020271008599
15.68071033034426 4.1838310153568994e-05 0.0013197982958291536 0.0013204612776867197
15.71494768914414 -0.00022422207770933815 -0.0010729921964331478 0.0010961696008094384
15.749185047944017 0.001671480171100028 0.0003195749315156129 0.001701756180900715
15.783422406743897 -5.136745986848236e-05 0.0012055726131679518 0.0012066664582866071
15.817659765543775 -0.00021997149410314697 0.0004228235810520894 0.0004766206446553523
15.851897124343651 -0.0012988769072336563 7.325670787337177e-05 0.0013009411075807055
15.88613448314353 0.00018346261668013508 -0.0026035097214998537 0.0026099657855350074
15.920371841943409 0.0029560318952041734 -8.798132902035211e-05 0.002957340913679139
15.954609200743288 0.0004993996760596753 0.0015826695880131083 0.0016595912331866817
15.988846559543166 -0.00019346740294018812 -0.0002813961609271421 0.00034148709402399846
16.023083918343044 0.0016745077291236644 -0.0004893507293616826 0.0017445458638917185
16.057321277142922 0.0012140760089975086 0.0017147871878735567 0.00210106536198154
16.0915586359428 -0.0004305864067269087 0.000297629408623576 0.0005234385527792259
16.125795994742678 0.001394138465463448 0.0003735559883430149 0.0014433177534111136
16.16003335354256 -0.000620194747515823 0.0014025734045379301 0.0015335754562340047
16.194270712342437 0.00018317997488593392 -0.0017622515589544253 0.0017717464435512533
16.22850807114231 0.003115261750277072 0.0009931456762892338 0.0032697391496985455
16.262745429942193 -0.0002633675276974578 0.00238338254701219 0.002397889659689909
16.29698278874207 -0.00018483934596034312 0.0005084463844486748 0.0005410021346297785
16.33122014754195 -0.0005510715977517593 0.00024955225286226346 0.0006049431648984126
16.36545750634183 0.0013730993405561282 -0.0005739136712726564 0.001488213257940317
16.399694865141704 0.0005102350493176138 0.0016796611065069639 0.001755449013291
16.433932223941582 0.00039640742369661023 -0.0006468216381325829 0.0007586284183434613
16.468169582741464 0.0023397252433676446 0.0016243890674169747 0.0028483247807782686
16.50240694154134 -0.00018528946419749 0.002417771590219899 0.002424861160565085
16.53664430034122 -0.00039551416426507465 0.0013119902992430263 0.0013703101836599282
16.570881659141097 -0.0007943686219501798 0.001502235458999812 0.0016993330697115865
16.605119017940975 -0.0014918255031641204 -0.00017287926497127137 0.0015018090997686384
16.639356376740853 0.001054411160687842 -0.0005242125349907296 0.0011775320282796935
16.67359373554073 0.0003946299077736199 0.0013209845455621977 0.0013786707125791793
16.707831094340612 0.0006494884943823543 0.0011802876139608302 0.0013471874984590702
16.74206845314049 -0.001763158579660678 0.002167365084585263 0.002793957692398069
16.776305811940365 -0.00043477172772000164 -0.0017163284562302765 0.0017705394163617027
16.810543170740246 0.0014295944641188444 0.002514444953103022 0.002892433880665988
16.844780529540124 -0.0029276539763176974 0.001059228785812837 0.003113378137288075
16.87901788834 -0.00043334801906344544 -0.0009510996973627643 0.001045170387998892
16.91325524713988 -0.0005507291891510576 0.0003009882763959236 0.0006276118086132304
16.94749260593976 -0.0007247451471819493 -0.0007962825883675111 0.0010767179244821033
16.981729964739635 0.0011158653377147164 -0.0007628154231284078 0.0013516814793714345
17.015967323539513 0.0007673350698258821 0.0016208815683685816 0.0017933377172361274
17.050204682339395 -0.0011634454140521324 0.0009937886200380242 0.0015301049156172324
17.084442041139273 -0.0012879240138481153 0.00016353948158748574 0.0012982655458281807
17.11867939993915 -0.001016479402315975 -0.0013242227288633452 0.001669370004214442
17.15291675873903 0.0009652323188674793 -0.000677006842635089 0.0011789875717585082
17.187154117538906 -0.0006598840877586924 0.00029943390508382 0.0007246431347848869
17.221391476338784 0.000505906881929792 -0.0023751900060118487 0.0024284705758650833
17.255628835138662 0.003072774943155546 0.0011382210265505667 0.003276811400823428
17.289866193938543 -0.0010567044159357957 0.001469390412503527 0.001809898452128046
17.32410355273842 0.0012647535758912125 -1.5952525380980873e-05 0.0012648541776804313
17.358340911538296 -0.0012297277676211805 0.002220555224825446 0.002538325410375541
17.392578270338177 -0.0009085171830138297 -0.001479718347496729 0.0017363668563266908
17.426815629138055 0.0007147141426789941 -5.9996759639649835e-05 0.0007172279393000718
17.461052987937933 0.0010205089238737295 0.00031257392920755716 0.0010673054506214086
17.49529034673781 -0.0010006166426194622 0.0015675198895783982 0.001859664558384366
17.52952770553769 -0.0001618974134701703 -0.0015929805789882336 0.0016011864031155209
17.563765064337566 0.0008061501271367716 0.0010953634357591733 0.0013600364274094917
17.598002423137444 -0.0003031354066346949 -0.0006532627143411216 0.000720168902899807
17.632239781937326 0.0012412707156302717 0.0007580981128581368 0.0014544640725024304
17.666477140737204 -3.492916613854675e-05 0.000986323524211355 0.000986941812398199
17.70071449953708 -0.0010279965970308043 0.0009702637208450803 0.0014135730230501195
17.73495185833696 -0.00022779207607107808 -0.0013719028776706579 0.0013906857070099643
17.769189217136837 0.0010675632944878242 0.0007388802880101809 0.0012983202485318116
17.803426575936715 0.00034961447856495 0.0003010382314998262 0.00046136135560619383
17.837663934736593 -0.0002487159378468421 0.00199043081505406 0.0020059098801431243
17.871901293536474 -0.0012970733846780376 -0.000873163878336793 0.0015635902671967137
17.90613865233635 0.0008648891212148331 0.0008518629225211192 0.0012139619560603983
17.940376011136227 -0.001295935919872785 -8.649740664053323e-05 0.0012988193522472857
17.974613369936108 0.0008715662749241066 4.3456292382752285e-05 0.0008726489677600832
18.008850728735986 -0.000508157844255141 0.0009597296017956739 0.0010859582419416112
18.043088087535864 -0.0009095264128508157 0.0003668168428379655 0.000980710401628781
18.077325446335742 -0.00043948070349896027 -0.0007430886196175095 0.0008633214843573608
18.11156280513562 -0.00015589508812969104 0.0007526159591945412 0.0007685922589626331
18.145800163935498 -0.0012373731475256288 -0.001270872828034654 0.0017737559164818254
18.18003752273538 0.00119787076068955 -0.0004107992726927442 0.001266353189974996
18.214274881535257 4.720570610145384e-05 7.219868991144064e-05 8.626140222292469e-05
18.248512240335135 0.0003726150796490489 0.000904576321745744 0.0009783150409990264
18.282749599135013 -0.0014213994709963338 -0.0003180463163777053 0.0014565472582481096
18.31698695793489 0.0005780577035032967 -0.0005828968247381789 0.0008209259509050475
18.35122431673477 -0.0005871757538311277 -0.00034253841041164866 0.000679785207616709
18.385461675534646 0.0010355163967751303 -0.0012036444808281135 0.0015877828076340064
18.419699034334528 0.0017997374481803655 0.0004597668569584965 0.0018575361221629765
18.453936393134402 0.00025205507653226327 0.0025785468660936934 0.0025908368729519217
18.48817375193428 -0.0025429014730290393 -0.000192380226734354 0.0025501682401699735
18.52241111073416 0.0011378893624559192 -0.0013776941247269805 0.0017868501063316921
18.55664846953404 0.0004233145339640558 0.0012681426210082792 0.0013369296547997406
18.590885828333917 -0.0006788656617018538 0.000717811613752582 0.0009879838558782131
18.625123187133795 -0.001417361381670353 -0.00037790114281073745 0.0014668751003368192
18.659360545933673 0.0006509550395377962 -0.001116819478976719 0.0012926825643294968
18.69359790473355 -0.00023357659735244614 0.000924215402895752 0.0009532744294171033
18.72783526353343 -0.000598039819427996 -0.0014720445483918636 0.0015888885354459815
18.76207262233331 0.0015970291829944085 0.0004934196337024428 0.0016715158229160861
18.796309981133188 -0.0017818780192194238 0.0005553954710530347 0.0018664279800312572
18.830547339933062 0.0007834728124017485 -0.0020781657908442485 0.0022209463527982855
18.864784698732944 0.0009383803258447615 0.0012696293126919671 0.0015787704797022262
18.89902205753282 -0.0006042858589336672 -0.000272916232230594 0.0006630570632473071
18.9332594163327 -5.602588799443773e-05 0.0002312400397234315 0.00023793035976280846
18.967496775132577 -0.00021458898426785603 -0.0014301390953902417 0.0014461487697787973
19.00173413393246 0.0019617553796646738 0.00035323369533519984 0.0019933033419837153
19.035971492732333 -0.0004673759958109719 0.0011334754220511593 0.0012260533650108186
19.07020885153221 -9.393311514566454e-05 -4.9661563497523895e-05 0.00010625300471039523
19.104446210332092 -5.4411667831063594e-05 0.0005356280460084707 0.0005383846517751137
19.13868356913197 -0.0011561753266128686 0.0003980595669624338 0.0012227807672345414
19.172920927931848 -0.0005983260657596088 -0.0016051261420781777 0.0017130160574116478
19.207158286731726 0.0011609493542854817 -2.078972923141294e-05 0.0011611354856593576
19.241395645531604 -0.000637741285871723 0.0001782593217343225 0.0006621860263479587
19.275633004331482 0.00027009760128356776 -0.0003816788373960046 0.0004675804199654888
19.30987036313136 -0.0006329815088151439 0.00032805371574250695 0.0007129409729524328
19.34410772193124 -0.0008927778566134312 -0.0011684808212413576 0.0014705100240624508
19.37834508073112 0.0005272721510060528 -0.001458202874840223 0.0015506036067992493
19.412582439530993 0.0007804695091198539 -0.0003275214441972492 0.0008464059020793968
19.446819798330875 -0.00013032397943521732 -0.0004758562491379822 0.0004933796808336358
19.481057157130753 0.0003815289601126117 -0.0017791032432540146 0.001819552883969456
19.51529451593063 0.002627216116836974 -0.0009403791840550497 0.0027904439672518043
19.54953187473051 0.001381954057780957 0.0013520913340001619 0.001933377354086778
19.583769233530386 0.0008316530519334636 0.00042263680160359806 0.000932881913673946
19.618006592330264 0.00020477999652350143 0.00182947785524166 0.0018409030582287025
19.652243951130142 -0.0013803633153822682 -0.0002182479078458062 0.001397510297540665
19.686481309930024 0.00037514309055721123 -0.0007346937497038177 0.0008249286297896758
19.7207186687299 0.0002971788378495737 -0.00025584900289861505 0.00039214024780662176
19.75495602752978 0.0004280927756522942 -0.0005583029306066767 0.0007035379072158722
19.789193386329657 0.0015408845650848463 -0.00026615125974111637 0.001563701293719008
19.823430745129535 0.0005832753245426761 0.0013573657362365302 0.0014773800615039117
19.857668103929413 7.043298644619668e-05 0.0002071797625154188 0.00021882472341048544
19.891905462729294 -0.0004107862928470084 0.001099146669538621 0.0011734005196644625
19.926142821529172 -0.0006729913589456811 -0.001364962578794398 0.0015218542015333163
19.960380180329047 0.0015676711415657052 0.0003498303851084103 0.0016062297800884591
19.994617539128928 -0.0007396357093687667 0.0007596185777038341 0.0010602270351987044
20.028854897928806 -0.0005199806069168332 -0.000397853501067294 0.0006547268437150729
20.063092256728684 -0.0002030610518309962 -0.0010760667882940861 0.0010950586850211545
20.09732961552856 0.0005909460797169064 -0.0008014490336387486 0.0009957599221967434
20.131566974328443 0.0010998011077471262 -0.0012270865648602832 0.0016478179250944006
20.165804333128317 0.0019460144508119935 0.0008945482654906101 0.0021417723600003252
20.200041691928195 -0.000705708828298376 0.00034570531917471083 0.0007858352995659811
20.234279050728077 0.0014282296741118215 -0.001091757294704513 0.0017977135457447266
20.268516409527955 0.001381250641804192 0.001362138987001098 0.0019399164815509119
20.302753768327833 -0.0004725671944291595 0.0006052320958834488 0.0007678708505589459
20.33699112712771 0.0004247596238532108 -0.00036811787622330393 0.0005620778494577748
20.37122848592759 0.0005038590046700109 -6.972681139290953e-05 0.0005086607167986107
20.405465844727466 0.0017995523956925736 -0.00010053017629839827 0.0018023582166676712
20.439703203527344 0.000665880999523534 0.002375739853103767 0.002467293528373138
20.473940562327225 -0.0008247774935078985 0.0002503114543437149 0.0008619244386678203
20.508177921127103 0.00034194077308567804 0.001031216394366566 0.001086430275861646
20.542415279926978 -0.0014742343122985757 0.00013216894392506073 0.0014801470998845757
20.57665263872686 0.0002307043285263101 -0.0010775341934029397 0.0011019548199238023
20.610889997526737 0.0010196360346265484 -7.216922213498478e-05 0.0010221868908044753
20.645127356326615 0.00034205204918431165 0.0011643123548316842 0.001213516734109954
20.679364715126493 -0.000969149646241095 -0.00029810189722462966 0.0010139604419986824
20.71360207392637 0.0012599994453060864 -0.0006405547254593741 0.0014134740742157174
20.74783943272625 0.00031422196110248384 0.0015163169652987875 0.0015485323955578118
20.782076791526126 -0.0010395280549452067 -0.00041292323952484504 0.0011185366237892512
20.816314150326008 0.0012758176513618703 -0.0002742757620899609 0.0013049666176560026
20.850551509125886 -0.0005333473825724748 0.0012388220175429392 0.0013487547670522125
20.884788867925764 -0.00035542326490263287 -0.0008744405643201505 0.0009439131304111572
20.91902622672564 0.00031999425152841527 -3.7983432101965176e-05 0.000322240689742117
20.95326358552552 0.0007396371332351999 -0.00032713917378176757 0.0008087540589592131
20.987500944325397 -9.077259307511025e-05 0.0011978539159111915 0.0012012883365442933
21.021738303125275 -0.000751590268034738 -0.0009885809239699183 0.0012418454711604608
21.055975661925157 0.0008831484396831132 -0.00042300554959374915 0.0009792266650279838
21.09021302072503 0.000808583282146097 0.0002284933811725365 0.0008402476714670579
21.12445037952491 -0.0007770018664959275 0.0009827449085723398 0.0012528046359520752
21.15868773832479 -0.0005147314460674314 -0.0020729588357567127 0.0021359088923248795
21.192925097124668 0.001707983460840715 -0.0004106766185436163 0.0017566623999857925
21.227162455924546 0.0009120998502995972 -0.0004763447694099638 0.0010289948864113851
21.261399814724424 0.0017727980881102016 0.0006452306028383777 0.001886567144855004
21.2956371735243 0.0006864487373174669 0.0010223244863712376 0.0012314053858900242
21.32987453232418 -0.000243796527497226 0.0011366947674381431 0.0011625453716483326
21.364111891124058 0.0003009719299192603 -0.000696605039718746 0.0007588429903220295
21.39834924992394 0.0007755364410144857 0.0016642446052112859 0.0018360737668504182
21.432586608723817 -0.0011122397658351567 -0.000551704987625339 0.0012415537403091819
21.46682396752369 0.0014850384328980687 0.00013518785342607335 0.001491179031135531
21.501061326323573 -0.00011245259358879685 0.0005554126622672243 0.0005666822841871915
21.53529868512345 0.0008048400746354913 0.000650753399147345 0.0010350108850833825
21.56953604392333 -0.0005924962781171027 0.0008762371617823808 0.001057753942687552
21.60377340272321 -0.00031545015787406153 -7.017599921876388e-05 0.00032316168239616885
21.638010761523084 0.0003173569412683076 -0.0003201268823590173 0.00045077338983138756
21.672248120322962 0.0005024031265628946 0.0008706370504971481 0.0010051953915923737
21.706485479122843 -0.0005400085159112031 0.000361564092996839 0.0006498752115608403
21.74072283792272 -0.0006109039435393187 0.00022228074046958495 0.0006500864218052843
21.7749601967226 -0.0002886976058718472 -0.0014235900808679267 0.0014525684238553744
21.809197555522477 0.0015970095723108273 -8.334072149565684e-05 0.001599182681844644
21.843434914322355 0.0005281423892569946 0.0008745348092393963 0.0010216386425255625
21.877672273122233 -0.0007110522846773891 0.0008787406088697722 0.0011303894944760203
21.91190963192211 -2.0438956697223117e-05 -0.0014202007268263263 0.001420347793826884
21.946146990721992 0.0012182433497944145 0.0010989653469254818 0.0016406833006590152
21.98038434952187 -0.0008240172587341234 -0.00045236589817642243 0.0009400209298332994
22.014621708321744 0.0014656923365302177 0.00031515055810108866 0.0014991910817620405
22.048859067121626 -0.0005868002470350983 0.000539623815293231 0.0007972003461816079
22.083096425921504 0.0005906549459608873 -9.356015339975887e-05 0.0005980190360617672
22.11733378472138 0.00016401916193056588 0.0003490923682655914 0.00038570424817687
22.15157114352126 0.00011794493704604305 0.0004528653422184928 0.0004679722495591674
22.18580850232114 0.0004284036392695235 -0.0004408844531115175 0.0006147428561071807
22.220045861121015 0.0009033281031667014 0.0018066561894507789 0.0020199030295664096
22.254283219920893 -0.001561341171234035 0.00013167416449033138 0.0015668836391336451
22.288520578720775 0.0006270382364011769 0.0001325253215338845 0.0006408899365388394
22.322757937520652 -0.0007487455901156871 -3.275601122826196e-05 0.0007494617501842736
22.35699529632053 0.0011688222381101307 0.0004584413814009638 0.001255513410713561
22.391232655120408 -0.0012696737729404838 0.0013022782480060348 0.0018187908414445545
22.425470013920286 -0.0007910040197104153 -0.00036536159722642215 0.0008713073257616266
22.459707372720164 -0.00044513495878969713 -0.0005715385804201147 0.0007244318328492649
22.493944731520042 0.00046393883864684826 0.0006599851726220541 0.0008067339549603381
22.528182090319923 -0.002497292268178073 0.0002879580293497203 0.0025138393941079367
22.5624194491198 -0.0006094812096782073 -0.0028368101765298193 0.002901544299612528
22.596656807919675 0.0017250894893655652 -0.0010574240858281239 0.002023383167768525
22.630894166719557 0.00026113932206677935 0.0009145227685645053 0.0009510760430966521
22.665131525519435 -0.0009910331595599194 -0.0013111671284863724 0.0016435650161069125
22.699368884319313 0.00123589240433133 -0.0009121096399569841 0.001536025400306367
22.73360624311919 2.268350206243351e-05 -0.0007687030097421757 0.0007690376183597887
22.76784360191907 0.001763074628501901 -0.0009610308877140301 0.0020079871794430196
22.802080960718946 0.0010801616811983278 0.0003151721252376028 0.0011252034154125134
22.836318319518824 0.0010421830824657507 0.0003427936596181478 0.0010971112388687924
22.870555678318706 0.00041565770786445514 0.0002431308469837002 0.0004815432886689879
22.904793037118583 0.0008293143247869317 0.0005020564179053754 0.000969444632795902
22.93903039591846 -7.259088897553256e-05 5.137993283844867e-06 7.277249574697112e-05
22.97326775471834 0.0011982426505649398 0.00013252536495254535 0.0012055490126862108
23.007505113518217 0.0001716204460588689 0.00042684840881216166 0.00046005775899436735
23.041742472318095 0.0013543619759487909 0.000355393940726336 0.0014002147031798042
23.075979831117973 0.00012501974467244104 0.0018362961688065458 0.0018405470806614973
23.110217189917854 -0.0012669807565333807 0.0006876112967385639 0.0014415441487614547
23.14445454871773 -0.0004165190461245032 -0.0011793909471231698 0.0012507802052881048
23.178691907517607 0.00118256969900147 0.00035432204859053363 0.0012345101081456644
23.212929266317488 -0.00034899919375974583 0.0001802866575740741 0.000392815117000586
23.247166625117366 0.0008816579690622156 0.000684318302415257 0.0011160700307021104
23.281403983917244 -0.0014684149811014272 0.0005240054881889595 0.0015591101014281368
23.31564134271712 0.0004236556279649154 -0.001055035063615733 0.0011369182365346246
23.349878701517 0.0001429061266683664 0.0002808740619458113 0.0003151386991679927
23.384116060316877 0.0004953549650029459 -0.00010477654272939723 0.000506314788703031
23.418353419116755 -0.0003056431947209476 0.0003796417158597588 0.0004873864943760434
23.452590777916637 0.00041767486144134093 -0.0005934337308713267 0.0007256830456996398
23.486828136716515 0.0006206257942491484 0.0006507581434832779 0.0008992566584669745
23.52106549551639 -0.0003572543199426567 0.0008988582649972168 0.0009672522058240534
23.55530285431627 -0.0013898133903162556 -0.0002793580185286848 0.0014176114285722437
23.58954021311615 0.00020197482485270909 -0.0012973192060062744 0.0013129474293158247
23.623777571916026 0.0002856214206037632 -0.00014608280243333158 0.0003208111299105559
23.658014930715908 -6.453732519634764e-05 -0.0008210273795657248 0.0008235599700932894
23.692252289515785 0.0010263653769508373 -0.0011264854682424463 0.0015239407459494078
23.72648964831566 0.0015952354849828165 0.00044140716576594903 0.0016551787029012576
23.76072700711554 -1.7574974157895404e-05 0.0006252791735877655 0.0006255261182710516
23.79496436591542 0.000252230420934885 -0.00014902128184058225 0.00029296335553512405
23.829201724715297 0.0001798188252796528 -0.0003368800690637901 0.0003818677661931919
23.863439083515175 0.0012096015550463236 -0.0004977065683507661 0.0013079937882688815
23.897676442315053 0.0014170224764720855 0.0009121877966941359 0.001685241607385951
23.93191380111493 -0.0004113734860842805 0.0016287650051275975 0.0016799117795233882
23.96615115991481 -0.0010230162430693635 -0.001050220867367175 0.001466126223705591
24.00038851871469 0.0016934109633926404 -0.00043069017460613203 0.0017473221561694486
24.034625877514568 0.0004482234936363212 0.0006476183567373053 0.000787600048394283
24.068863236314446 0.0010888601741717344 0.0007773000940690388 0.0013378385235659183
24.103100595114324 -0.0008847847502488626 0.0012750200916714664 0.0015519408134458147
24.1373379539142 -3.6616822605056783e-06 -0.0007813505507034724 0.0007813591306189469
24.17157531271408 0.0008312729432559734 0.0007298036604534814 0.001106177241223462
24.205812671513957 -0.00015423320312814298 0.0011302078716929219 0.0011406830033728966
24.24005003031384 -0.0013914930501493995 0.0008190604186507741 0.0016146556530772934
24.274287389113713 -0.0014475420029870967 -0.001297004666293394 0.001943604629238862
24.30852474791359 0.0007805424747623168 -0.0015408163319622318 0.0017272410149569827
24.342762106713472 0.0008686174361854823 6.125086363263367e-05 0.0008707743213606979
24.37699946551335 0.0005478276898601646 -0.00016589410554133244 0.0005723949965110487
24.411236824313228 0.00029468630918166866 0.000935695512175736 0.0009810026056667367
24.445474183113106 -0.0012013876614194344 -0.0007582254385834587 0.0014206470809901858
24.479711541912984 0.0014950422211298497 -0.001283854037592076 0.0019706426446218883
24.51394890071286 0.0009119273691815642 0.0009969948160644464 0.0013511514311585465
24.54818625951274 -0.0003619335210827949 0.0001962120680831645 0.0004116977645614102
24.58242361831262 0.00018365967383408757 -0.00043664767810231645 0.0004737004017150372
24.6166609771125 0.0001986145384916355 -8.277673177208143e-05 0.00021517370244319466
24.650898335912373 0.0002609953776891486 -0.0009012679896260376 0.0009382977013185425
24.685135694712255 0.0012351979653557838 -0.00038912869829393703 0.001295042531137492
24.719373053512133 0.0012655462188971638 -0.0002250669525081755 0.0012854035806999394
24.75361041231201 0.0015577748307938088 0.0011331502130081967 0.001926315609835315
24.78784777111189 -2.2698379933470222e-05 0.0007569697680388741 0.0007573100066527781
24.822085129911766 0.0009204154089662952 0.0007275093891502859 0.001173215426238683
24.856322488711644 -0.00042071300852797604 0.001034894024171957 0.0011171414757368415
24.890559847511522 0.00023000990669832958 0.0001695999938484691 0.00028577738730133117
24.924797206311403 -0.00022740429265151997 0.0009402984273788595 0.0009674057291785565
24.95903456511128 -0.0007130001582397015 -2.7998318784139465e-05 0.0007135496699631902
24.99327192391116 0.0001209171241048704 -0.0005794073657032259 0.0005918900627083922
25.027509282711037 0.0006422033093553453 0.00034749895912685456 0.0007301921782251606
25.061746641510915 -0.00030892339781554815 0.0002441135443507912 0.00039373225452508855
25.095984000310793 0.0003890121388964734 -4.812604700856831e-05 0.00039197775524827945
25.13022135911067 -0.0003047845174771872 0.0006476469984982445 0.000715779460977742
25.16445871791055 -0.0007549908547316117 -0.0008517243421695158 0.0011381764124126206
25.19869607671043 0.0013787071350970593 -0.0008964891329529353 0.001644544353269393
25.232933435510304 0.00042196233828574247 0.0012617051826466223 0.001330395498657793
25.26717079431019 -0.0004958806727983741 -0.0005949808219816631 0.0007745320007468663
25.301408153110064 0.0006896996250201592 -4.4137994752283523e-05 0.0006911105087709931
25.335645511909938 0.0005080612985949329 -0.0004669006111283621 0.000690016277925389
25.369882870709823 0.0008622223483792922 0.0011995642171242244 0.0014772886275367975
25.404120229509697 -0.0012425955459749941 -0.0006086818504401324 0.0013836680548209956
25.43835758830958 0.0018388381884321557 -0.000849197985667445 0.00202545380152155
25.472594947109457 0.0006963929149385374 0.0007837006890737923 0.0010484034824586048
25.50683230590933 0.0010653729652618142 0.0007732593576008497 0.0013164154318557762
25.541069664709212 -0.0007891881468523005 0.001175437466378705 0.0014157934766409108
25.57530702350909 -1.8547443821098945e-05 -0.0010295157582219572 0.0010296828172304462
25.60954438230897 0.0016653127650200583 0.00036832638059762355 0.0017055588315806926
25.643781741108846 -0.00021625176853785352 0.001778457459569091 0.0017915567986789293
25.678019099908724 -0.0004413391920703585 -0.0011306282435530088 0.001213713519565914
25.712256458708605 0.00252821116016791 0.0014898721482655333 0.0029345477826361807
25.74649381750848 -0.0021093805280808075 0.002329298638807306 0.003142470105028214
25.78073117630836 -0.0006414509170319399 -0.001072734214620332 0.0012498871845803593
25.81496853510824 6.803459239743138e-05 0.0003296232559992219 0.0003365712356369944
25.84920589390812 0.0001467450868439868 0.0003003048795509068 0.00033424114228343264
25.883443252707995 -0.0008834025287390687 0.000544394553711765 0.0010376730977979592
25.917680611507873 0.00013588849701269134 -0.0005411290061268409 0.0005579303584607947
25.951917970307754 -0.0002646301494113227 0.0011232937019273967 0.0011540441312043548
25.98615532910763 -0.0015058038417056206 -0.00016663487205443689 0.001514995838370523
26.02039268790751 -0.00080950026546829 -0.0012170914238447503 0.0014617120830689174
26.054630046707388 0.0004191537509162508 -0.0012416981114150333 0.0013105357937877253
26.088867405507262 0.00055121348675476 -0.0005445074019158791 0.0007748061813908822
26.123104764307143 0.0008186534342410217 -0.00012843465403515405 0.0008286669450097238
26.15734212310702 -0.0002291400821132943 3.723673169607462e-05 0.0002321459700668799
26.191579481906903 0.0007812655028050067 -0.0009864195481343095 0.0012583319557313386
26.225816840706777 0.0009372577693003682 0.0005857088994021404 0.0011052180965550507
26.260054199506655 0.00012336715028853022 0.00018142917060669383 0.00021939917437708287
26.294291558306536 0.00014729610405003356 0.00027217894771812775 0.0003094794368762901
26.32852891710641 8.95465011777354e-05 -0.0003708621005015943 0.00038151968948093467
26.362766275906292 0.001059645137781934 0.00033248030133470503 0.0011105813652319716
26.39700363470617 -0.0005092798338860547 0.001384123080830183 0.0014748432635673001
26.431240993506044 -0.0014649227247287878 -0.0007667035035230915 0.0016534306310642122
26.465478352305926 0.0005472333487430381 -0.0012824859316769503 0.0013943580970919253
26.499715711105804 0.0005204209486793037 -0.00029302378929393187 0.0005972444264423411
26.533953069905685 0.0006760444054785727 -0.00047849798655296214 0.0008282489730232784
26.56819042870556 0.0007305719950793122 -6.711693796433424e-05 0.000733648501229216
26.602427787505437 0.0009450795769819643 9.811068839877086e-05 0.0009501584678391754
26.63666514630532 0.00033628086091178614 0.0009816991691466788 0.0010376984514389772
26.670902505105193 -0.0007844272575810505 1.688526322926871e-05 0.0007846089692008685
26.705139863905075 0.00014670536875306296 -0.0010531201254799102 0.0010632894544345833
26.739377222704952 0.0010333568129704137 -0.0005198593196748179 0.0011567540858648977
26.773614581504834 0.0010559014226174473 6.98908623236997e-05 0.0010582119574649963
26.807851940304708 0.0007760530679584465 0.0004590389198709071 0.000901651315223333
26.842089299104586 0.0004134643237191418 0.000423237697559729 0.000591678033751624
26.876326657904468 0.00029670225315990307 0.00016976308845217215 0.0003418358278925473
26.910564016704342 0.0007290754435342825 0.00019740064797724781 0.0007553264315423815
26.944801375504223 0.00012303597730659212 0.0007878881677178033 0.000797436904426617
26.9790387343041 -0.00011469622641069912 -0.0004360513663313777 0.00045088359743099515
27.013276093103975 0.00134857463252016 -0.00012046414843081032 0.0013539442937336988
27.047513451903857 0.00079639273618159 0.0015240632767220964 0.0017195959588507102
27.081750810703735 -0.0012779749554901326 0.0005959086250394768 0.0014100805211960225
27.115988169503616 0.0007052658165621662 -0.0013247365140450014 0.0015007753674868207
27.15022552830349 0.0010208134339613616 0.0013543473920744609 0.0016959707914273997
27.18446288710337 -0.0005474723057370763 -0.00035990585966880244 0.0006551779554998859
27.21870024590325 0.001704503041446774 0.00019739556536552477 0.0017158949931529255
27.252937604703124 0.0002872270854773804 0.0015273464902726044 0.001554119268260925
27.287174963503006 -0.0004624490447303385 0.0008227924935238013 0.0009438467070298636
27.321412322302884 -9.586058162538202e-05 -0.00023840665050250628 0.00025695716007416626
27.355649681102758 0.0009130630673987511 0.0009059612882834366 0.001286254259824161
27.38988703990264 -0.00059135158934828 0.0011208537328106104 0.00126728441660908
27.424124398702517 -0.0004954603965054054 0.0004201398857441894 0.000649614137852952
27.4583617575024 -0.0003235493202752471 4.109656470394994e-05 0.0003261488774793505
27.492599116302273 -4.716711346072628e-05 0.0008348883265272613 0.0008362196208913708
27.526836475102154 -0.0013243576478271302 -1.5355541159627748e-05 0.0013244466663488244
27.561073833902032 0.00029528996500287634 -0.0006046625011670769 0.000672913741685385
27.595311192701907 -5.840096797544765e-05 0.0007317627333036239 0.0007340894842677287
27.629548551501788 -0.0010259805406239181 5.504795593212313e-05 0.0010274562507431896
27.663785910301666 -8.203253430819982e-05 -0.0007243836872379411 0.0007290137605158502
27.698023269101547 -0.00038667988774800257 0.0006213446960908661 0.0007318405338248617
27.73226062790142 -0.0012800293432484284 -0.001335625829027833 0.0018499652631180103
27.7664979867013 0.0007231149301748351 -0.0010797510529758942 0.0012995220423849335
27.80073534550118 0.0004953796645691962 -0.0008849594960564867 0.0010141766718522174
27.834972704301055 0.0010284426557606917 0.0003606738295688976 0.0010898531586979957
27.869210063100937 -0.0005347515756620318 -0.0011363714835433316 0.0012559058070904434
27.903447421900815 0.0032281220974813055 -0.0004025011970780506 0.0032531184254337205
27.93768478070069 5.9759405036512856e-05 0.002906785858215187 0.0029074000777344214
27.97192213950057 -0.0009516500545455053 9.704915107710655e-05 0.0009565857849880744
28.00615949830045 -0.0005605155868886445 0.0004854227616642738 0.0007414937495939476
28.04039685710033 -0.0009255252350294779 -0.0009261574874191344 0.0013093374859748325
28.074634215900204 0.0009495933526624746 -0.001071854609513299 0.0014319915639959843
28.108871574700082 0.0009169832974316838 0.0008691071142653385 0.001263410283255328
28.143108933499963 -0.0008098113252074466 0.00030769253952221595 0.0008662961856731631
28.177346292299838 -5.440475162455512e-05 -0.0006036746683241524 0.0006061212602900553
28.21158365109972 0.0003097057116099311 -0.0006306793071858513 0.0007026193964844973
28.245821009899597 0.000996335994338474 0.0003632489996656694 0.0010604882127456887
28.28005836869948 -0.0008948845966674005 0.00033520350663098896 0.0009556044329168254
28.314295727499353 0.00044661807933487404 -0.0012775491717851924 0.0013533660240739765
28.34853308629923 0.0008144058103094409 0.0005427118897282401 0.000978669003860945
28.382770445099112 -0.000873341496581665 -0.0002683087122381787 0.0009136273500253877
28.417007803898986 0.0010348046130939635 -0.0020608462166897294 0.0023060589142788438
28.451245162698868 0.002590597801377645 0.001097325468009687 0.0028134178771105733
28.485482521498746 -0.001072315227263827 0.001204734420641859 0.001612837552545559
28.51971988029862 0.0005351565434560246 -0.0014667956194386518 0.0015613718055633701
28.5539572390985 0.0017352129778569418 0.0005428655699734425 0.0018181493628373182
28.58819459789838 0.00040650561326693933 0.0011605084166318013 0.0012296449075610328
28.62243195669826 -0.000238075770768276 0.00024842498580724797 0.00034408581226234836
28.656669315498135 0.000675229220795143 -0.00012066447663977018 0.0006859259555800215
28.690906674298013 0.000739600979402958 0.0004324351819053216 0.0008567437162204946
28.725144033097894 0.000800385410607837 0.0007096333597744532 0.0010696711227375704
28.75938139189777 0.0005002914169460974 0.0009131456888794812 0.0010412139794437627
28.793618750697654 0.0004582030843166848 0.0015339385632820131 0.0016009114848738544
28.827856109497528 -0.0011428863637402403 0.0012506327952150483 0.0016941876014452454
28.862093468297402 -0.00028593140568087725 -0.00016116918730370682 0.0003282259521896155
28.896330827097287 0.00019974703396267914 0.0010925220883132056 0.0011106319782129162
28.93056818589716 -0.0012816921498968574 0.001058757355466326 0.0016624385416794442
28.964805544697043 -0.0010429131090649846 -0.0004915779302069103 0.0011529599362189921
28.99904290349692 -0.00011553872656394531 0.00030094283135733617 0.0003223597138002641
29.033280262296802 -0.001442847212524891 -6.856396220231537e-05 0.00144447537036937
29.067517621096677 -0.0002354089049595889 -0.0012654966691814304 0.0012872059556432946
29.101754979896555 0.0006761160061869271 -0.00026789168566048545 0.0007272542946371491
29.135992338696436 -2.90845710592212e-05 0.0009406098410992585 0.0009410593952809095
29.17022969749631 -0.0016034570522724789 -0.00013589957277606698 0.001609205770671689
29.204467056296192 -0.0002970899630767313 -0.0013277715950258597 0.0013606027541933205
29.23870441509607 0.0001247575772635705 -0.0005570900764290245 0.0005708886111496463
29.272941773895944 -0.00035331250443308736 -0.0006341709798462348 0.0007259494179816621
29.307179132695826 0.0002789706625474999 -0.0018384231626960917 0.0018594688369799833
29.341416491495703 0.0020430307858061506 -0.0003139604525316659 0.0020670137777735265
29.375653850295585 0.00015241743649359356 0.0006577763065320399 0.0006752042242034707
29.40989120909546 0.00031225174092746336 -0.0005740339282592884 0.0006534646895625054
29.444128567895337 0.0010547612533290274 -0.00039139698962074106 0.0011250390682142552
29.47836592669522 0.0012698699168155973 0.001005545968872739 0.0016197815597016369
29.512603285495093 -0.0007311453794143078 0.000639193443390441 0.0009711548918232462
29.546840644294974 0.0005015185291387423 -0.0004916209624758599 0.0007022905423079385
29.581078003094852 0.00031082959186414714 0.00019881658645719337 0.0003689757041173889
29.615315361894726 0.0011477919510821922 0.000166149213621432 0.0011597551138736513
29.649552720694608 2.3171377462739104e-05 0.0014866118933323277 0.0014867924650504014
29.683790079494486 -0.00041085541917190396 0.00040265680249156364 0.000575269220500846
29.718027438294367 -0.0008514599331650158 0.0004261346923165033 0.0009521422130023718
29.75226479709424 3.450255397358977e-05 -0.0008510122637710971 0.0008517113943816343
29.78650215589412 5.3136233096842115e-05 0.0010247001686826014 0.0010260769439792874
29.820739514694 -0.0014116129208355966 -0.0011427921921473587 0.001816211725736559
29.854976873493875 0.0019162800241098157 -0.0009863038949036408 0.002155208691497046
29.889214232293757 0.00019616338975245707 0.001853394237847625 0.0018637463015029577
29.923451591093635 -0.0011839514481420809 -0.0004182755193645999 0.001255665338240033
29.957688949893516 0.0005311884792579604 -0.00035071641779716014 0.0006365243170601237
29.99192630869339 -0.00029203665291178087 0.0004053535990421513 0.0004995967843174545
30.026163667493268 -0.0006732886831546249 -0.00046842177819766473 0.0008202052262415493
30.06040102629315 0.00014071450226450511 -0.0013371662262262776 0.0013445497713761927
30.094638385093024 0.001646824842338397 -0.0002717081131327291 0.0016690887813669572
30.128875743892905 0.0002374799804640032 0.001381700408041271 0.0014019603270786938
30.163113102692783 -0.001267367111926436 -0.00022287418362141445 0.0012868147878065698
30.197350461492658 0.0005728437931989086 -0.001540962762678707 0.0016439939924978153
30.23158782029254 0.0012817268652230915 0.0005405244048529523 0.0013910393198167516
