0.0 0.600307401662491 0.0 0.600307401662491
0.02770608213766464 0.04403728250938929 0.4179720476440326 0.42028551588480567
0.05541216427532928 -0.08403132313410715 0.039987201593784424 0.09306040811736582
0.08311824641299391 -0.01617808301342804 0.06608816950084168 0.06803952173524846
0.11082432855065856 -0.010884555102037534 -0.01823974962231534 0.02124057452269227
0.13853041068832317 0.026816879595344373 0.03026541599529335 0.04043686976756925
0.16623649282598782 0.025045287773879245 0.001211536120216374 0.02507457396341988
0.19394257496365244 0.03776049405569585 0.06042429422154528 0.0712527209550773
0.22164865710131712 -0.019562557809463685 0.0401027303426153 0.04461975626312997
0.24935473923898172 -0.012264803561827931 0.009354472431673682 0.015425030336604528
0.27706082137664634 0.021688963147846012 -0.001490906120749118 0.02174014543395489
0.304766903514311 0.0146426707603023 0.043123265912382844 0.045541452216027234
0.33247298565197564 -0.012683894169722468 0.01746489922990271 0.021584806610655004
0.36017906778964026 -0.002004197675964563 0.013177028336742507 0.013328573971421578
0.3878851499273049 0.003801802593705386 0.00551653665667996 0.006699692503839166
0.4155912320649695 0.0021672753123817175 0.018738445679836336 0.018863362075087153
0.44329731420263424 0.0006189406984370072 0.0054047929609965205 0.005440117143905931
0.47100339634029886 0.0005975638640195791 0.016327679753831356 0.016338610978759986
0.49870947847796343 -0.0005462324285877581 0.001764755447627561 0.0018473580205179594
0.5264155606156281 0.001228509751264509 0.013815354994820093 0.013869869135714745
0.5541216427532927 -0.001375499252193597 -0.003520217631914759 0.0037794087327026036
0.5818277248909574 0.007835160131827919 0.01146198008919552 0.013884045586805751
0.609533807028622 -0.0042332316021230915 -0.005050441654589576 0.006589932526485163
0.6372398891662866 0.023910595092412657 0.00156970682040924 0.023962064543259783
0.6649459713039513 0.006892559391221914 0.022389622800192265 0.023426535896209893
0.692652053441616 -0.0029076321664258864 0.007483428794225393 0.008028451365828668
0.7203581355792805 0.007268395940182173 0.008382481226261082 0.011094844345545194
0.7480642177169452 -0.005404426162206817 0.010482183615838608 0.011793387787184006
0.7757702998546098 0.005963691857241073 -0.0061244982178369385 0.008548397451476583
0.8034763819922746 0.01630431600162204 0.011569546359314828 0.01999212653123933
0.831182464129939 0.00744113302976288 0.02193936513960553 0.023166920457746785
0.8588885462676037 -0.016766667878999116 0.022442921959705597 0.02801438733676138
0.8865946284052685 -0.01365805640625594 -0.00951471643810988 0.016645489890481063
0.9143007105429329 0.004590032256823109 -0.0011005342677325985 0.004720124128996013
0.9420067926805977 0.0028006998488560803 -0.001878037877117105 0.0033720833191469325
0.9697128748182622 0.009056144845423228 0.004325774770746271 0.010036238679331549
0.9974189569559269 0.007732519333043824 0.011964074660819321 0.014245383031900387
1.0251250390935915 -0.009964140931113637 0.018528930550790038 0.021038188416569868
1.0528311212312562 -0.013044914686598299 -0.0030298832567575 0.013392161577960722
1.080537203368921 -0.009260371078057647 -0.0012140975078333608 0.00933962018830818
1.1082432855065854 -0.004108971050377988 -0.016750769518643897 0.01724737436711959
1.13594936764425 0.005887412283951982 -0.009137158536307997 0.010869649926232895
1.1636554497819147 0.02236936331055609 -0.013749367291528987 0.026257066017303227
1.1913615319195794 0.01606692666025771 0.03517633949525081 0.03867196649501085
1.219067614057244 -0.03270146166569764 0.0009732245181855412 0.032715940473046004
1.2467736961949085 0.003277557474810327 -0.012387423079622373 0.012813689303016757
1.2744797783325732 -0.013967505531097687 -0.00720057394514405 0.01571430799942307
1.3021858604702379 -0.0013197576652284305 -0.02875872583448089 0.028788992200453417
1.3298919426079026 0.022342040997849227 -0.03989006505202097 0.045720718343044885
1.3575980247455672 0.06853163864667891 0.005625341992658388 0.06876212597159384
1.385304106883232 0.0008653792301365521 0.05715708651438477 0.05716363721829478
1.4130101890208964 -0.030047113829833497 -0.003761790096608541 0.03028167951474808
1.440716271158561 0.0011032814859993395 -0.016182963134099705 0.016220527914866983
1.4684223532962257 0.002477627607146011 -0.01070865203947795 0.010991536155711235
1.4961284354338904 0.010588962018174454 -0.02340486962048609 0.025688792080872425
1.523834517571555 0.03281311342917296 -0.004905478082889527 0.03317776556878839
1.5515405997092195 0.01143929701722764 0.008235714631265987 0.014095549359141766
1.5792466818468842 0.010955116859808118 0.0036662159643141875 0.011552303878839246
1.6069527639845491 -0.006442639237275288 -0.009038202231984767 0.01109940088148606
1.6346588461222133 0.03320229329783951 -0.015104342937957208 0.03647647811704381
1.662364928259878 -0.019062234030431408 0.02018585617523545 0.027763961456503797
1.6900710103975427 -0.003793675735370044 -0.10200060464865189 0.1020711287498856
1.7177770925352074 0.15379786028224415 -0.03661540453053036 0.15809639362215408
1.7454831746728723 0.08892709691517721 0.1138096691996021 0.14443223106039793
1.773189256810537 -0.0395808757368878 0.08945997678822461 0.09782501301328121
1.8008953389482012 -0.04223076508266132 -0.025918847082759815 0.04955021850170202
1.8286014210858659 0.06253242122257431 -0.011921392428761973 0.06365864671352986
1.8563075032235306 0.007351791367426219 0.058080607670297525 0.05854405028404839
1.8840135853611955 0.013103000955021258 -0.022578058707538026 0.026104738440143806
1.9117196674988601 0.07578943299451492 0.07697611113898194 0.10802481122275089
1.9394257496365244 -0.07415233164356 0.08202330869360906 0.11057301414551197
1.967131831774189 -0.02435920129254683 -0.030432304404976632 0.03898071111470358
1.9948379139118537 -0.000572184993376711 0.01788322852729415 0.017892379892738494
2.0225439960495186 0.011409479208206475 -0.002512324210914249 0.011682807399903577
2.050250078187183 -0.011432596239388318 0.06167537839600183 0.06272604369050296
2.0779561603248475 -0.06194763611810204 -0.021474228489262604 0.06556410687128925
2.1056622424625124 0.006007594387571283 -0.025338098131287262 0.026040553128463324
2.133368324600177 0.009066634722625911 -0.03485470921893814 0.036014644520392776
2.161074406737842 0.06010745707651739 0.018862286326952735 0.06299755742634257
2.1887804888755062 -0.015894349271589368 0.03430792439540021 0.0378108980994603
2.2164865710131707 0.01428808448561034 0.008909210524568077 0.01683815282146511
2.2441926531508356 -0.02470665334170951 0.030249960361123304 0.039057378575589746
2.2718987352885 -0.014741879450375212 -0.014336616950764283 0.02056359879306968
2.299604817426165 -0.005574311489802116 -0.015283040848138694 0.016267891263197446
2.3273108995638294 0.03933296849464151 -0.015735147058715405 0.042363631378339865
2.355016981701494 0.015250988191150165 0.04382785646496289 0.04640553461732762
2.3827230638391588 -0.013795042737980214 0.011968262215973658 0.01826314607653904
2.4104291459768232 -0.011083575342712081 0.014384182472228923 0.01815902937306818
2.438135228114488 -0.019022567619446554 -0.011986665374137182 0.02248417722817439
2.4658413102521526 0.006650652610380392 -0.019673273583667314 0.02076701407621668
2.493547392389817 0.02252558495508792 -0.0120608992641921 0.02555126745642714
2.521253474527482 0.03506021303745034 0.0015297413347281428 0.03509356987800726
2.5489595566651464 0.04261739606891767 0.0424770577540735 0.060170947168362694
2.5766656388028113 -0.03011510407117587 0.06181314771201617 0.06875888832205829
2.6043717209404758 -0.02958633939608571 -0.01561559785045157 0.03345442235471121
2.63207780307814 0.011948809577958549 0.015593718198876096 0.01964530726652738
2.659783885215805 -0.026387743770176313 0.011083570235966154 0.02862094600910448
2.6874899673534696 -0.002255261357082961 -0.006901378884953631 0.007260525759367258
2.7151960494911345 -0.011132548839701096 0.009005037375216908 0.014318671090481254
2.742902131628799 -0.010284470586970889 -0.017073820423989996 0.0199320264680972
2.770608213766464 0.017263792616636093 0.0004382003241349572 0.017269353057781024
2.7983142959041283 -0.014928089505455745 0.010697970315121704 0.018365577179770942
2.8260203780417927 0.0032879081087426195 -0.02379738954998117 0.024023448735039865
2.8537264601794576 0.021264295768460482 0.012161819691625888 0.024496533075931082
2.881432542317122 -0.005377032730110532 0.008664301536478174 0.010197185989070611
2.909138624454787 0.004869905454574823 0.01150076906058111 0.012489342181288707
2.9368447065924514 -0.027534350309978185 0.011361499946139074 0.02978630772718757
2.964550788730116 -0.011322801626499703 -0.0357659501782258 0.03751545053473827
2.992256870867781 0.029789673385421402 -0.006607613476915932 0.030513688670339503
3.0199629530054453 -0.005589568980263099 0.010971322313904864 0.01231313098690606
3.04766903514311 0.00247667160207441 -0.022172537434297597 0.022310430710765092
3.0753751172807746 0.028805671172589375 -0.0033401086277081537 0.02899867268252526
3.103081199418439 0.013276989770486435 0.01867730543417829 0.022915501208727408
3.130787281556104 -0.005654948642461964 0.006687134277560262 0.008757637181055392
3.1584933636937684 0.004145756387852174 -0.004162338569283004 0.005874721984294916
3.1861994458314333 0.008223142567050413 -0.005735735570358846 0.010025903261607712
3.2139055279690982 0.024813588854550345 0.006063596078686104 0.02554371525929857
3.2416116101067627 -0.0006849176206675385 0.01948031077496905 0.019492347730237017
3.2693176922444267 0.006861130695637061 0.0018900933330273327 0.007116710421969372
3.2970237743820916 -0.00750898362197596 0.016369721321807175 0.018009792091768624
3.324729856519756 0.0006015806361306192 -0.016562057925602492 0.016572979876678173
3.352435938657421 0.012461492444900064 0.014120800266540223 0.01883310367735026
3.3801420207950854 -0.010825467569342538 -0.007119481467014549 0.012956765200236156
3.4078481029327503 0.010803149067839008 -0.011141914767142437 0.015519352256464107
3.4355541850704148 0.020821995135968215 -0.021351722890628193 0.029823674351770607
3.4632602672080797 0.05542464740645792 0.01669735491252265 0.057885172550532556
3.4909663493457446 0.0035904719587716125 0.047291681324684184 0.04742778311709507
3.518672431483409 -0.010510943131363738 0.007927938187411039 0.013165566049895947
3.546378513621074 0.013163858787032382 0.006277198372018739 0.01458390885759385
3.574084595758738 0.00380660301746154 0.023554814218437144 0.023860416999659413
3.6017906778964024 -0.001660566719022101 0.004919679237818766 0.005192371869516749
3.6294967600340673 0.011524232058882356 0.020654413834887527 0.02365190764842796
3.6572028421717317 -0.010404404007633337 0.014344660794521711 0.017720635317729015
3.6849089243093966 0.0036573438258468162 0.013387276285191782 0.013877871962102767
3.712615006447061 -0.013187511239701034 0.006819875144296657 0.014846587139172304
3.740321088584726 0.0204623769861194 0.010044874138135061 0.02279491979308204
3.768027170722391 -0.026409885582482525 0.04240774747299844 0.04995897419096417
3.7957332528600554 -0.028578254724459566 -0.021298523772015042 0.03564188207661298
3.8234393349977203 0.0018954275615882326 -2.769867291731569e-05 0.0018956299369100747
3.8511454171353843 -0.009074493910586755 -0.021471967231227553 0.023310766107363053
3.8788514992730487 0.036720884377506285 -0.0012144548943404186 0.036740961475668715
3.9065575814107136 -0.0019501650352521007 0.030495161503765862 0.03055745439013995
3.934263663548378 -0.00734215802997363 0.0011796777971801592 0.007436324646104827
3.961969745686043 0.0008528027029793966 0.00866342314247137 0.00870529568686311
3.9896758278237074 -0.006923758564135854 0.006842873124988829 0.009734646642746668
4.017381909961372 -0.008985904560548619 -0.004934671514862951 0.010251705405974572
4.045087992099037 0.01592369762800691 -0.008975068977941446 0.018278840480375112
4.072794074236702 0.00944252410155219 0.02569418829396214 0.027374304986501025
4.100500156374366 -0.01882699506766778 0.00498800666235876 0.0194765488149652
4.12820623851203 0.003687592147437767 -0.004700890559628055 0.005974672200166705
4.155912320649695 -0.0016164408370733232 0.00452540126691989 0.0048054279316621165
4.18361840278736 0.0036239847326964988 -0.003319031411602877 0.004914187100022129
4.211324484925025 0.00779965822847466 0.003456331523791761 0.008531172022844759
4.239030567062689 0.011653853733128014 0.008404005063697378 0.014368006401160632
4.266736649200354 0.000744581073855487 0.022049734549313298 0.022062302569557973
4.294442731338019 -0.012316301657118112 0.009335104116603866 0.015454302164024256
4.322148813475684 -0.00809320515007819 0.00261423163240486 0.008504950125022387
4.3498548956133485 -0.001401486726749044 -0.005046071314081341 0.005237079410515783
4.3775609777510125 0.008452250877180944 0.010781488153523906 0.013699672685702472
4.405267059888677 -0.01418599741593318 0.010116893011983612 0.017423950381609384
4.432973142026341 -0.0019669136218574464 -0.006158834100294882 0.006465290919270643
4.460679224164006 2.7075988503337077e-06 0.006447432358857686 0.006447432927385653
4.488385306301671 -0.0033162533897701774 0.0009339409891221653 0.00344525504372676
4.516091388439335 -0.002222192884138147 0.0060757071250011644 0.006469339864553734
4.543797470577 -0.009875105411159633 -0.0007369613107487617 0.00990256627622632
4.571503552714665 0.0010141765367375905 -0.0073352524864212605 0.007405030930875194
4.59920963485233 0.0038235779230595605 0.005533425593798497 0.006725960670105997
4.626915716989995 -0.010983058090062787 0.00019336333841112207 0.010984760097077002
4.654621799127659 0.0026642044256621677 -0.012752863816833264 0.013028181789966434
4.682327881265324 0.00817746559606767 0.0006296482590228699 0.008201670592322085
4.710033963402988 0.004409273148193439 -0.0010254583966885264 0.004526947605033516
4.737740045540653 0.007545662001596917 0.0047406936036693175 0.008911295690650982
4.7654461276783175 -0.001417889227398446 0.005754495791463863 0.00592660372179108
4.793152209815982 -0.0003275261030315337 -0.003730449602972789 0.003744800073233131
4.8208582919536465 0.010396339527408219 0.000544660404234319 0.01041059703019434
4.848564374091311 0.0011797996417165304 0.009364755106193176 0.009438779867841269
4.876270456228976 -0.0005247298459196486 -0.002151291957380235 0.0022143618713046298
4.903976538366641 0.007879401964779991 0.0018925042306710716 0.008103489839920002
4.931682620504305 0.0050065514468533735 0.005994111157528943 0.007809924836949622
4.95938870264197 0.0026137127687806913 0.006857037811968187 0.007338287401870322
4.987094784779634 0.001098623510583231 0.006777489273081577 0.006865954738034767
5.014800866917299 -0.004213632178913474 0.004394069121145053 0.006087901081700948
5.042506949054964 0.004025448306749985 -0.003273666360338281 0.00518855717026678
5.070213031192628 0.004970461480840091 0.010433378444288603 0.01155685394448944
5.097919113330293 -0.004875448876171304 0.0016970054133011647 0.005162347248774872
5.125625195467958 0.0043786102679661465 0.0024309090816686347 0.0050081480451437945
5.153331277605623 -0.001182675262718793 0.0015712274020807946 0.0019665900249153426
5.1810373597432875 0.008974950786935382 0.0027357385836518505 0.009382643935799411
5.2087434418809515 -0.002557647132323387 0.011613371288679343 0.011891675724732985
5.236449524018616 -0.002381134912780722 -0.0023734641340779584 0.0033620136032767164
5.26415560615628 0.0027607853429816045 0.0036558764779547567 0.00458119728150676
5.291861688293945 0.0015217979460962275 -0.004605769815101117 0.004850668467174321
5.31956777043161 0.01677727450982046 0.006051928373865104 0.01783543599187485
5.347273852569274 -0.0009926437080015223 0.015718564646310627 0.01574987670019297
5.374979934706939 0.002439135827313718 0.003839365645070905 0.004548638493069778
5.402686016844604 0.0010006299596771288 0.015851772799641877 0.01588332336784936
5.430392098982269 -0.008957949657408091 0.007065580456226006 0.011409088011233002
5.458098181119934 -0.003372936967862433 0.004743963789976907 0.005820815770129225
5.485804263257598 -0.0070313512780800155 0.004868226656446663 0.008552165314953595
5.513510345395263 -0.006389467920412591 -0.001582849131603893 0.006582606754121106
5.541216427532928 -0.0003864369465139012 -0.0014231575393133411 0.0014746901014570457
5.568922509670592 -0.002847124379032909 -0.0015788097002252058 0.003255573267369164
5.596628591808257 0.007223022260668004 -0.00472379974898376 0.008630546601844206
5.624334673945921 0.005536343322074717 0.009387839120083731 0.010898743997564847
5.6520407560835855 -0.0016651813599511734 0.0034308766688179062 0.0038136260537928847
5.67974683822125 0.001676269509562942 0.005174872019409946 0.0054395937243476526
5.707452920358915 -0.00045862949480893005 0.004879775281407016 0.00490128022158901
5.73515900249658 -0.0043861826553131655 0.006827006503943198 0.008114592786495992
5.762865084634244 -0.0034855431980096406 -0.004273257291531084 0.005514502630774134
5.790571166771909 0.004846624300706158 0.005240480790294372 0.007138095406033726
5.818277248909574 -0.006234762095934927 0.0009739967174538396 0.0063103825556393755
5.845983331047238 0.005820895926601682 -0.0009732324104647565 0.005901695579501462
5.873689413184903 4.140195744750072e-05 0.006260613723886977 0.006260750619678318
5.901395495322567 0.0004714104138866611 0.003963222158808253 0.003991159938963802
5.929101577460232 -0.00558707489705205 0.0029715286695218934 0.006328142582074121
5.956807659597897 0.003419880868673119 -0.004387502552783981 0.005562891676691391
5.984513741735562 0.004253848955008777 0.007892659256528241 0.008966008090097299
6.0122198238732265 -0.002655806579187947 0.003642850594165115 0.004508178017499655
6.0399259060108905 -0.0002072924504075619 0.003491023093686316 0.0034971720576270115
6.067631988148555 -0.0003607521649237117 0.0014852969713536127 0.0015284793808257146
6.09533807028622 0.0023353536491768053 0.006721628059095884 0.007115768435773364
6.123044152423884 -0.006710818809128891 0.006351111817898505 0.00923968129387633
6.150750234561549 -0.005188124895181189 -0.00028913053188400864 0.005196175169532524
6.178456316699214 -0.003699322248018867 -0.0028760328499135997 0.00468578169022731
6.206162398836878 0.0043182259227016705 -0.002401798630647913 0.004941225736765613
6.233868480974543 -0.00037502695444174703 0.005908901244921612 0.005920790415037001
6.261574563112208 -0.00354735855767522 -0.002449282650288615 0.004310770028395906
6.289280645249872 0.004015678553601475 -0.0011854328821966262 0.0041869947891116175
6.316986727387537 0.002639158722884881 0.004161640826683242 0.004927921786604992
6.344692809525201 -0.002601424668699619 0.0037160782252798467 0.00453614899262777
6.372398891662867 -0.0008443035167984694 -0.001151965644052216 0.001428241321890282
6.400104973800531 5.4295498576956746e-05 0.0014896618520157294 0.0014906510103027647
6.4278110559381965 0.00012568437195725657 -0.0022791780914999033 0.0022826408684082197
6.4555171380758605 0.0040312708925242715 0.0008749486273710379 0.004125127890072246
6.483223220213525 0.002550398246558708 0.0012276405770284484 0.0028304827507717608
6.510929302351189 0.004176964589831276 0.00486360381501119 0.006411058824725894
6.538635384488853 -0.002542637529975575 0.005356865271576062 0.005929672094362214
6.566341466626519 -0.001454630898270807 -0.001058277145869375 0.00179886118632694
6.594047548764183 0.003778595701587888 0.0012861354433867244 0.003991482162655125
6.621753630901848 -0.0008488638595076589 0.0042012997560481186 0.004286197556360208
6.649459713039512 0.0020421975222898172 -0.002126911623879952 0.0029486138736433977
6.677165795177178 0.005978186645397635 0.007618996720556306 0.009684411525490766
6.704871877314842 -0.0051188098319106855 0.006125511064585249 0.007982737619239517
6.732577959452507 -0.0006456033643774639 0.0010865459501139155 0.0012638772906435386
6.760284041590171 -0.0035701663906423553 0.003481934891696053 0.004986978909809291
6.787990123727837 -0.0016355750355172565 -0.003579296178332926 0.003935284847255147
6.815696205865501 0.00521454464205735 0.0017930569779741957 0.005514211561979733
6.843402288003165 -0.0021513410689489977 0.006166074265123487 0.006530600296907228
6.8711083701408295 -0.0029616378889150592 -0.0011681588793444522 0.0031836919060186297
6.8988144522784935 0.0008869701573215232 0.001627760294011349 0.0018537312736043702
6.926520534416159 -0.0037834180871025463 -0.0005036618365439401 0.0038167954709946808
6.954226616553823 0.002890474617017474 -0.004426789602098765 0.005286899818690728
6.981932698691489 0.004161928998920994 0.0024291214305513357 0.004818950499478416
7.009638780829153 0.000930224675615839 0.00035362927062482046 0.0009951741597163963
7.037344862966818 0.005565003777005524 0.0019499655102524654 0.0058967476229918395
7.065050945104482 0.0008669184065391981 0.006709291989675517 0.006765068109510836
7.092757027242148 -0.0019001488299377081 0.002612267551371165 0.0032302488040180967
7.120463109379812 -0.0008324994044791117 0.001091075710306954 0.0013724071786754468
7.148169191517476 0.0014692677290205846 0.0010382326019299929 0.0017990760393189692
7.175875273655141 -0.0012649153137579009 0.0031375528326219072 0.003382934898645406
7.203581355792805 0.0003907020462279518 -0.002399816563117078 0.0024314126810432188
7.231287437930471 0.004244238696327678 0.003495845503303269 0.005498590537071382
7.258993520068135 -0.0015128359653445078 0.0029399377666574906 0.003306343407732912
7.2866996022057995 0.0008323112860803582 0.0010479615286908184 0.0013382695702110008
7.3144056843434635 2.4194445724771978e-05 0.001534734372221215 0.0015349250680346503
7.342111766481129 0.0014263142759179408 0.0009848679616572958 0.0017333024305026276
7.369817848618793 0.0010934623924953662 0.002535031812958857 0.002760805370995058
7.397523930756457 -0.00048383857183548776 0.0016602510440886884 0.001729315845354279
7.425230012894122 0.00208320250979696 -0.0002153510804137248 0.0020943038902364935
7.452936095031786 0.0028429948431733915 0.004606937677130748 0.005413547306459726
7.480642177169452 -0.0017445329340573033 0.003376577765218432 0.0038006147611377404
7.508348259307116 -0.0007175475749971799 0.001897296172455073 0.002028449478887015
7.536054341444782 -0.0018243213270134969 -8.72032933284346e-06 0.0018243421686569544
7.563760423582446 0.002535788307406877 -0.001099815390595889 0.0027640217498010075
7.591466505720111 0.002541548862728317 0.003202352157119799 0.004088340734313302
7.619172587857775 -0.0007196410929339693 0.0024724486436350952 0.0025750506010663596
7.6468786699954405 0.0012221564227561112 -0.00030288284250828826 0.0012591284040835212
7.6745847521331045 0.0032604327013978905 0.0035154277077849194 0.004794648409321238
7.7022908342707685 -0.0010779010829275557 0.003884001985120436 0.004030799196808976
7.7299969164084334 -3.736547677243672e-05 0.001735009658125667 0.001735411966261549
7.7577029985460975 -0.0015350092946660359 0.002860004631069367 0.0032459020355595065
7.785409080683763 -0.0018467928446161195 -0.0017758636014023547 0.0025620958884692508
7.813115162821427 0.004301307075083263 -0.0009369003357406069 0.004402161377468141
7.840821244959092 0.00223388088753691 0.004206125750804881 0.004762532692936251
7.868527327096756 0.0007486908043533805 0.001982217525583034 0.0021188969392709586
7.896233409234422 0.0009315269315581809 0.004569666911911469 0.00466364643921864
7.923939491372086 -0.003071888085790823 0.0018120655004955888 0.0035665218055845297
7.951645573509751 0.0007936156937202182 -0.0007211807134154597 0.0010723467213179954
7.979351655647415 0.0014137187804908813 0.0018376284862823393 0.0023185079779696567
8.007057737785079 0.0008327236495054089 0.0013563797802868098 0.0015916013272225245
8.034763819922745 0.0025103902892608583 0.0026458081073420887 0.003647240044923331
8.062469902060409 -0.0013196846082177858 0.005720352119247018 0.005870604383991548
8.090175984198074 -0.004494699933148971 -0.0007594061903131694 0.004558401611413295
8.117882066335739 0.002421369412980533 -0.0025198495784316552 0.0034946633217006586
8.145588148473404 0.003132989534820179 0.0019046939009375499 0.003666535460289654
8.173294230611068 0.0018802067632733622 0.0027784192929307455 0.0033548161261071634
8.201000312748732 0.0013418838459449908 0.003120323246058918 0.0033966261813605254
8.228706394886396 0.0008943904441800389 0.004784972031684597 0.004867842603314572
8.25641247702406 -0.0033867743011180697 0.004607533196483815 0.005718356610374536
8.284118559161726 -0.003572501863864912 -0.00020506231164329792 0.0035783823326993387
8.31182464129939 -0.0007684836504510574 -0.0010493847096342377 0.0013006826629984411
8.339530723437056 0.0007587927141425273 -0.0009168077112148577 0.001190085191227422
8.36723680557472 0.0018964963280380404 0.0006916556512581567 0.0020186841907983318
8.394942887712386 0.0012229816972507985 0.001345683536216937 0.0018183917101262214
8.42264896985005 0.0014058922688966846 0.0023469406187803755 0.002735811276353813
8.450355051987714 -0.0008223988841018785 0.0024168016830416693 0.00255289449443667
8.478061134125378 -0.0004338017030791629 0.00047710190644157784 0.0006448334255639748
8.505767216263044 0.0004433349748912383 7.106316799478882e-05 0.00044899429150855637
8.533473298400708 0.002764650240927105 0.0010193502955547753 0.002946585478092551
8.561179380538372 0.00046616429332793543 0.004386154496864814 0.004410857107041823
8.588885462676037 -0.0022800633963655954 0.0015221094550951903 0.0027414423730467855
8.616591544813701 -0.0005158103853180122 -0.000372490544844284 0.000636246461365647
8.644297626951367 0.0010776230199895888 0.00046408596416423157 0.0011733060791395081
8.672003709089031 -0.0002876912610873677 0.001050128211661015 0.0010888229987616911
8.699709791226697 0.0012353253896138273 -0.0007676323237962572 0.0014544030400000531
8.727415873364361 0.0020373515529008104 0.001980467855754621 0.002841312069763659
8.755121955502025 -5.8002636872595505e-05 0.0017028005791059732 0.001703788167023064
8.782828037639689 -0.00013884383708774717 -2.2479335751451997e-05 0.0001406518099175243
8.810534119777355 0.003169323059738912 -0.0006213666611599633 0.003229660227422368
8.838240201915019 0.0029476868873665827 0.004222305981836535 0.005149439366591811
8.865946284052683 -0.0009691498754945115 0.003245463622683607 0.0033870762624029637
8.893652366190349 -0.0011585117488730277 0.0015434720375518411 0.0019298848159880614
8.921358448328013 -0.0004231403334167663 -0.0005183133187855183 0.0006691012167038037
8.949064530465678 0.0018804294689223516 0.0004428858607066035 0.0019318806570814426
8.976770612603342 0.0008798686880961824 0.0014868857623120952 0.001727714727163752
9.004476694741006 0.0011717210274226823 0.00045266827203615053 0.0012561205079978039
9.03218277687867 0.0025090784748605494 0.0020528954647182703 0.0032418905876154093
9.059888859016336 -0.000210409752182397 0.002538472605404987 0.0025471779349321164
9.087594941154 0.0014166102768571939 0.0005357341359443739 0.001514528223874841
9.115301023291664 0.000900688608610747 0.0023284525085647614 0.0024965838768851115
9.14300710542933 0.0024761911147283197 0.0009661245101637367 0.00265799153606602
9.170713187566994 0.0012584517704296034 0.005335060746772633 0.005481475534037488
9.19841926970466 -0.0009782968135642694 0.002032843236105178 0.0022559956289870276
9.226125351842324 -5.46304856681656e-05 0.0044870729036929945 0.004487405456722205
9.25383143397999 -0.004254948042282773 0.0012547651222717545 0.0044361039612024035
9.281537516117654 -0.00032202252611905646 -0.0013434000993474172 0.0013814565987589871
9.309243598255318 0.0010170558713037364 0.00027587169503637813 0.0010538063567257728
9.336949680392982 0.00044411021335602377 0.0011640088457175973 0.0012458533117971579
9.364655762530647 0.001800618461972231 0.0003072714293722415 0.0018266479072069973
9.392361844668311 0.0006341120008111362 0.0047410035889224765 0.004783222037471029
9.420067926805975 -0.0034517785827381593 -0.00032293009190158245 0.003466851486364165
9.447774008943641 0.0025735079971759825 -0.0004501883210780804 0.0026125874025501685
9.475480091081305 1.6790311014243016e-05 0.002419723269594601 0.0024197815223613766
9.503186173218971 -4.748097678891657e-05 0.000954623536411254 0.0009558036092352646
9.530892255356635 -0.0005698462527760127 0.0004351744920151613 0.0007170087797952805
9.558598337494299 0.0014385029169612558 -0.00040907700946187593 0.0014955382448390657
9.586304419631963 0.002177320281776728 0.0018440658868077982 0.0028532967956952046
9.614010501769629 -0.0001404345442703907 0.003266163940204627 0.003269181662972776
9.641716583907293 -0.0017306534590841149 0.0002170487593441454 0.0017442108700993252
9.669422666044957 0.001114100655959865 -0.00043541260624936645 0.001196162367444766
9.697128748182623 0.0014248158665294503 0.0006412885268121738 0.0015624823929039958
9.724834830320287 0.0016221643372333323 0.0017990021054623791 0.0024223595341009412
9.752540912457953 0.00018234527647839266 0.0015066772369419258 0.001517671274081755
9.780246994595617 0.001571346532182178 0.0009531251399953996 0.0018378186680660872
9.807953076733282 0.0015285170470612406 0.0034252030075133497 0.003750783918840875
9.835659158870946 -0.0026267128037975093 0.0029517119700172784 0.0039512306573493096
9.86336524100861 4.998516370119192e-05 -0.0020968910355078844 0.0020974867178086163
9.891071323146274 0.00240676537193657 0.0035296218004111364 0.004272089606912585
9.91877740528394 -0.002633675828432422 0.0008140022361080491 0.0027566008070916085
9.946483487421604 0.00216686651553766 0.0007585878993173768 0.0022958149091660395
9.974189569559268 -0.002087697213469707 0.00260803392644834 0.0033407066043929573
10.001895651696934 -0.0005013029975930317 -0.0011950371919901275 0.0012959238348126052
10.029601733834598 0.00044180956427077424 1.9266825416185514e-05 0.00044222946718050027
10.057307815972264 0.0014844896572471845 -6.617134738771168e-05 0.0014859637242170378
10.085013898109928 0.000943501172757607 0.0011455034383322 0.0014840392819012143
10.112719980247592 0.00129088891696774 0.000988675437844884 0.0016259991750760263
10.140426062385256 0.00016621881459493462 0.0016756390279812179 0.0016838630723485762
10.168132144522922 0.0004982991984593298 0.000528457846050957 0.0007263399935553787
10.195838226660586 0.00041232450787427404 0.0010449409800404167 0.0011233490782306223
10.223544308798251 0.0008521104644995789 0.0003757564732866 0.0009312814670798896
10.251250390935915 0.0010857678629785017 0.0013382062125327759 0.001723278189828392
10.27895647307358 0.00020740141634026236 0.0013458953412030733 0.0013617817802320915
10.306662555211245 5.893274238139419e-05 -5.4097690504745444e-05 7.999767648212666e-05
10.33436863734891 0.0023461297527877026 0.0001915389301656957 0.0023539354236437127
10.362074719486575 0.0014579718465369948 0.002095650725455432 0.0025529265301603124
10.389780801624239 0.0013036545654495741 0.001595436289965133 0.0020603233196164203
10.417486883761903 0.0004761490146000367 0.002536246211882398 0.0025805547332681013
10.445192965899567 0.00047786195127050914 0.001100327192508021 0.0011996132606155376
10.472899048037233 0.0008935907797678804 0.0030424152359287654 0.003170929666438165
10.500605130174897 -0.001912387036582047 0.0017643935131177047 0.0026019816768799316
10.52831121231256 0.00025754602171366796 9.653165126942057e-06 0.00025772686491226546
10.556017294450227 0.00012046058237324473 0.001776254147152864 0.0017803341111104537
10.58372337658789 -0.0005937495479392441 0.0007752539103736639 0.0009765025095859782
10.611429458725556 -0.0005616577517047933 0.0006228798093392655 0.0008387125174531515
10.63913554086322 0.0002591030706527496 -0.0009245934211398257 0.0009602121617833899
10.666841623000884 0.0019317205890834477 0.0013468133268064702 0.0023548780375111603
10.694547705138548 -0.0010857509417060856 0.0010382799034630722 0.0015022916711980195
10.722253787276214 0.0018652243384557838 -0.0007476582006516561 0.0020094911340360496
10.749959869413878 0.0005883142205866919 0.003489285107715255 0.003538534185940272
10.777665951551544 -0.002729072493211381 -0.0009737226745900309 0.0028975804596617755
10.805372033689208 0.002790666080859403 -0.001973973199069335 0.0034182433157256675
10.833078115826872 0.001967987433957628 0.0015094994413549407 0.0024802344856214723
10.860784197964538 0.0019522424789592105 0.0009507156643253087 0.002171430627730556
10.888490280102202 0.0004638215029819588 0.0027687654468114015 0.0028073461642777837
10.916196362239868 -0.00038237664591912464 -0.0004692948775939295 0.0006053507920869195
10.943902444377532 0.002863268676062992 0.0004604253012995543 0.002900051545990227
10.971608526515196 0.0016655447734255904 0.0028207889845407994 0.0032758037010162887
10.99931460865286 -0.0004459909515909073 0.0024627358885478735 0.0025027936362478323
11.027020690790525 -0.0001321532672932147 8.880465676587145e-05 0.0001592191983385675
11.05472677292819 0.001853806647861225 0.0013646424040763354 0.0023019226699995186
11.082432855065855 0.00021785862123335146 0.002308457682634418 0.002318715000029017
11.11013893720352 -0.00020392672629041174 0.0017505682172647868 0.001762406080616252
11.137845019341183 -0.0012207624375060364 0.0007524728796383559 0.0014340419671044914
11.165551101478849 0.0009179254854076641 -0.0010229276402558517 0.0013743973784754906
11.193257183616513 0.0021055216179648216 0.002003793637913949 0.0029066149086285267
11.220963265754177 -0.0008335605877044971 0.001639960271148785 0.0018396447875393398
11.248669347891841 0.0007580361286362137 4.435623927035746e-05 0.0007593327651826882
11.276375430029507 0.00080520902858795 0.001236805615666427 0.0014758217069360242
11.304081512167171 0.0011346404938152566 0.001218527340254506 0.0016649978766211835
11.331787594304837 2.424317525823062e-06 0.0021488078294437593 0.0021488091970191924
11.3594936764425 -0.0001129892940463444 0.0010228761905405632 0.001029097799892637
11.387199758580165 -0.0008534952156540391 0.0011160438708536682 0.0014049939518782186
11.41490584071783 0.00039980186539699547 -0.0007515261079097512 0.0008512537943791477
11.442611922855495 0.0009266709385947958 0.001126207356794297 0.001458445075734344
11.47031800499316 0.0008312684688276502 0.00021318156453217213 0.0008581687751971932
11.498024087130824 0.0007353887530059517 0.001897699501452559 0.002035205153261199
11.525730169268488 0.00011847506849528494 0.0002961037545348286 0.0003189259715115476
11.553436251406152 0.00044949188476698347 0.0018007392685575507 0.0018559916130727956
11.581142333543818 -0.00048658053734675685 -0.0005293840758303082 0.0007190327663377853
11.608848415681482 0.0017245298411867735 0.001151935482439193 0.002073875244282089
11.636554497819148 -0.0005702585006515038 0.0004266391062800981 0.0007121907641726211
11.664260579956812 0.001699993123795522 0.0002473892571664183 0.0017178993176299386
11.691966662094476 0.0005995998732177746 0.0010508312702298484 0.0012098621270440891
11.719672744232142 0.0011544583391132819 0.0012240612559832897 0.0016825872979276842
11.747378826369806 -0.00019294630061336557 0.0007082144930195081 0.0007340272767705994
11.77508490850747 0.002011055764776258 0.0005326364785453031 0.0020803958535136912
11.802790990645134 0.0001609544951307942 0.0027712706377823974 0.002775940794998637
11.8304970727828 -0.0010556631324585017 0.00028376026033106213 0.0010931351858646068
11.858203154920464 0.0007302996564979986 -0.0003120710993652622 0.0007941825730524046
11.88590923705813 0.0011176148529768227 0.00033844356238909326 0.0011677358453507476
11.913615319195793 0.0018785102705589128 0.0006991159207338825 0.0020043861671890737
11.941321401333457 0.0009408833592162039 0.0025448856238154695 0.0027132460879825517
11.969027483471123 -0.0004315466888842498 0.0008804188866096135 0.0009804947529619273
11.996733565608787 0.0008159275645497376 0.0011944563032814188 0.0014465350500560915
12.024439647746453 -0.000475726960590427 0.0012166330099446117 0.001306335340530712
12.052145729884117 -0.00033579536173449013 0.00011100944915076163 0.0003536688037743117
12.079851812021781 0.0009436845018849319 -0.0007961405836703661 0.001234657955899043
12.107557894159445 0.0021254360575979113 0.001356486552225601 0.0025214151187986185
12.13526397629711 -5.106447927037812e-06 0.001484813549810649 0.0014848223306213213
12.162970058434775 0.0004432712035692407 0.0005521582374894578 0.0007080734984033703
12.19067614057244 0.0009273195028066493 0.00041340137728736957 0.0010152941243938454
12.218382222710105 0.0011866404434550818 0.001841473116121213 0.0021906936754006578
12.246088304847769 -0.0006675320421746738 0.0012065562298909259 0.0013789042618030068
12.273794386985434 6.778028907055912e-05 0.00036042799426101604 0.0003667458338325162
12.301500469123098 0.0002189463057709581 -0.00019227582242852746 0.00029138887539045913
12.329206551260764 0.0013514522790609408 0.0005155749723371746 0.0014464580238221533
12.356912633398428 0.0006325069410039236 0.0006440203622245026 0.0009026778259035282
12.384618715536092 0.0007366072298371003 0.0014158373105954433 0.001595990445185191
12.412324797673756 -0.0007476205265529684 -0.0003535101173804076 0.0008269860064194842
12.440030879811422 0.0022465191027765275 -1.896450208079727e-05 0.002246599147929828
12.467736961949086 -0.0001627328690560779 0.0008967549702566235 0.0009114008247479153
12.495443044086752 0.0021535533444741 -0.0007573152329778368 0.0022828312179387807
12.523149126224416 0.0010670374075470402 0.0018275806327722197 0.002116274981751855
12.55085520836208 0.0014171023114039802 -0.0006260507460503535 0.0015492315829522413
12.578561290499744 0.0027437609204327353 0.0024033524257348333 0.0036475096806971464
12.60626737263741 -0.00046061283917957056 0.0018774250414402068 0.0019331034565805906
12.633973454775074 0.0009923822025165781 0.0001867101293070323 0.001009793596859033
12.661679536912738 0.0010783959833597996 0.0012931478000694887 0.001683796047551813
12.689385619050402 0.0015534102430406465 0.0005868380628744114 0.0016605608375551291
12.71709170118807 0.0016448378182490546 0.003198348763732058 0.0035965158504876206
12.744797783325733 -0.001836310814854514 0.0014681293845051698 0.002351051105016473
12.772503865463397 0.0012230666442423893 -0.00059778652673232 0.001361337852188438
12.800209947601061 0.0013281388432972439 0.0018475346165549977 0.002275376220857545
12.827916029738725 0.0003469394030139359 0.0019004689805061066 0.0019318771428922664
12.855622111876393 -0.001123521925758538 0.0008597418037214823 0.001414728767900915
12.883328194014057 0.0016693644479701944 -0.0007017680647700247 0.0018108716345665967
12.911034276151721 0.0009674632855500541 0.0030858027735183946 0.0032339084659187742
12.938740358289385 -0.0013845956816343188 3.4449354362371574e-05 0.0013850241729357607
12.96644644042705 0.0017589163942539308 0.000166313837073573 0.0017667617763516916
12.994152522564715 0.0006359955460414227 0.0019093151244307942 0.0020124548638329027
13.021858604702379 -0.0008831944386794453 0.001719208968961653 0.0019327989795818112
13.049564686840043 -0.0014875949337207555 -0.0015688414718931405 0.0021619903447433557
13.077270768977707 0.0032051722205489143 -0.0011314370189189416 0.003399011428512508
13.104976851115374 0.00102421902273582 0.001993121914025077 0.0022408836584483596
13.132682933253038 0.0016658971364416652 8.4752576859189e-05 0.0016680516384359368
13.160389015390702 0.0007517183667371405 0.003000468462330574 0.0030932008496588697
13.188095097528366 -0.0008307975441143366 -0.00034466996785265845 0.0008994564725688318
13.215801179666032 0.0016743568393137202 0.0007804991346894505 0.0018473358451044065
13.243507261803696 9.171668941361196e-05 0.0002600527782813236 0.00027575242267082297
13.27121334394136 0.0021364698725617483 0.0007087875363416162 0.002250973853254904
13.298919426079024 0.00023783096257987582 0.0014096308511557726 0.0014295533229970187
13.326625508216692 0.001259647981653639 0.00048137787786649034 0.001348494604729041
13.354331590354356 0.0004738927203773991 0.001006800628540985 0.0011127541579599757
13.38203767249202 0.001958690709737658 0.00018296397088568003 0.0019672176064317
13.409743754629684 0.0012210841059717647 0.0025088152896181417 0.002790197224441065
13.437449836767348 0.00035720022759355734 0.0006442483513085127 0.0007366464150164758
13.465155918905014 0.0016035843692534077 0.001995403088064378 0.002559905528173004
13.492862001042678 -0.00039902745744950263 0.0015518430046045227 0.0016023231954691935
13.520568083180342 0.0010618664833975068 0.001043761159618429 0.0014889586249761928
13.548274165318006 -0.00020089932889294336 0.001897733971814056 0.001908338221628123
13.575980247455673 5.394828274071505e-05 0.0009186721000561127 0.0009202547715889229
13.603686329593337 -0.001105802278432471 0.0005927786238204114 0.0012546653640891122
13.631392411731001 0.0017879181746968107 -0.0017279397020463398 0.0024864486749818842
13.659098493868665 0.0025548661655333733 0.0030834824802128636 0.004004398248122541
13.68680457600633 -0.001183515508571333 0.0014806857717712398 0.0018955577843354323
13.714510658143995 0.0008725442016913299 0.0006023461926434532 0.0010602614393144855
13.742216740281659 -1.977202174772546e-05 0.001643230608526304 0.0016433495567412676
13.769922822419323 -0.000982338318967629 0.0004931355673276265 0.0010991684405384314
13.797628904556987 0.0006353272640065848 -0.0014178472515918692 0.0015536832242245232
13.825334986694655 0.0023758338406116935 0.0009781542456799705 0.002569313559404041
13.853041068832319 0.000642077654403097 0.0011910178928716975 0.0013530659020994954
13.880747150969983 0.0009778677096020797 0.0014369814261150189 0.001738142939024858
13.908453233107647 7.164492047169445e-05 0.0005307768494474243 0.0005355903831649045
13.93615931524531 0.0017669123735744715 0.0013319325443239697 0.0022126960113219114
13.963865397382978 -0.0007273163948633586 0.0018991777467268068 0.0020336826822047105
13.991571479520642 -7.817493273042183e-05 -0.0001058134371139775 0.00013155912580007381
14.019277561658306 0.00027343036405309937 -0.00025210766767184636 0.00037191724897502206
14.04698364379597 0.0023744075385501166 -0.0007251144181045141 0.002482660282532967
14.074689725933636 0.0028158736913801567 0.002301646669165512 0.0036368560647195825
14.1023958080713 0.00038937217731788176 0.002808561528753123 0.0028354238754128716
14.130101890208964 -0.00016101175240980007 0.0015872150275773509 0.0015953608771000513
14.157807972346628 -0.00016210370387550834 0.0015294705502086076 0.0015380369874504253
14.185514054484296 -0.0007493985076087946 0.0006230374052411345 0.0009745633542956016
14.21322013662196 0.0001440604207777332 -0.00031280127732886433 0.0003443806671885439
14.240926218759624 0.0014635884402922432 -0.0003009168802329674 0.0014942028280545527
14.268632300897288 0.0021773612908574094 0.0014799220362073683 0.0026326928085472503
14.296338383034952 0.0005732819989236773 0.002280793117519295 0.0023517375481148634
14.324044465172618 -0.000275055771231331 0.0014411083287004282 0.0014671226575639147
14.351750547310282 0.0003364393962007136 0.0004962032536525547 0.000599507411339745
14.379456629447946 0.0006750138361363428 0.0015055068437611486 0.0016499074324298189
14.40716271158561 -4.361285032206135e-06 0.0009323291713784461 0.0009323393720155511
14.434868793723277 0.00014636279667908726 0.001376787314636479 0.0013845451881378415
14.462574875860941 -0.0002412797982636636 -8.53049959087864e-05 0.0002559157739904914
14.490280957998605 0.001421468191586255 0.0012781555568869025 0.0019116101713718638
14.51798704013627 -0.0007096233984560576 0.0006812976670605543 0.000983733642191055
14.545693122273933 0.0018242139535679842 0.0006657059702650895 0.001941885935692084
14.573399204411599 -0.0008315668008374519 0.002146760942651183 0.0023021915404995365
14.601105286549263 0.000209346888857683 -0.0004240095391019381 0.00047287441157650836
14.628811368686927 0.000577026814216195 0.0014466401437581823 0.00155747476700497
14.656517450824591 -0.000509363739116619 0.0007540892080151211 0.0009100010727310906
14.684223532962259 -0.0007090865455230901 -0.0005116452218103563 0.0008744052619027621
14.711929615099923 0.0022191129649596596 -0.001335105241766845 0.002589781527049214
14.739635697237587 0.0021297197899195182 0.0025608222060489057 0.0033306931342541933
14.76734177937525 -0.0008064903426918217 0.001268869175944397 0.0015034811799676726
14.795047861512915 0.0007240108673999132 7.0541160463641445e-06 0.0007240452310915183
14.82275394365058 0.0009894066617345113 0.0011130452109386214 0.0014892263709315753
14.850460025788244 0.00034762726023667887 0.0011649504008892967 0.001215711375529485
14.878166107925908 -1.547758811820226e-05 0.0008288548686148068 0.0008289993660796282
14.905872190063572 0.000561101928706843 -5.582096817014216e-05 0.0005638717539352288
14.93357827220124 0.0011307800595111626 0.0013257084197247835 0.0017424598581078565
14.961284354338904 -0.0001806608574170063 0.00010162515630853338 0.0002072824589717657
14.988990436476568 0.002634318687762922 0.0009490920892056676 0.0028000733459125214
15.016696518614232 -0.0006269353109946262 0.002699307503085445 0.0027711565961499375
15.0444026007519 0.0006420981472281615 0.00016248483446704818 0.000662337793052474
15.072108682889564 -0.0006233111681324855 0.002640163542887302 0.0027127440619251044
15.099814765027228 -0.0007435249678136467 -0.0011282006840174386 0.0013511721434294377
15.127520847164892 0.001187520138026445 0.0017309249910702506 0.002099120149712706
15.155226929302556 -0.0017057266091111071 2.044045445635277e-05 0.0017058490780863522
15.182933011440221 0.0009371794345660432 -0.0006641510316416712 0.0011486522038477202
15.210639093577885 0.0006126284407003277 -8.169241253089533e-05 0.0006180511763762229
15.23834517571555 0.0013411884336557028 0.0006061737707386439 0.0014718128464255719
15.266051257853213 0.00045388585062422027 -4.344536920223203e-06 0.00045390664282198294
15.293757339990881 0.0024582942064810243 0.0016511207094430612 0.002961318963362428
15.321463422128545 -0.0023654591740631136 0.002099570713289988 0.0031628459153528765
15.349169504266209 0.0006953901604571833 -0.003128151875720242 0.003204512698185597
15.376875586403873 0.003331256138861427 0.0018979807338405253 0.0038340055201749206
15.404581668541537 -0.0007959854969184235 0.0017918993034888341 0.001960738642743657
15.432287750679203 0.0001691446929792057 -0.000506531351500064 0.0005340261578008245
15.459993832816867 0.0015812945395634111 0.00017642026164725908 0.0015911054426318665
15.487699914954531 0.000905520677315711 0.0011895553651460032 0.0014949948708252966
15.515405997092195 0.000839933307998496 0.0004269106046588613 0.0009421998865715761
15.543112079229862 0.0009537207525634866 0.0012140652943443274 0.0015438710479834907
15.570818161367526 0.0006681408772919174 0.0005453854044929926 0.0008624717220537716
15.59852424350519 0.0007666108305192215 0.001495350774864945 0.0016804065297893133
15.626230325642855 -5.3400740145666236e-05 -0.0002009185933591823 0.00020789401195209407
15.653936407780519 0.0024944166298735524 0.000986236717608281 0.0026823081826196794
15.681642489918184 -0.00030381740087569034 0.0019712115408029177 0.0019944873907020502
15.709348572055848 0.001203712961781961 0.0003123303068393008 0.0012435735261464166
15.737054654193512 -0.0003089553190370277 0.0022644243202358545 0.0022854038792381715
15.764760736331176 0.0002347901057639424 -0.001200922759770768 0.0012236592126487183
15.792466818468844 0.0023276397451413343 0.0023029411187121453 0.00327436170564841
15.820172900606508 -0.00151008371304191 0.0011727329717994422 0.0019119768417896678
15.847878982744172 0.0013422120122819155 -0.00032734042803935317 0.0013815516066158571
15.875585064881836 0.0009029033912631054 0.0014140452125905377 0.0016777241719676795
15.903291147019502 0.000988049508909413 0.0017642516188199427 0.002022084470679927
15.930997229157166 -0.001501552961356059 0.0016792578244635566 0.0022526802118319473
15.95870331129483 0.0005761576367593787 -0.0011656091537605722 0.0013002316415649134
15.986409393432494 0.0014070408353815003 0.002194622914117109 0.0026069395174416576
16.014115475570158 -0.0012587357441049664 0.0012034887612182878 0.0017414938621385413
16.041821557707827 -0.0005323812691933272 -0.00017650866853643986 0.0005608788869768631
16.06952763984549 0.00043181855624436577 -0.0006580007424809397 0.0007870401785312084
16.09723372198315 0.001269689607401307 0.00021407614978616242 0.0012876103048089329
16.124939804120817 0.0011047218018418782 0.0009489126988603723 0.0014563123186745492
16.152645886258483 -0.0003816450840534901 0.0013788300668772047 0.0014306730316556583
16.18035196839615 -0.00016234529928783612 -0.0012583340602976604 0.001268763415103877
16.20805805053381 0.0024835862852631424 0.00020771657751250973 0.0024922574130536125
16.235764132671477 0.000649673090395406 0.0016566299539684359 0.001779465630117474
16.26347021480914 0.0004010950279979274 0.00030875305432122324 0.0005061676303729254
16.29117629694681 0.0014010377186461686 0.0010209778491518263 0.0017335808194393332
16.31888237908447 -0.0005801068915264055 0.00158926538680142 0.0016918299191353414
16.346588461222137 0.0002664814025005111 -0.0012212187384047016 0.0012499550171543815
16.3742945433598 0.0019069575206139026 0.0012598446352472276 0.0022855405247746412
16.402000625497465 -0.0005738152376952191 0.0001447910411345555 0.0005918009569137662
16.42970670763513 0.002440814928453347 -0.0007387618460391223 0.002550165990700184
16.457412789772793 0.0021621433627466388 0.0021004928064638404 0.003014454171334453
16.48511887191046 0.0003053242659643737 0.0019458886856004946 0.001969696850821137
16.51282495404812 0.00030291503861464816 0.000644679096106995 0.0007122981521639979
16.54053103618579 0.0011047960238359333 0.0010555486333986065 0.0015279912210982608
16.568237118323452 0.0008338351974602439 0.001257797115899255 0.0015090840670048994
16.595943200461118 0.0002455947626346866 0.0017853020001566307 0.0018021154289325793
16.62364928259878 0.0003184888168015035 -0.00017620321042858322 0.00036398172727894083
16.651355364736446 0.002300844581001592 0.002601586618633355 0.0034730589859915317
16.679061446874112 -0.0022414897129206784 0.0018120452601177908 0.0028823227018924475
16.706767529011774 0.0016348641762218873 -0.0005507658090888817 0.0017251445884780212
16.73447361114944 -0.00026979104367273927 0.003097912642125448 0.0031096382338604437
16.762179693287106 -0.0006972455127208482 -0.0004028528979275899 0.0008052588170135212
16.78988577542477 0.0004501345774397846 0.001377991909229256 0.001449649212640142
16.817591857562434 -0.0003109297298481924 -7.306577642853452e-05 0.00031939928708213253
16.8452979397001 0.0007343407720920591 0.0010745028731433551 0.0013014656330268912
16.87300402183776 -1.2840390621868258e-05 0.00023172300662930038 0.00023207849411922024
16.900710103975428 0.0006474678033857263 0.0017100675090321658 0.0018285364207115521
16.928416186113093 -0.0016557215958938934 -0.00010725327071804677 0.0016591917511816227
16.956122268250756 0.001541347029232045 -0.0005239991391340866 0.0016279821136412139
16.98382835038842 -0.00028830980179718544 0.0007926894766975222 0.0008434922336805028
17.011534432526087 0.001434567678397972 -0.0009190640153723519 0.0017037203668021632
17.039240514663753 0.0011517383874008942 0.0014774825361353453 0.0018733541997171129
17.066946596801415 0.0007390009802424883 0.00015095504241809855 0.0007542611441873487
17.09465267893908 0.0008611433669142619 0.001248308040584588 0.0015165226218453072
17.122358761076743 0.000967239609830093 -0.0002570617615298077 0.0010008162728818305
17.150064843214412 0.0021430581256494663 0.0022460577954397792 0.0031044280874853595
17.177770925352075 -0.0008840038118640278 0.0012537520909972405 0.001534065528284266
17.20547700748974 0.0018041294817675779 0.0002479957501006082 0.0018210944728516728
17.233183089627403 0.00046315910947774034 0.002427208957538958 0.002471003780703212
17.26088917176507 0.0005105121366066013 0.0006038724919380587 0.0007907494091949219
17.288595253902734 0.0009699811316788493 0.002740554327680595 0.0029071466111604723
17.316301336040397 -0.0016854279027391323 0.0015768219105613765 0.0023080369479187416
17.344007418178062 -5.9267164964529674e-05 -8.57129295148558e-05 0.00010420798015963754
17.371713500315725 0.0004666963863612028 0.000549546192752558 0.0007209760987795897
17.399419582453394 0.0013852476461643835 0.0011137823507304753 0.0017774763475227086
17.427125664591056 -0.0002159861769080609 0.002794060570437509 0.0028023962068003407
17.454831746728722 -0.0013626617144776461 0.0005331371485688002 0.0014632437142483234
17.482537828866384 0.0005435898283774274 0.00032246232056997245 0.000632037854643828
17.51024391100405 0.0004500329595766761 0.0017560995523950393 0.0018128472915906072
17.537949993141716 -0.001139965619450752 0.0017857017265737087 0.0021185495674678136
17.565656075279378 -0.0009610188255666378 0.00014466667069515862 0.0009718465047030325
17.593362157417044 -9.167209046959523e-05 0.0006598270679317525 0.0006661647932354871
17.62106823955471 -0.00036363239542304 0.000976005941017839 0.0010415450618687678
17.648774321692375 -0.0015954344251993134 0.0010862915309841805 0.0019301399678259136
17.676480403830038 -0.0011304055746174386 -0.0013540277653269282 0.0017638616590884945
17.704186485967703 0.00039186985820958823 0.0001319734784265704 0.00041349605171175604
17.731892568105366 -0.0005560664724523015 -0.001161780441336861 0.0012879998896189462
17.75959865024303 0.0022455319150111474 0.000349829575721959 0.0022726183826994443
17.787304732380697 -0.0011319067032375838 0.0015976292628334758 0.0019579663036671524
17.81501081451836 -8.253305640247625e-05 -0.0009444740263933734 0.0009480732524076634
17.842716896656025 0.0003703744718385455 0.00013753107634652384 0.00039508485968297354
17.87042297879369 0.0008717848930099685 0.00024706969268156146 0.0009061193810542645
17.898129060931357 -0.0008117984726128981 0.0008843179211896322 0.0012004311499931126
17.92583514306902 0.0005446238865223615 -0.0014484094291940855 0.001547418835464096
17.953541225206685 0.0010370394189842716 0.001292713276788977 0.0016572743805760499
17.981247307344347 -0.0004559519150588203 -0.0004968213106755575 0.0006743319387269036
18.008953389482013 0.001395081399495605 0.00020258728399537824 0.0014097140557060642
18.03665947161968 0.00046571206821642314 0.00036600083170771226 0.000592321145404379
18.06436555375734 0.0010818308161111949 0.0011538133980522126 0.0015816583930206318
18.092071635895007 -0.0006699861845708364 0.0007512882139563889 0.0010066357175987585
18.119777718032672 0.0006181294469311822 0.0001546698254504163 0.0006371866038048128
18.14748380017034 -0.0002566166720754226 0.0005232064190049903 0.0005827495802444567
18.175189882308 0.0011256433056544314 4.026044065967042e-05 0.0011263630652000032
18.202895964445666 -0.00012104521448507077 0.0019752764202161347 0.001978981778645676
18.23060204658333 -0.0010621903762615809 -7.339540761979746e-05 0.0010647231007554945
18.258308128720998 -1.9679670379849708e-05 0.0002416894453319863 0.00024248933463379938
18.28601421085866 -0.000888995533267561 -0.0003205424657893695 0.0009450187990426457
18.313720292996326 0.0005590475501156371 -0.001003915126783159 0.001149077780254384
18.341426375133988 0.0004466728228153897 0.0003940105442866213 0.0005956180988275189
18.369132457271654 -0.00019605206964977843 -0.000746819812619741 0.0007721245019654193
18.39683853940932 0.0010732720686362743 -0.00025184453417506224 0.001102423966860591
18.424544621546982 -3.266563861333478e-05 -0.0005341512564386272 0.0005351491462209214
18.452250703684648 0.00233661529477672 -0.0007977960447987003 0.0024690584369109108
18.47995678582231 0.0008589842772976565 0.0021608425478914814 0.0023253160011969826
18.50766286795998 -0.0009595769767607628 -0.0002266651483615283 0.000985984312152622
18.53536895009764 0.0008359037479100787 -0.0008721916733001071 0.0012080783876653688
18.563075032235307 0.0012270882184887547 -7.058598446570094e-05 0.0012291167060767248
18.59078111437297 0.0008835383660728941 0.00018274117516828885 0.0009022385390929866
18.618487196510635 0.0011276577005770966 0.00019699715570073274 0.0011447356764882465
18.6461932786483 0.0004571983016977015 0.00033906887274545803 0.0005692082110617679
18.673899360785963 0.0014527575509295232 -0.0004920117876774113 0.0015338122769740332
18.70160544292363 0.0013107504679877036 0.0012626482248092104 0.0018199855298721016
18.729311525061295 0.0004397629864265147 -8.4108308573137e-05 0.0004477339520315619
18.75701760719896 0.0019310709983121233 0.0006335278628735961 0.002032336771689025
18.784723689336623 0.0007195094299474271 0.0013176396669027433 0.0015012888168433294
18.81242977147429 0.0006346264675636991 0.0008893416360623265 0.0010925563138650541
18.84013585361195 0.0003268406151756901 0.0005529192852438456 0.0006422962896693305
18.867841935749617 0.0014100775908993505 0.0004681980053124423 0.001485775280631316
18.895548017887283 0.0005999241858009737 0.0020198905202150103 0.0021070991296954747
18.923254100024945 -0.0005808625829763428 0.0004875763479828785 0.0007583746009817772
18.95096018216261 0.0008885198619488086 0.00027513982701910563 0.0009301448647870037
18.978666264300276 0.0005397286559662932 0.001132903734715882 0.0012549015476141445
19.006372346437942 -0.00014224501592599857 0.0009470486587431239 0.0009576715546485326
19.034078428575604 0.0004500967997523328 -0.000155788845228195 0.00047629538465622994
19.06178451071327 0.0008782260274778203 0.0022177059297553603 0.0023852673951176963
19.089490592850932 -0.002552542208995107 -0.0003336217819049719 0.0025742523617670178
19.117196674988598 0.0029607243103328728 -0.0013858264992640966 0.0032690065047134196
19.144902757126264 -0.00041489954189140695 0.0032343599388252025 0.0032608627453082207
19.172608839263926 -0.0004470773162544025 -0.0019193207287513153 0.0019707029676041287
19.200314921401592 0.0021629478359709068 0.0017290859511166475 0.0027691301102476546
19.228021003539258 -0.0013807379884139574 0.0010562576903216268 0.0017384239129202633
19.255727085676924 1.4759088137433479e-05 -0.0008435083867393232 0.000843637498681883
19.283433167814586 0.0016570240756250347 -5.098146610622546e-05 0.0016578081605201915
19.31113924995225 0.0004930487648622248 0.0019234921802067163 0.0019856785368857046
19.338845332089914 -0.000545278043304126 0.0002426269485161239 0.0005968215651732284
19.366551414227583 0.00023134755577176026 0.00041939597068727587 0.0004789725167379545
19.394257496365245 0.0002603337079972961 0.00014517595526906374 0.00029807666380967605
19.42196357850291 7.306284382903507e-05 0.000676538804359651 0.0006804725806031953
19.449669660640573 0.0004469344792141838 4.219626690594538e-05 0.00044892199060777974
19.47737574277824 -0.0004168368915540637 0.0013511890903064841 0.0014140243816581518
19.505081824915905 -0.0006759441320655205 -0.0010718214311216249 0.0012671628347948884
19.532787907053567 0.00047894076417753626 9.648139781482686e-05 0.0004885620899284606
19.560493989191233 0.0003199087116671861 -0.0014222102282565679 0.0014577460400077092
19.5882000713289 0.0022475973818865173 0.0006307835101570415 0.0023344339416117915
19.615906153466565 0.0003515943923845262 0.0009431054592786524 0.0010065120585852124
19.643612235604227 0.00025081742305595964 0.0013712714969510544 0.0013940211253990443
19.671318317741893 -0.0009963493642468648 -0.00031805015380022023 0.0010458814253860116
19.699024399879555 0.0009592166241665659 0.00010618373228674899 0.0009650759125995462
19.72673048201722 -0.0007516497896305699 0.000147071591950332 0.0007659030352534744
19.754436564154886 0.0005463874693906537 -0.000960847382547501 0.0011053356771838618
19.78214264629255 0.0008413948048640836 -0.00020927973752400602 0.0008670312717488257
19.809848728430214 0.000657617571740269 -0.0001322642330517457 0.0006707866262876254
19.83755481056788 0.0015732966580425123 -0.00045039172597789696 0.0016364947543567277
19.865260892705546 0.0009076632911788377 0.0019002857251455402 0.0021059293642820766
19.89296697484321 -0.0006248109944243781 -0.0008704787541469868 0.0010715045684339711
19.920673056980874 0.002344967674286244 0.0008104845753057712 0.002481080135798925
19.948379139118536 -0.0011943922201217434 0.0012134190102496153 0.0017026328053701134
19.976085221256202 0.0002423822443205775 -0.0009161116643101586 0.0009476337551222037
20.003791303393868 0.0007288375341653505 -0.0006719741552761706 0.000991339203586417
20.03149738553153 0.001981149968946841 0.0007124750535414164 0.002105368352896213
20.059203467669196 -0.0007289523194216232 0.0007161483409265218 0.0010218805850988528
20.08690954980686 0.0014914630188695786 -0.000585015112889535 0.0016020938233963428
20.114615631944528 -9.279305087086987e-05 0.0013795032556570472 0.0013826206213775043
20.14232171408219 0.00016653143864063446 -0.0009663042421951591 0.0009805491362191291
20.170027796219856 0.0007759538514296853 0.0002750128359912879 0.000823247495901769
20.197733878357518 0.0004737015861765028 -0.0006139183027184743 0.0007754281882668871
20.225439960495184 0.0013026731829308968 -0.00024492048983154667 0.0013254974416673307
20.25314604263285 0.001623291580469499 0.00020494744723064228 0.0016361781722506632
20.28085212477051 0.0009151706063032092 0.00147616299543501 0.0017368345999930579
20.308558206908177 -0.0007307731346234544 0.00039009760570557673 0.0008283752267327972
20.336264289045843 0.00041320407714632077 -0.00133485021828183 0.0013973413021224955
20.36397037118351 0.001874242622402025 -0.0002625674388448161 0.0018925451295992775
20.39167645332117 0.0012026123361088463 0.0002132451834007273 0.0012213721542612581
20.419382535458837 0.001685083108885732 0.0006966878266919483 0.0018234250770768603
20.447088617596503 -0.00012980113586636568 0.0007166904269398372 0.0007283498492753361
20.47479469973417 0.001635976926473154 -0.0013343234967639758 0.0021111228524102977
20.50250078187183 0.0024801248884528844 0.001782577074073096 0.003054275771330158
20.530206864009497 -0.00029248763982666655 0.000927510109830853 0.0009725348442548548
20.55791294614716 0.0016258162330527641 -0.00028627452357611735 0.0016508275277892033
20.585619028284825 0.001371283844608601 0.0015761538200964836 0.0020891817171058346
20.61332511042249 0.00042521828598109524 0.0008299046742437676 0.0009324979137050949
20.641031192560153 0.0006225657458007308 0.0007302533439469374 0.0009596134920842372
20.66873727469782 0.000909866418827174 5.132491950389174e-05 0.0009113128702435115
20.696443356835484 0.001804982471376997 0.0013991447164721038 0.002283761734421964
20.72414943897315 -0.00018222481962967772 0.0015737789691457203 0.0015842935739989717
20.751855521110812 0.0005805056548905139 0.00019509537103634632 0.0006124124583641927
20.779561603248478 0.0006760343563248435 0.0014131757452784622 0.001566552947708721
20.80726768538614 -0.0006433193404149307 0.0004563102409581053 0.0007887197282654629
20.834973767523806 0.0010029788044097342 -0.0009621299877139199 0.001389841931787053
20.862679849661472 0.002339356724477967 0.0011201830097775209 0.002593723165596997
20.890385931799134 0.00040692018242510184 0.0019484735451238359 0.001990510786434559
20.9180920139368 0.00011775282781541881 0.0008399793878403858 0.0008481928439071135
20.945798096074466 0.0005479493171703553 0.0005452905375183986 0.0007730396008579139
20.97350417821213 0.001232933487596169 0.0012372033624505061 0.001746653126666795
21.001210260349794 -0.00019094381490395663 0.001942611613880671 0.0019519732126323205
21.02891634248746 -0.0002825893976706989 0.0006035026840788862 0.0006663874678940986
21.05662242462512 -0.0003110847640561699 0.0009259782502700054 0.0009768364501803685
21.084328506762787 0.0002999814021489652 -0.0006180215989896879 0.0006869785574914473
21.112034588900453 0.001799987507611927 0.002133069685578821 0.0027910466336294576
21.139740671038115 -0.002358630022857798 0.0016969035632864154 0.0029056182281608006
21.16744675317578 4.8419727015511844e-05 -0.0013495833779958637 0.0013504516889274428
21.195152835313447 0.00035687260458683345 0.0008339195360522474 0.0009070721297196745
21.222858917451113 0.00031964324567317163 -0.000311181895496588 0.0004461008592116014
21.250564999588775 0.0004295871085341623 0.0009403631794173129 0.0010338413771089738
21.27827108172644 0.0004979927331285322 -0.00037836959867205196 0.0006254281057388412
21.305977163864107 0.0013634974973523717 0.0020371457089847266 0.0024513441343314213
21.33368324600177 -0.0018593897414183353 0.0012097762424130207 0.002218307635833838
21.361389328139435 -0.00010289386770260177 -0.0010397281053869628 0.0010448070066487703
21.389095410277097 0.0008594417155780878 0.0005963628948836909 0.0010460825803299961
21.416801492414763 -0.0005139254427099727 0.0005334788863518594 0.0007407557511405913
21.44450757455243 0.0005180629690973888 -0.00029763226030805336 0.0005974731812609524
21.472213656690094 4.2792755085139305e-05 0.0010131502059901138 0.0010140535290533664
21.499919738827757 -0.00027958842594417847 -0.0005363831718539749 0.0006048773387804128
21.527625820965422 0.0010896520189804494 0.0001916208665202113 0.001106372486531605
21.555331903103088 0.0005977554370302737 0.0013345751991049048 0.0014623277760355746
21.583037985240754 -0.0016803983755192503 0.0013136185056046217 0.0021329163787440555
21.610744067378416 -0.0007490515947263458 -0.001850387310136578 0.001996249355435478
21.638450149516082 0.0006709039020280333 7.769382498449599e-05 0.0006753875748021741
21.666156231653744 9.887957154306231e-05 -0.0013341591937664264 0.0013378183449108555
21.69386231379141 0.00156572315276885 0.0006610667953251829 0.0016995582658437855
21.721568395929076 -0.0004950973070352961 -0.0005788805348944223 0.0007617243708279621
21.749274478066738 0.002043392106820942 0.0001207736702544267 0.002046958128942762
21.776980560204404 -0.0003548163282609729 0.000803298736000659 0.0008781705335872156
21.80468664234207 0.0008235346057771404 -0.00020700828213707069 0.0008491535054310563
21.832392724479735 3.243022605214696e-05 0.0003204053017627868 0.000322042352741834
21.860098806617398 0.0007507193125556188 -0.0001666956714704214 0.0007690038576827528
21.887804888755063 0.0003219467352141501 -3.9320613602167065e-05 0.0003243390370724761
21.915510970892726 0.001489666715130485 0.00025271465803867245 0.0015109505685346734
21.94321705303039 -0.0003015738986057391 0.0012175492985590528 0.0012543417041388308
21.970923135168057 4.142238558390946e-05 -0.000882643050693197 0.000883614491146708
21.99862921730572 0.001482579490104455 0.00035886358474040606 0.0015253933974326492
22.026335299443385 -0.00034549570657017284 0.001401873417353615 0.0014438200585741722
22.05404138158105 -0.0011282205071165329 -0.0011977730670325907 0.0016454609788101769
22.081747463718717 0.0015243558644013804 -0.0014475175762463076 0.0021021341381740758
22.10945354585638 0.0017393007224792616 -2.408164157105012e-05 0.0017394674267365968
22.137159627994045 0.0014470440264255505 0.0009906750193290988 0.001753674259472545
22.16486571013171 6.145625502072283e-05 0.0006149538892962615 0.0006180171172724675
22.192571792269373 0.0007575954436056058 -0.00011268108698405249 0.0007659294246442568
22.22027787440704 0.0012120325242383424 0.0003252766138408798 0.0012549213980657741
22.2479839565447 0.0004601242239883967 0.0016479180546122032 0.001710949507208729
22.275690038682367 -0.001306745499083832 -0.0005829878539080374 0.0014308943487134724
22.303396120820032 0.0017054926437174898 -0.001433316857188491 0.0022278021390768
22.331102202957698 0.0020279548961425397 0.0003739740984926342 0.002062148803343706
22.35880828509536 0.0015570938554322887 0.001792717267936714 0.0023745265796329728
22.386514367233026 -0.0006498568919672036 0.0008856058036846852 0.0010984587473170174
22.414220449370692 0.0010665132937624532 7.215979402352281e-06 0.0010665377049737961
22.441926531508354 0.0003002460801024135 0.0008712184285858442 0.0009215038029896852
22.46963261364602 0.0008034806499388392 0.0006125331547122963 0.0010103355979316662
22.497338695783682 -0.0004960982545563006 0.0008346295375699291 0.0009709376618290187
22.525044777921348 0.0003118037721232553 -0.00054207294812425 0.0006253516397982872
22.552750860059014 0.00079920832805361 -0.00023404676050152305 0.000832773581312174
22.58045694219668 0.0019322625173086203 0.0005552987356343552 0.0020104713680112333
22.608163024334342 0.00021210290838019966 0.0018330315751422291 0.0018452621491841588
22.635869106472008 -0.0003664207703014755 0.0007527670336149001 0.0008372110772115374
22.663575188609673 -0.0008245347910245697 -0.000575099371983309 0.0010052844917064659
22.69128127074734 0.002240716848414805 -0.0006616902040426157 0.002336374524962968
22.718987352885 9.699929048097967e-05 0.0022149476170691593 0.00221707054662547
22.746693435022667 -0.00027391255209809496 -0.0008391165641926975 0.0008826917324295323
22.77439951716033 0.0011303155209165519 0.0005749785693982565 0.001268153591680488
22.802105599297995 0.00045019753639345797 0.00018186222898373012 0.0004855426779446577
22.82981168143566 0.0007840057067503588 0.0010553720727096852 0.00131471485884684
22.857517763573323 -0.00048803165541284855 0.0004222280120711292 0.0006453304509029021
22.88522384571099 0.0005752286687285019 -0.0003358570419822774 0.0006660990721929057
22.912929927848655 0.0006631642244643884 0.0007967587036019498 0.0010366345645283653
22.94063600998632 -0.0004933124150686559 -0.00013485070785828183 0.0005114116270390707
22.968342092123983 0.001492376545869199 -0.0006325633766307398 0.001620902273462211
22.99604817426165 0.0007207687408458516 0.001037903501997979 0.0012636262332035462
23.02375425639931 0.0009876895865362295 -0.00013588016469261863 0.000996992546867328
23.051460338536977 0.0009967951062331473 0.0017906737651427797 0.0020494177263264243
23.079166420674643 -0.0007001789280740179 0.0003447751261838558 0.0007804616703938602
23.106872502812305 0.0012271103597282166 0.00014545252250002064 0.0012357007207467075
23.13457858494997 8.042335433377077e-05 0.0019526974522141214 0.0019543528995055667
23.162284667087636 -0.0017188906152157267 -3.8277748726837914e-05 0.0017193167634628281
23.189990749225302 0.0007551444714434517 -0.0015761240301994076 0.0017476870804934254
23.217696831362964 0.001287021230365193 0.000537719055784504 0.0013948352699743843
23.24540291350063 0.0008262765449109715 -2.5075739580419354e-05 0.0008266569550820448
23.273108995638296 0.0014378112445282746 0.0018178367952703613 0.0023177212492296747
23.300815077775958 -0.0019867357293907773 0.0011628947907394898 0.002302051943976709
23.328521159913624 0.0003813573600085154 -0.0020919867020909332 0.0021264622728273275
23.356227242051286 0.0017756058780424352 0.0009584473625332833 0.002017770448015793
23.383933324188952 0.00012655645114758676 0.000333535607427341 0.00035673875139798994
23.411639406326618 0.0007334780538452886 0.001296137041512303 0.001489282137760652
23.439345488464284 -0.0012618244794299091 -0.0005050661590930351 0.0013591515154498237
23.467051570601946 0.0025304949109010723 -0.0003495629321180089 0.0025545251491436065
23.49475765273961 -0.0006009651811263347 0.002014919865356948 0.002102631972727579
23.522463734877277 0.0008778644538817251 -0.000946977866016603 0.0012912835002873763
23.55016981701494 0.00016259220872428168 0.0026065766036677974 0.0026116427430117983
23.577875899152605 -0.0016847559501652642 -0.0014035961115658722 0.002192825724041949
23.605581981290268 0.0022013600978865577 -0.0002773009781067989 0.002218756884614919
23.633288063427933 9.737501175657097e-05 0.0013203911720176202 0.0013239768653781896
23.6609941455656 0.00010454480169654271 0.0003001665281411894 0.0003178514750289904
23.688700227703265 -7.55046842054931e-05 0.0006181153876796597 0.0006227098761247867
23.716406309840927 -0.000389167830547197 -0.00013507846948094016 0.0004119439200305366
23.744112391978593 0.0008142340325422886 -4.000492429984041e-05 0.0008152162005985361
23.77181847411626 -0.0008549366964313011 0.0012750634622519111 0.0015351558838354812
23.799524556253925 -0.0011693857853952224 -0.0023085782292879 0.002587855590218754
23.827230638391587 0.002707130001767119 -0.0009721424673266226 0.0028763890250186144
23.854936720529253 0.0005922302671630077 0.0012288394708352603 0.0013641052504944954
23.882642802666915 0.00020271103512378493 -0.00031062050198782295 0.0003709135479004825
23.91034888480458 0.0009760523689217007 -0.00025570642987165815 0.0010089915783371897
23.938054966942246 0.001303527798412871 0.0006454821718839595 0.0014545899612795148
23.96576104907991 -0.0003665436677863382 0.000878046533820437 0.0009514830402841374
23.993467131217574 0.00015524604868565682 -0.0013793456512939013 0.0013880546680069578
24.02117321335524 0.002539430793833258 -0.0002372840285233388 0.0025504925929829467
24.048879295492906 0.0013125239906191877 0.0019410159752125625 0.002343130863178856
24.07658537763057 -0.0002644126767389317 0.0007957335599760574 0.0008385141394707763
24.104291459768234 0.0009450765367534797 0.00031328439565905846 0.0009956489204962825
24.1319975419059 0.0002053514084907695 0.0014530310952880952 0.001467470124003642
24.159703624043562 -0.0003457056633434724 4.3255545111965046e-05 0.0003484012741806257
24.187409706181228 0.0008479117322294595 0.00039578329436122753 0.0009357343222025088
24.21511578831889 -1.411467565545129e-05 0.0008162548984558592 0.0008163769247853858
24.242821870456556 0.00019210322085757894 0.00027656294226351575 0.0003367353686462242
24.27052795259422 -3.196775972120202e-05 0.0003910146245992682 0.0003923192250095567
24.298234034731887 0.0006995620900306967 -0.00013859800631916923 0.0007131595369647419
24.32594011686955 0.0005875853762656162 0.0015666771869149942 0.001673240563218895
24.353646199007216 -0.0013622846669529582 0.00035262176576121264 0.0014071821571863708
24.38135228114488 0.00044964895006353693 -0.0008807412647146062 0.0009888828816722055
24.409058363282544 0.0007056686126242741 0.0007010084975906157 0.0009946763818133614
24.43676444542021 -0.0004914440489514827 0.0004722403639942078 0.0006815630672470517
24.46447052755787 -0.00011423559176299515 -0.0008194825730537891 0.0008274064647827575
24.492176609695537 0.0013120187362413867 -8.627564569156395e-05 0.0013148523306014033
24.519882691833203 0.0003628660564160042 0.0007375449112188955 0.0008219758335643397
24.54758877397087 0.00037243364166537055 0.000615939822111719 0.0007197837744122506
24.57529485610853 -0.000967730066003564 0.0002062128915865563 0.0009894570416666664
24.603000938246197 0.0012045195003577201 -0.0013070401578974026 0.001777419815659339
24.630707020383863 0.0007487831542666161 0.001891894162344955 0.0020346841852308143
24.65841310252153 -0.0011574959357501563 -0.0008193200783184124 0.0014181263103171802
24.68611918465919 0.0018215405382034173 -0.00038808469592821097 0.0018624230624463625
24.713825266796857 0.00033499636373857165 0.0012104131376027099 0.0012559150159940369
24.74153134893452 -0.0002623559549406834 1.9402353118030687e-05 0.0002630724204460716
24.769237431072185 0.001007770477844813 -0.0004171852170292116 0.0010907084126031454
24.79694351320985 0.0008348788111439126 0.0015145928500525162 0.0017294548651893974
24.824649595347513 -0.0006257146245497839 0.00014663826951560616 0.0006426675450511008
24.85235567748518 0.0008505631587192563 0.0006818847599566724 0.001090148848933781
24.880061759622844 -0.0010246663801256944 0.0005699062083313756 0.0011724906297512741
24.90776784176051 0.0005370499954303878 -0.0003070373397509569 0.0006186231692986645
24.935473923898172 -0.0007035284931861326 0.0008534041579682256 0.0011060067800706317
24.963180006035838 -0.00026137702408837927 -0.0014620870579721648 0.0014852664790572087
24.990886088173504 0.0017642881803185734 0.00020625531443489327 0.0017763034757451947
25.018592170311166 -0.0003374296300367024 0.0015816080331559916 0.0016172021289159466
25.046298252448832 -0.0011901118024789379 -0.00038129029503119316 0.001249699320430575
25.074004334586494 -0.00010101961963902518 -0.0009672076513596668 0.0009724688192434223
25.10171041672416 0.0009544549867859477 -0.001089516021725453 0.0014484576222302888
25.129416498861826 0.0011692403996410529 0.0009537891793760101 0.001508919120048365
25.157122580999488 -0.0008281540055011267 -0.0002458334349184024 0.0008638710173118094
25.184828663137154 0.0012518521660345695 -0.00040999222865882985 0.0013172803320349383
25.21253474527482 -0.0003781069309299859 0.00020152519528368444 0.0004284591643919176
25.24024082741248 0.0014358904424135984 -0.0010044862358782772 0.0017523623942220482
25.267946909550147 0.0007003402140186194 0.0013610180337435337 0.0015306359800902238
25.295652991687817 -0.00011146567996828435 -0.0002742251904401675 0.00029601360252991434
25.323359073825475 0.0007117444734013248 0.00017241965337375648 0.0007323310264401308
25.351065155963145 0.000620468847740484 0.00026074927690369556 0.0006730317796524946
25.378771238100803 2.6773398575701428e-05 0.0009137474674778177 0.0009141396223736387
25.406477320238473 -0.0004667536881168212 -0.0004631571116464501 0.0006575511504357186
25.43418340237614 0.0008774998052463105 -0.00037174684209702633 0.0009529961294865916
25.4618894845138 0.0006693094892147332 0.0005425491108050617 0.000861588492256164
25.489595566651467 -0.000249426870647633 0.0004216063242518419 0.0004898628955638713
25.51730164878913 0.0002812160026239634 -0.0008112622180869597 0.0008586203041083846
25.545007730926795 0.001586005729330549 0.0005161363250923692 0.0016678761583370579
25.57271381306446 -0.00028241842884904736 0.0016411448824120692 0.0016652677544529856
25.600419895202123 -0.0013353336035012526 -0.00022488948133610895 0.0013541385126549146
25.62812597733979 0.0002010098357956833 -0.001536474922895906 0.0015495677277145997
25.65583205947745 0.0021136828522772388 -0.00015092894182084317 0.002119064592099543
25.683538141615117 0.0001268843474886268 0.0022907589979276615 0.0022942703468040023
25.711244223752786 -0.0018435782091172457 -0.0010291970405801975 0.00211140407347125
25.738950305890445 0.002487770822213922 -0.0011399238039267504 0.0027364995784062832
25.766656388028114 0.0005797175159260316 0.002826361487075903 0.002885202185965025
25.79436247016578 -0.0020438711191159684 0.000447187945274728 0.002092220401859086
25.822068552303442 -0.0006402049918628437 -0.0011684855111669201 0.001332374129669712
25.849774634441108 0.0005521645859177947 -0.0004584351593175432 0.0007176688130609209
25.87748071657877 -0.00042694465456141745 -9.962690246910605e-05 0.0004384144816884552
25.905186798716436 0.0006492701557537261 -0.0010482679422171414 0.0012330520726362808
25.9328928808541 0.0005085041177478884 0.0006796053889164512 0.0008487873246054274
25.960598962991764 -0.00022480600464793848 -0.00020183569046708022 0.0003021181650813005
25.98830504512943 -0.00038141725846589625 0.0003962632635267527 0.0005500033627865497
26.01601112726709 -0.0008409628426897849 -0.001457793912427077 0.0016829680905751981
26.043717209404758 0.0010734467840426557 -0.0005552245265001109 0.0012085372451847698
26.071423291542423 -0.0006196699645202549 -0.00032421690972669605 0.0006993621876261702
26.099129373680086 0.0003835296166420318 -0.0015866915798703972 0.0016323863318691446
26.12683545581775 0.0011973097877401848 -0.0010129044308792201 0.0015682876374929452
26.154541537955414 0.0013939412418732431 0.00024318202617913025 0.0014149945878524435
26.18224762009308 -0.0003724570861666805 4.185277233531918e-05 0.0003748011947525329
26.20995370223075 0.0007770836779456491 -0.001211458083476185 0.001439267081034416
26.237659784368407 0.0009993548285528804 -3.2996513634078094e-05 0.0009998994165734676
26.265365866506077 0.0005229918774702393 -2.616768315360469e-05 0.0005236461128868171
26.293071948643743 -0.00010596712293415378 -0.00048243760896039714 0.000493938333886293
26.320778030781405 0.0010830188565715431 -0.0012638322891562472 0.0016643923512211455
26.34848411291907 0.0011093621129503182 -0.00018461221604364498 0.0011246181431766695
26.376190195056733 0.0015942755738902756 -0.0005325005590327384 0.001680854381222046
26.4038962771944 0.0009492624956467463 0.001227798250813025 0.0015519625737565365
26.431602359332064 -4.93394621437648e-05 -0.0006765826400806386 0.0006783792828375016
26.459308441469727 0.0016219683218145259 0.00024233934327240507 0.001639972437045065
26.487014523607392 1.3571479385747152e-05 0.00039008736875586705 0.00039032337915578867
26.514720605745055 0.0007165429515538145 -3.227091963674413e-05 0.0007172692755692616
26.54242668788272 -0.0002084377697813603 -0.00012872978932065973 0.0002449850251137175
26.570132770020386 0.001137663650006967 -0.001056848157674054 0.0015528060435631415
26.59783885215805 0.0011817347922456725 0.0005327496069509153 0.00129627129217239
26.625544934295714 0.0001453706577525801 -2.01284866958526e-05 0.0001467575691815686
26.653251016433384 0.0009081861253384086 -0.0008373530568021075 0.0012352984173846517
26.680957098571042 0.0020645405178634293 0.0004312246617394493 0.002109095127961776
26.70866318070871 -6.905978918023097e-05 0.0016852188091403648 0.001686633240856496
26.73636926284637 -0.0007440050087255325 -0.0008805002169126584 0.0011527463229140738
26.76407534498404 0.0011848316462931168 -0.0009031277601061436 0.00148978715967483
26.791781427121705 0.001340835611269528 -0.00041141065597351186 0.0014025330171860782
26.819487509259368 0.0021470971541409233 0.0007665447540781258 0.002279828293824942
26.847193591397033 -0.00019154473419286496 0.0019344007993811173 0.0019438610644393597
26.874899673534696 -0.000824096405124517 -0.0008784803096365415 0.0012045175546077631
26.90260575567236 0.0016849670170867533 -0.0008577182584066115 0.0018907126855961754
26.930311837810027 0.001482708622089336 0.0011613831991644273 0.001883410681003869
26.95801791994769 -0.0002626290753163933 0.0010395869304732875 0.0010722476473335886
26.985724002085355 -9.576321171922022e-05 -0.000389196317601987 0.00040080464861791073
27.013430084223018 0.0007206582887823121 -0.0002846996719933679 0.0007748562914655733
27.041136166360683 0.0011468102094661895 4.751508568084791e-06 0.0011468200527413
27.068842248498353 0.0009451493680483201 0.0010274432803990471 0.0013960469269903837
27.09654833063601 -0.00014771557538110117 0.0009557178137544502 0.0009670658874853129
27.12425441277368 -0.0007662455686606375 -0.00011081168976146162 0.000774216702273888
27.151960494911346 0.001053196532082643 -0.0012669952963817053 0.0016475739789897966
27.17966657704901 0.0014114507001232305 0.0016392831453070648 0.0021632018651448555
27.207372659186674 -0.00135419237954592 0.00020274218224427805 0.001369284993447826
27.235078741324337 0.0011128253997535812 -0.0008200833732272008 0.0013823592548177996
27.262784823462002 0.0003443594935085575 0.0010591293799736016 0.0011137048551087205
27.29049090559967 -0.00030568008091294113 -0.0001825198104535149 0.0003560249893967125
